/*--------------------------------*- C++ -*----------------------------------*\
| =========                 |                                                 |
| \\      /  F ield         | OpenFOAM: The Open Source CFD Toolbox           |
|  \\    /   O peration     | Version:  5.0                                   |
|   \\  /    A nd           | Web:      www.OpenFOAM.org                      |
|    \\/     M anipulation  |                                                 |
\*---------------------------------------------------------------------------*/
FoamFile
{
    version     2.0;
    format      ascii;
    class       vectorField;
    location    "constant/polyMesh";
    object      points;
}
// * * * * * * * * * * * * * * * * * * * * * * * * * * * * * * * * * * * * * //


3362
(
(0 0 0)
(0.0225 0 0)
(0.045 0 0)
(0.0675 0 0)
(0.09 0 0)
(0.1125 0 0)
(0.135 0 0)
(0.1575 0 0)
(0.18 0 0)
(0.2025 0 0)
(0.225 0 0)
(0.2475 0 0)
(0.27 0 0)
(0.2925 0 0)
(0.315 0 0)
(0.3375 0 0)
(0.36 0 0)
(0.3825 0 0)
(0.405 0 0)
(0.4275 0 0)
(0.45 0 0)
(0.4725 0 0)
(0.495 0 0)
(0.5175 0 0)
(0.54 0 0)
(0.5625 0 0)
(0.585 0 0)
(0.6075 0 0)
(0.63 0 0)
(0.6525 0 0)
(0.675 0 0)
(0.6975 0 0)
(0.72 0 0)
(0.7425 0 0)
(0.765 0 0)
(0.7875 0 0)
(0.81 0 0)
(0.8325 0 0)
(0.855 0 0)
(0.8775 0 0)
(0.9 0 0)
(0 0.0225 0)
(0.0225 0.0225 0)
(0.045 0.0225 0)
(0.0675 0.0225 0)
(0.09 0.0225 0)
(0.1125 0.0225 0)
(0.135 0.0225 0)
(0.1575 0.0225 0)
(0.18 0.0225 0)
(0.2025 0.0225 0)
(0.225 0.0225 0)
(0.2475 0.0225 0)
(0.27 0.0225 0)
(0.2925 0.0225 0)
(0.315 0.0225 0)
(0.3375 0.0225 0)
(0.36 0.0225 0)
(0.3825 0.0225 0)
(0.405 0.0225 0)
(0.4275 0.0225 0)
(0.45 0.0225 0)
(0.4725 0.0225 0)
(0.495 0.0225 0)
(0.5175 0.0225 0)
(0.54 0.0225 0)
(0.5625 0.0225 0)
(0.585 0.0225 0)
(0.6075 0.0225 0)
(0.63 0.0225 0)
(0.6525 0.0225 0)
(0.675 0.0225 0)
(0.6975 0.0225 0)
(0.72 0.0225 0)
(0.7425 0.0225 0)
(0.765 0.0225 0)
(0.7875 0.0225 0)
(0.81 0.0225 0)
(0.8325 0.0225 0)
(0.855 0.0225 0)
(0.8775 0.0225 0)
(0.9 0.0225 0)
(0 0.045 0)
(0.0225 0.045 0)
(0.045 0.045 0)
(0.0675 0.045 0)
(0.09 0.045 0)
(0.1125 0.045 0)
(0.135 0.045 0)
(0.1575 0.045 0)
(0.18 0.045 0)
(0.2025 0.045 0)
(0.225 0.045 0)
(0.2475 0.045 0)
(0.27 0.045 0)
(0.2925 0.045 0)
(0.315 0.045 0)
(0.3375 0.045 0)
(0.36 0.045 0)
(0.3825 0.045 0)
(0.405 0.045 0)
(0.4275 0.045 0)
(0.45 0.045 0)
(0.4725 0.045 0)
(0.495 0.045 0)
(0.5175 0.045 0)
(0.54 0.045 0)
(0.5625 0.045 0)
(0.585 0.045 0)
(0.6075 0.045 0)
(0.63 0.045 0)
(0.6525 0.045 0)
(0.675 0.045 0)
(0.6975 0.045 0)
(0.72 0.045 0)
(0.7425 0.045 0)
(0.765 0.045 0)
(0.7875 0.045 0)
(0.81 0.045 0)
(0.8325 0.045 0)
(0.855 0.045 0)
(0.8775 0.045 0)
(0.9 0.045 0)
(0 0.0675 0)
(0.0225 0.0675 0)
(0.045 0.0675 0)
(0.0675 0.0675 0)
(0.09 0.0675 0)
(0.1125 0.0675 0)
(0.135 0.0675 0)
(0.1575 0.0675 0)
(0.18 0.0675 0)
(0.2025 0.0675 0)
(0.225 0.0675 0)
(0.2475 0.0675 0)
(0.27 0.0675 0)
(0.2925 0.0675 0)
(0.315 0.0675 0)
(0.3375 0.0675 0)
(0.36 0.0675 0)
(0.3825 0.0675 0)
(0.405 0.0675 0)
(0.4275 0.0675 0)
(0.45 0.0675 0)
(0.4725 0.0675 0)
(0.495 0.0675 0)
(0.5175 0.0675 0)
(0.54 0.0675 0)
(0.5625 0.0675 0)
(0.585 0.0675 0)
(0.6075 0.0675 0)
(0.63 0.0675 0)
(0.6525 0.0675 0)
(0.675 0.0675 0)
(0.6975 0.0675 0)
(0.72 0.0675 0)
(0.7425 0.0675 0)
(0.765 0.0675 0)
(0.7875 0.0675 0)
(0.81 0.0675 0)
(0.8325 0.0675 0)
(0.855 0.0675 0)
(0.8775 0.0675 0)
(0.9 0.0675 0)
(0 0.09 0)
(0.0225 0.09 0)
(0.045 0.09 0)
(0.0675 0.09 0)
(0.09 0.09 0)
(0.1125 0.09 0)
(0.135 0.09 0)
(0.1575 0.09 0)
(0.18 0.09 0)
(0.2025 0.09 0)
(0.225 0.09 0)
(0.2475 0.09 0)
(0.27 0.09 0)
(0.2925 0.09 0)
(0.315 0.09 0)
(0.3375 0.09 0)
(0.36 0.09 0)
(0.3825 0.09 0)
(0.405 0.09 0)
(0.4275 0.09 0)
(0.45 0.09 0)
(0.4725 0.09 0)
(0.495 0.09 0)
(0.5175 0.09 0)
(0.54 0.09 0)
(0.5625 0.09 0)
(0.585 0.09 0)
(0.6075 0.09 0)
(0.63 0.09 0)
(0.6525 0.09 0)
(0.675 0.09 0)
(0.6975 0.09 0)
(0.72 0.09 0)
(0.7425 0.09 0)
(0.765 0.09 0)
(0.7875 0.09 0)
(0.81 0.09 0)
(0.8325 0.09 0)
(0.855 0.09 0)
(0.8775 0.09 0)
(0.9 0.09 0)
(0 0.1125 0)
(0.0225 0.1125 0)
(0.045 0.1125 0)
(0.0675 0.1125 0)
(0.09 0.1125 0)
(0.1125 0.1125 0)
(0.135 0.1125 0)
(0.1575 0.1125 0)
(0.18 0.1125 0)
(0.2025 0.1125 0)
(0.225 0.1125 0)
(0.2475 0.1125 0)
(0.27 0.1125 0)
(0.2925 0.1125 0)
(0.315 0.1125 0)
(0.3375 0.1125 0)
(0.36 0.1125 0)
(0.3825 0.1125 0)
(0.405 0.1125 0)
(0.4275 0.1125 0)
(0.45 0.1125 0)
(0.4725 0.1125 0)
(0.495 0.1125 0)
(0.5175 0.1125 0)
(0.54 0.1125 0)
(0.5625 0.1125 0)
(0.585 0.1125 0)
(0.6075 0.1125 0)
(0.63 0.1125 0)
(0.6525 0.1125 0)
(0.675 0.1125 0)
(0.6975 0.1125 0)
(0.72 0.1125 0)
(0.7425 0.1125 0)
(0.765 0.1125 0)
(0.7875 0.1125 0)
(0.81 0.1125 0)
(0.8325 0.1125 0)
(0.855 0.1125 0)
(0.8775 0.1125 0)
(0.9 0.1125 0)
(0 0.135 0)
(0.0225 0.135 0)
(0.045 0.135 0)
(0.0675 0.135 0)
(0.09 0.135 0)
(0.1125 0.135 0)
(0.135 0.135 0)
(0.1575 0.135 0)
(0.18 0.135 0)
(0.2025 0.135 0)
(0.225 0.135 0)
(0.2475 0.135 0)
(0.27 0.135 0)
(0.2925 0.135 0)
(0.315 0.135 0)
(0.3375 0.135 0)
(0.36 0.135 0)
(0.3825 0.135 0)
(0.405 0.135 0)
(0.4275 0.135 0)
(0.45 0.135 0)
(0.4725 0.135 0)
(0.495 0.135 0)
(0.5175 0.135 0)
(0.54 0.135 0)
(0.5625 0.135 0)
(0.585 0.135 0)
(0.6075 0.135 0)
(0.63 0.135 0)
(0.6525 0.135 0)
(0.675 0.135 0)
(0.6975 0.135 0)
(0.72 0.135 0)
(0.7425 0.135 0)
(0.765 0.135 0)
(0.7875 0.135 0)
(0.81 0.135 0)
(0.8325 0.135 0)
(0.855 0.135 0)
(0.8775 0.135 0)
(0.9 0.135 0)
(0 0.1575 0)
(0.0225 0.1575 0)
(0.045 0.1575 0)
(0.0675 0.1575 0)
(0.09 0.1575 0)
(0.1125 0.1575 0)
(0.135 0.1575 0)
(0.1575 0.1575 0)
(0.18 0.1575 0)
(0.2025 0.1575 0)
(0.225 0.1575 0)
(0.2475 0.1575 0)
(0.27 0.1575 0)
(0.2925 0.1575 0)
(0.315 0.1575 0)
(0.3375 0.1575 0)
(0.36 0.1575 0)
(0.3825 0.1575 0)
(0.405 0.1575 0)
(0.4275 0.1575 0)
(0.45 0.1575 0)
(0.4725 0.1575 0)
(0.495 0.1575 0)
(0.5175 0.1575 0)
(0.54 0.1575 0)
(0.5625 0.1575 0)
(0.585 0.1575 0)
(0.6075 0.1575 0)
(0.63 0.1575 0)
(0.6525 0.1575 0)
(0.675 0.1575 0)
(0.6975 0.1575 0)
(0.72 0.1575 0)
(0.7425 0.1575 0)
(0.765 0.1575 0)
(0.7875 0.1575 0)
(0.81 0.1575 0)
(0.8325 0.1575 0)
(0.855 0.1575 0)
(0.8775 0.1575 0)
(0.9 0.1575 0)
(0 0.18 0)
(0.0225 0.18 0)
(0.045 0.18 0)
(0.0675 0.18 0)
(0.09 0.18 0)
(0.1125 0.18 0)
(0.135 0.18 0)
(0.1575 0.18 0)
(0.18 0.18 0)
(0.2025 0.18 0)
(0.225 0.18 0)
(0.2475 0.18 0)
(0.27 0.18 0)
(0.2925 0.18 0)
(0.315 0.18 0)
(0.3375 0.18 0)
(0.36 0.18 0)
(0.3825 0.18 0)
(0.405 0.18 0)
(0.4275 0.18 0)
(0.45 0.18 0)
(0.4725 0.18 0)
(0.495 0.18 0)
(0.5175 0.18 0)
(0.54 0.18 0)
(0.5625 0.18 0)
(0.585 0.18 0)
(0.6075 0.18 0)
(0.63 0.18 0)
(0.6525 0.18 0)
(0.675 0.18 0)
(0.6975 0.18 0)
(0.72 0.18 0)
(0.7425 0.18 0)
(0.765 0.18 0)
(0.7875 0.18 0)
(0.81 0.18 0)
(0.8325 0.18 0)
(0.855 0.18 0)
(0.8775 0.18 0)
(0.9 0.18 0)
(0 0.2025 0)
(0.0225 0.2025 0)
(0.045 0.2025 0)
(0.0675 0.2025 0)
(0.09 0.2025 0)
(0.1125 0.2025 0)
(0.135 0.2025 0)
(0.1575 0.2025 0)
(0.18 0.2025 0)
(0.2025 0.2025 0)
(0.225 0.2025 0)
(0.2475 0.2025 0)
(0.27 0.2025 0)
(0.2925 0.2025 0)
(0.315 0.2025 0)
(0.3375 0.2025 0)
(0.36 0.2025 0)
(0.3825 0.2025 0)
(0.405 0.2025 0)
(0.4275 0.2025 0)
(0.45 0.2025 0)
(0.4725 0.2025 0)
(0.495 0.2025 0)
(0.5175 0.2025 0)
(0.54 0.2025 0)
(0.5625 0.2025 0)
(0.585 0.2025 0)
(0.6075 0.2025 0)
(0.63 0.2025 0)
(0.6525 0.2025 0)
(0.675 0.2025 0)
(0.6975 0.2025 0)
(0.72 0.2025 0)
(0.7425 0.2025 0)
(0.765 0.2025 0)
(0.7875 0.2025 0)
(0.81 0.2025 0)
(0.8325 0.2025 0)
(0.855 0.2025 0)
(0.8775 0.2025 0)
(0.9 0.2025 0)
(0 0.225 0)
(0.0225 0.225 0)
(0.045 0.225 0)
(0.0675 0.225 0)
(0.09 0.225 0)
(0.1125 0.225 0)
(0.135 0.225 0)
(0.1575 0.225 0)
(0.18 0.225 0)
(0.2025 0.225 0)
(0.225 0.225 0)
(0.2475 0.225 0)
(0.27 0.225 0)
(0.2925 0.225 0)
(0.315 0.225 0)
(0.3375 0.225 0)
(0.36 0.225 0)
(0.3825 0.225 0)
(0.405 0.225 0)
(0.4275 0.225 0)
(0.45 0.225 0)
(0.4725 0.225 0)
(0.495 0.225 0)
(0.5175 0.225 0)
(0.54 0.225 0)
(0.5625 0.225 0)
(0.585 0.225 0)
(0.6075 0.225 0)
(0.63 0.225 0)
(0.6525 0.225 0)
(0.675 0.225 0)
(0.6975 0.225 0)
(0.72 0.225 0)
(0.7425 0.225 0)
(0.765 0.225 0)
(0.7875 0.225 0)
(0.81 0.225 0)
(0.8325 0.225 0)
(0.855 0.225 0)
(0.8775 0.225 0)
(0.9 0.225 0)
(0 0.2475 0)
(0.0225 0.2475 0)
(0.045 0.2475 0)
(0.0675 0.2475 0)
(0.09 0.2475 0)
(0.1125 0.2475 0)
(0.135 0.2475 0)
(0.1575 0.2475 0)
(0.18 0.2475 0)
(0.2025 0.2475 0)
(0.225 0.2475 0)
(0.2475 0.2475 0)
(0.27 0.2475 0)
(0.2925 0.2475 0)
(0.315 0.2475 0)
(0.3375 0.2475 0)
(0.36 0.2475 0)
(0.3825 0.2475 0)
(0.405 0.2475 0)
(0.4275 0.2475 0)
(0.45 0.2475 0)
(0.4725 0.2475 0)
(0.495 0.2475 0)
(0.5175 0.2475 0)
(0.54 0.2475 0)
(0.5625 0.2475 0)
(0.585 0.2475 0)
(0.6075 0.2475 0)
(0.63 0.2475 0)
(0.6525 0.2475 0)
(0.675 0.2475 0)
(0.6975 0.2475 0)
(0.72 0.2475 0)
(0.7425 0.2475 0)
(0.765 0.2475 0)
(0.7875 0.2475 0)
(0.81 0.2475 0)
(0.8325 0.2475 0)
(0.855 0.2475 0)
(0.8775 0.2475 0)
(0.9 0.2475 0)
(0 0.27 0)
(0.0225 0.27 0)
(0.045 0.27 0)
(0.0675 0.27 0)
(0.09 0.27 0)
(0.1125 0.27 0)
(0.135 0.27 0)
(0.1575 0.27 0)
(0.18 0.27 0)
(0.2025 0.27 0)
(0.225 0.27 0)
(0.2475 0.27 0)
(0.27 0.27 0)
(0.2925 0.27 0)
(0.315 0.27 0)
(0.3375 0.27 0)
(0.36 0.27 0)
(0.3825 0.27 0)
(0.405 0.27 0)
(0.4275 0.27 0)
(0.45 0.27 0)
(0.4725 0.27 0)
(0.495 0.27 0)
(0.5175 0.27 0)
(0.54 0.27 0)
(0.5625 0.27 0)
(0.585 0.27 0)
(0.6075 0.27 0)
(0.63 0.27 0)
(0.6525 0.27 0)
(0.675 0.27 0)
(0.6975 0.27 0)
(0.72 0.27 0)
(0.7425 0.27 0)
(0.765 0.27 0)
(0.7875 0.27 0)
(0.81 0.27 0)
(0.8325 0.27 0)
(0.855 0.27 0)
(0.8775 0.27 0)
(0.9 0.27 0)
(0 0.2925 0)
(0.0225 0.2925 0)
(0.045 0.2925 0)
(0.0675 0.2925 0)
(0.09 0.2925 0)
(0.1125 0.2925 0)
(0.135 0.2925 0)
(0.1575 0.2925 0)
(0.18 0.2925 0)
(0.2025 0.2925 0)
(0.225 0.2925 0)
(0.2475 0.2925 0)
(0.27 0.2925 0)
(0.2925 0.2925 0)
(0.315 0.2925 0)
(0.3375 0.2925 0)
(0.36 0.2925 0)
(0.3825 0.2925 0)
(0.405 0.2925 0)
(0.4275 0.2925 0)
(0.45 0.2925 0)
(0.4725 0.2925 0)
(0.495 0.2925 0)
(0.5175 0.2925 0)
(0.54 0.2925 0)
(0.5625 0.2925 0)
(0.585 0.2925 0)
(0.6075 0.2925 0)
(0.63 0.2925 0)
(0.6525 0.2925 0)
(0.675 0.2925 0)
(0.6975 0.2925 0)
(0.72 0.2925 0)
(0.7425 0.2925 0)
(0.765 0.2925 0)
(0.7875 0.2925 0)
(0.81 0.2925 0)
(0.8325 0.2925 0)
(0.855 0.2925 0)
(0.8775 0.2925 0)
(0.9 0.2925 0)
(0 0.315 0)
(0.0225 0.315 0)
(0.045 0.315 0)
(0.0675 0.315 0)
(0.09 0.315 0)
(0.1125 0.315 0)
(0.135 0.315 0)
(0.1575 0.315 0)
(0.18 0.315 0)
(0.2025 0.315 0)
(0.225 0.315 0)
(0.2475 0.315 0)
(0.27 0.315 0)
(0.2925 0.315 0)
(0.315 0.315 0)
(0.3375 0.315 0)
(0.36 0.315 0)
(0.3825 0.315 0)
(0.405 0.315 0)
(0.4275 0.315 0)
(0.45 0.315 0)
(0.4725 0.315 0)
(0.495 0.315 0)
(0.5175 0.315 0)
(0.54 0.315 0)
(0.5625 0.315 0)
(0.585 0.315 0)
(0.6075 0.315 0)
(0.63 0.315 0)
(0.6525 0.315 0)
(0.675 0.315 0)
(0.6975 0.315 0)
(0.72 0.315 0)
(0.7425 0.315 0)
(0.765 0.315 0)
(0.7875 0.315 0)
(0.81 0.315 0)
(0.8325 0.315 0)
(0.855 0.315 0)
(0.8775 0.315 0)
(0.9 0.315 0)
(0 0.3375 0)
(0.0225 0.3375 0)
(0.045 0.3375 0)
(0.0675 0.3375 0)
(0.09 0.3375 0)
(0.1125 0.3375 0)
(0.135 0.3375 0)
(0.1575 0.3375 0)
(0.18 0.3375 0)
(0.2025 0.3375 0)
(0.225 0.3375 0)
(0.2475 0.3375 0)
(0.27 0.3375 0)
(0.2925 0.3375 0)
(0.315 0.3375 0)
(0.3375 0.3375 0)
(0.36 0.3375 0)
(0.3825 0.3375 0)
(0.405 0.3375 0)
(0.4275 0.3375 0)
(0.45 0.3375 0)
(0.4725 0.3375 0)
(0.495 0.3375 0)
(0.5175 0.3375 0)
(0.54 0.3375 0)
(0.5625 0.3375 0)
(0.585 0.3375 0)
(0.6075 0.3375 0)
(0.63 0.3375 0)
(0.6525 0.3375 0)
(0.675 0.3375 0)
(0.6975 0.3375 0)
(0.72 0.3375 0)
(0.7425 0.3375 0)
(0.765 0.3375 0)
(0.7875 0.3375 0)
(0.81 0.3375 0)
(0.8325 0.3375 0)
(0.855 0.3375 0)
(0.8775 0.3375 0)
(0.9 0.3375 0)
(0 0.36 0)
(0.0225 0.36 0)
(0.045 0.36 0)
(0.0675 0.36 0)
(0.09 0.36 0)
(0.1125 0.36 0)
(0.135 0.36 0)
(0.1575 0.36 0)
(0.18 0.36 0)
(0.2025 0.36 0)
(0.225 0.36 0)
(0.2475 0.36 0)
(0.27 0.36 0)
(0.2925 0.36 0)
(0.315 0.36 0)
(0.3375 0.36 0)
(0.36 0.36 0)
(0.3825 0.36 0)
(0.405 0.36 0)
(0.4275 0.36 0)
(0.45 0.36 0)
(0.4725 0.36 0)
(0.495 0.36 0)
(0.5175 0.36 0)
(0.54 0.36 0)
(0.5625 0.36 0)
(0.585 0.36 0)
(0.6075 0.36 0)
(0.63 0.36 0)
(0.6525 0.36 0)
(0.675 0.36 0)
(0.6975 0.36 0)
(0.72 0.36 0)
(0.7425 0.36 0)
(0.765 0.36 0)
(0.7875 0.36 0)
(0.81 0.36 0)
(0.8325 0.36 0)
(0.855 0.36 0)
(0.8775 0.36 0)
(0.9 0.36 0)
(0 0.3825 0)
(0.0225 0.3825 0)
(0.045 0.3825 0)
(0.0675 0.3825 0)
(0.09 0.3825 0)
(0.1125 0.3825 0)
(0.135 0.3825 0)
(0.1575 0.3825 0)
(0.18 0.3825 0)
(0.2025 0.3825 0)
(0.225 0.3825 0)
(0.2475 0.3825 0)
(0.27 0.3825 0)
(0.2925 0.3825 0)
(0.315 0.3825 0)
(0.3375 0.3825 0)
(0.36 0.3825 0)
(0.3825 0.3825 0)
(0.405 0.3825 0)
(0.4275 0.3825 0)
(0.45 0.3825 0)
(0.4725 0.3825 0)
(0.495 0.3825 0)
(0.5175 0.3825 0)
(0.54 0.3825 0)
(0.5625 0.3825 0)
(0.585 0.3825 0)
(0.6075 0.3825 0)
(0.63 0.3825 0)
(0.6525 0.3825 0)
(0.675 0.3825 0)
(0.6975 0.3825 0)
(0.72 0.3825 0)
(0.7425 0.3825 0)
(0.765 0.3825 0)
(0.7875 0.3825 0)
(0.81 0.3825 0)
(0.8325 0.3825 0)
(0.855 0.3825 0)
(0.8775 0.3825 0)
(0.9 0.3825 0)
(0 0.405 0)
(0.0225 0.405 0)
(0.045 0.405 0)
(0.0675 0.405 0)
(0.09 0.405 0)
(0.1125 0.405 0)
(0.135 0.405 0)
(0.1575 0.405 0)
(0.18 0.405 0)
(0.2025 0.405 0)
(0.225 0.405 0)
(0.2475 0.405 0)
(0.27 0.405 0)
(0.2925 0.405 0)
(0.315 0.405 0)
(0.3375 0.405 0)
(0.36 0.405 0)
(0.3825 0.405 0)
(0.405 0.405 0)
(0.4275 0.405 0)
(0.45 0.405 0)
(0.4725 0.405 0)
(0.495 0.405 0)
(0.5175 0.405 0)
(0.54 0.405 0)
(0.5625 0.405 0)
(0.585 0.405 0)
(0.6075 0.405 0)
(0.63 0.405 0)
(0.6525 0.405 0)
(0.675 0.405 0)
(0.6975 0.405 0)
(0.72 0.405 0)
(0.7425 0.405 0)
(0.765 0.405 0)
(0.7875 0.405 0)
(0.81 0.405 0)
(0.8325 0.405 0)
(0.855 0.405 0)
(0.8775 0.405 0)
(0.9 0.405 0)
(0 0.4275 0)
(0.0225 0.4275 0)
(0.045 0.4275 0)
(0.0675 0.4275 0)
(0.09 0.4275 0)
(0.1125 0.4275 0)
(0.135 0.4275 0)
(0.1575 0.4275 0)
(0.18 0.4275 0)
(0.2025 0.4275 0)
(0.225 0.4275 0)
(0.2475 0.4275 0)
(0.27 0.4275 0)
(0.2925 0.4275 0)
(0.315 0.4275 0)
(0.3375 0.4275 0)
(0.36 0.4275 0)
(0.3825 0.4275 0)
(0.405 0.4275 0)
(0.4275 0.4275 0)
(0.45 0.4275 0)
(0.4725 0.4275 0)
(0.495 0.4275 0)
(0.5175 0.4275 0)
(0.54 0.4275 0)
(0.5625 0.4275 0)
(0.585 0.4275 0)
(0.6075 0.4275 0)
(0.63 0.4275 0)
(0.6525 0.4275 0)
(0.675 0.4275 0)
(0.6975 0.4275 0)
(0.72 0.4275 0)
(0.7425 0.4275 0)
(0.765 0.4275 0)
(0.7875 0.4275 0)
(0.81 0.4275 0)
(0.8325 0.4275 0)
(0.855 0.4275 0)
(0.8775 0.4275 0)
(0.9 0.4275 0)
(0 0.45 0)
(0.0225 0.45 0)
(0.045 0.45 0)
(0.0675 0.45 0)
(0.09 0.45 0)
(0.1125 0.45 0)
(0.135 0.45 0)
(0.1575 0.45 0)
(0.18 0.45 0)
(0.2025 0.45 0)
(0.225 0.45 0)
(0.2475 0.45 0)
(0.27 0.45 0)
(0.2925 0.45 0)
(0.315 0.45 0)
(0.3375 0.45 0)
(0.36 0.45 0)
(0.3825 0.45 0)
(0.405 0.45 0)
(0.4275 0.45 0)
(0.45 0.45 0)
(0.4725 0.45 0)
(0.495 0.45 0)
(0.5175 0.45 0)
(0.54 0.45 0)
(0.5625 0.45 0)
(0.585 0.45 0)
(0.6075 0.45 0)
(0.63 0.45 0)
(0.6525 0.45 0)
(0.675 0.45 0)
(0.6975 0.45 0)
(0.72 0.45 0)
(0.7425 0.45 0)
(0.765 0.45 0)
(0.7875 0.45 0)
(0.81 0.45 0)
(0.8325 0.45 0)
(0.855 0.45 0)
(0.8775 0.45 0)
(0.9 0.45 0)
(0 0.4725 0)
(0.0225 0.4725 0)
(0.045 0.4725 0)
(0.0675 0.4725 0)
(0.09 0.4725 0)
(0.1125 0.4725 0)
(0.135 0.4725 0)
(0.1575 0.4725 0)
(0.18 0.4725 0)
(0.2025 0.4725 0)
(0.225 0.4725 0)
(0.2475 0.4725 0)
(0.27 0.4725 0)
(0.2925 0.4725 0)
(0.315 0.4725 0)
(0.3375 0.4725 0)
(0.36 0.4725 0)
(0.3825 0.4725 0)
(0.405 0.4725 0)
(0.4275 0.4725 0)
(0.45 0.4725 0)
(0.4725 0.4725 0)
(0.495 0.4725 0)
(0.5175 0.4725 0)
(0.54 0.4725 0)
(0.5625 0.4725 0)
(0.585 0.4725 0)
(0.6075 0.4725 0)
(0.63 0.4725 0)
(0.6525 0.4725 0)
(0.675 0.4725 0)
(0.6975 0.4725 0)
(0.72 0.4725 0)
(0.7425 0.4725 0)
(0.765 0.4725 0)
(0.7875 0.4725 0)
(0.81 0.4725 0)
(0.8325 0.4725 0)
(0.855 0.4725 0)
(0.8775 0.4725 0)
(0.9 0.4725 0)
(0 0.495 0)
(0.0225 0.495 0)
(0.045 0.495 0)
(0.0675 0.495 0)
(0.09 0.495 0)
(0.1125 0.495 0)
(0.135 0.495 0)
(0.1575 0.495 0)
(0.18 0.495 0)
(0.2025 0.495 0)
(0.225 0.495 0)
(0.2475 0.495 0)
(0.27 0.495 0)
(0.2925 0.495 0)
(0.315 0.495 0)
(0.3375 0.495 0)
(0.36 0.495 0)
(0.3825 0.495 0)
(0.405 0.495 0)
(0.4275 0.495 0)
(0.45 0.495 0)
(0.4725 0.495 0)
(0.495 0.495 0)
(0.5175 0.495 0)
(0.54 0.495 0)
(0.5625 0.495 0)
(0.585 0.495 0)
(0.6075 0.495 0)
(0.63 0.495 0)
(0.6525 0.495 0)
(0.675 0.495 0)
(0.6975 0.495 0)
(0.72 0.495 0)
(0.7425 0.495 0)
(0.765 0.495 0)
(0.7875 0.495 0)
(0.81 0.495 0)
(0.8325 0.495 0)
(0.855 0.495 0)
(0.8775 0.495 0)
(0.9 0.495 0)
(0 0.5175 0)
(0.0225 0.5175 0)
(0.045 0.5175 0)
(0.0675 0.5175 0)
(0.09 0.5175 0)
(0.1125 0.5175 0)
(0.135 0.5175 0)
(0.1575 0.5175 0)
(0.18 0.5175 0)
(0.2025 0.5175 0)
(0.225 0.5175 0)
(0.2475 0.5175 0)
(0.27 0.5175 0)
(0.2925 0.5175 0)
(0.315 0.5175 0)
(0.3375 0.5175 0)
(0.36 0.5175 0)
(0.3825 0.5175 0)
(0.405 0.5175 0)
(0.4275 0.5175 0)
(0.45 0.5175 0)
(0.4725 0.5175 0)
(0.495 0.5175 0)
(0.5175 0.5175 0)
(0.54 0.5175 0)
(0.5625 0.5175 0)
(0.585 0.5175 0)
(0.6075 0.5175 0)
(0.63 0.5175 0)
(0.6525 0.5175 0)
(0.675 0.5175 0)
(0.6975 0.5175 0)
(0.72 0.5175 0)
(0.7425 0.5175 0)
(0.765 0.5175 0)
(0.7875 0.5175 0)
(0.81 0.5175 0)
(0.8325 0.5175 0)
(0.855 0.5175 0)
(0.8775 0.5175 0)
(0.9 0.5175 0)
(0 0.54 0)
(0.0225 0.54 0)
(0.045 0.54 0)
(0.0675 0.54 0)
(0.09 0.54 0)
(0.1125 0.54 0)
(0.135 0.54 0)
(0.1575 0.54 0)
(0.18 0.54 0)
(0.2025 0.54 0)
(0.225 0.54 0)
(0.2475 0.54 0)
(0.27 0.54 0)
(0.2925 0.54 0)
(0.315 0.54 0)
(0.3375 0.54 0)
(0.36 0.54 0)
(0.3825 0.54 0)
(0.405 0.54 0)
(0.4275 0.54 0)
(0.45 0.54 0)
(0.4725 0.54 0)
(0.495 0.54 0)
(0.5175 0.54 0)
(0.54 0.54 0)
(0.5625 0.54 0)
(0.585 0.54 0)
(0.6075 0.54 0)
(0.63 0.54 0)
(0.6525 0.54 0)
(0.675 0.54 0)
(0.6975 0.54 0)
(0.72 0.54 0)
(0.7425 0.54 0)
(0.765 0.54 0)
(0.7875 0.54 0)
(0.81 0.54 0)
(0.8325 0.54 0)
(0.855 0.54 0)
(0.8775 0.54 0)
(0.9 0.54 0)
(0 0.5625 0)
(0.0225 0.5625 0)
(0.045 0.5625 0)
(0.0675 0.5625 0)
(0.09 0.5625 0)
(0.1125 0.5625 0)
(0.135 0.5625 0)
(0.1575 0.5625 0)
(0.18 0.5625 0)
(0.2025 0.5625 0)
(0.225 0.5625 0)
(0.2475 0.5625 0)
(0.27 0.5625 0)
(0.2925 0.5625 0)
(0.315 0.5625 0)
(0.3375 0.5625 0)
(0.36 0.5625 0)
(0.3825 0.5625 0)
(0.405 0.5625 0)
(0.4275 0.5625 0)
(0.45 0.5625 0)
(0.4725 0.5625 0)
(0.495 0.5625 0)
(0.5175 0.5625 0)
(0.54 0.5625 0)
(0.5625 0.5625 0)
(0.585 0.5625 0)
(0.6075 0.5625 0)
(0.63 0.5625 0)
(0.6525 0.5625 0)
(0.675 0.5625 0)
(0.6975 0.5625 0)
(0.72 0.5625 0)
(0.7425 0.5625 0)
(0.765 0.5625 0)
(0.7875 0.5625 0)
(0.81 0.5625 0)
(0.8325 0.5625 0)
(0.855 0.5625 0)
(0.8775 0.5625 0)
(0.9 0.5625 0)
(0 0.585 0)
(0.0225 0.585 0)
(0.045 0.585 0)
(0.0675 0.585 0)
(0.09 0.585 0)
(0.1125 0.585 0)
(0.135 0.585 0)
(0.1575 0.585 0)
(0.18 0.585 0)
(0.2025 0.585 0)
(0.225 0.585 0)
(0.2475 0.585 0)
(0.27 0.585 0)
(0.2925 0.585 0)
(0.315 0.585 0)
(0.3375 0.585 0)
(0.36 0.585 0)
(0.3825 0.585 0)
(0.405 0.585 0)
(0.4275 0.585 0)
(0.45 0.585 0)
(0.4725 0.585 0)
(0.495 0.585 0)
(0.5175 0.585 0)
(0.54 0.585 0)
(0.5625 0.585 0)
(0.585 0.585 0)
(0.6075 0.585 0)
(0.63 0.585 0)
(0.6525 0.585 0)
(0.675 0.585 0)
(0.6975 0.585 0)
(0.72 0.585 0)
(0.7425 0.585 0)
(0.765 0.585 0)
(0.7875 0.585 0)
(0.81 0.585 0)
(0.8325 0.585 0)
(0.855 0.585 0)
(0.8775 0.585 0)
(0.9 0.585 0)
(0 0.6075 0)
(0.0225 0.6075 0)
(0.045 0.6075 0)
(0.0675 0.6075 0)
(0.09 0.6075 0)
(0.1125 0.6075 0)
(0.135 0.6075 0)
(0.1575 0.6075 0)
(0.18 0.6075 0)
(0.2025 0.6075 0)
(0.225 0.6075 0)
(0.2475 0.6075 0)
(0.27 0.6075 0)
(0.2925 0.6075 0)
(0.315 0.6075 0)
(0.3375 0.6075 0)
(0.36 0.6075 0)
(0.3825 0.6075 0)
(0.405 0.6075 0)
(0.4275 0.6075 0)
(0.45 0.6075 0)
(0.4725 0.6075 0)
(0.495 0.6075 0)
(0.5175 0.6075 0)
(0.54 0.6075 0)
(0.5625 0.6075 0)
(0.585 0.6075 0)
(0.6075 0.6075 0)
(0.63 0.6075 0)
(0.6525 0.6075 0)
(0.675 0.6075 0)
(0.6975 0.6075 0)
(0.72 0.6075 0)
(0.7425 0.6075 0)
(0.765 0.6075 0)
(0.7875 0.6075 0)
(0.81 0.6075 0)
(0.8325 0.6075 0)
(0.855 0.6075 0)
(0.8775 0.6075 0)
(0.9 0.6075 0)
(0 0.63 0)
(0.0225 0.63 0)
(0.045 0.63 0)
(0.0675 0.63 0)
(0.09 0.63 0)
(0.1125 0.63 0)
(0.135 0.63 0)
(0.1575 0.63 0)
(0.18 0.63 0)
(0.2025 0.63 0)
(0.225 0.63 0)
(0.2475 0.63 0)
(0.27 0.63 0)
(0.2925 0.63 0)
(0.315 0.63 0)
(0.3375 0.63 0)
(0.36 0.63 0)
(0.3825 0.63 0)
(0.405 0.63 0)
(0.4275 0.63 0)
(0.45 0.63 0)
(0.4725 0.63 0)
(0.495 0.63 0)
(0.5175 0.63 0)
(0.54 0.63 0)
(0.5625 0.63 0)
(0.585 0.63 0)
(0.6075 0.63 0)
(0.63 0.63 0)
(0.6525 0.63 0)
(0.675 0.63 0)
(0.6975 0.63 0)
(0.72 0.63 0)
(0.7425 0.63 0)
(0.765 0.63 0)
(0.7875 0.63 0)
(0.81 0.63 0)
(0.8325 0.63 0)
(0.855 0.63 0)
(0.8775 0.63 0)
(0.9 0.63 0)
(0 0.6525 0)
(0.0225 0.6525 0)
(0.045 0.6525 0)
(0.0675 0.6525 0)
(0.09 0.6525 0)
(0.1125 0.6525 0)
(0.135 0.6525 0)
(0.1575 0.6525 0)
(0.18 0.6525 0)
(0.2025 0.6525 0)
(0.225 0.6525 0)
(0.2475 0.6525 0)
(0.27 0.6525 0)
(0.2925 0.6525 0)
(0.315 0.6525 0)
(0.3375 0.6525 0)
(0.36 0.6525 0)
(0.3825 0.6525 0)
(0.405 0.6525 0)
(0.4275 0.6525 0)
(0.45 0.6525 0)
(0.4725 0.6525 0)
(0.495 0.6525 0)
(0.5175 0.6525 0)
(0.54 0.6525 0)
(0.5625 0.6525 0)
(0.585 0.6525 0)
(0.6075 0.6525 0)
(0.63 0.6525 0)
(0.6525 0.6525 0)
(0.675 0.6525 0)
(0.6975 0.6525 0)
(0.72 0.6525 0)
(0.7425 0.6525 0)
(0.765 0.6525 0)
(0.7875 0.6525 0)
(0.81 0.6525 0)
(0.8325 0.6525 0)
(0.855 0.6525 0)
(0.8775 0.6525 0)
(0.9 0.6525 0)
(0 0.675 0)
(0.0225 0.675 0)
(0.045 0.675 0)
(0.0675 0.675 0)
(0.09 0.675 0)
(0.1125 0.675 0)
(0.135 0.675 0)
(0.1575 0.675 0)
(0.18 0.675 0)
(0.2025 0.675 0)
(0.225 0.675 0)
(0.2475 0.675 0)
(0.27 0.675 0)
(0.2925 0.675 0)
(0.315 0.675 0)
(0.3375 0.675 0)
(0.36 0.675 0)
(0.3825 0.675 0)
(0.405 0.675 0)
(0.4275 0.675 0)
(0.45 0.675 0)
(0.4725 0.675 0)
(0.495 0.675 0)
(0.5175 0.675 0)
(0.54 0.675 0)
(0.5625 0.675 0)
(0.585 0.675 0)
(0.6075 0.675 0)
(0.63 0.675 0)
(0.6525 0.675 0)
(0.675 0.675 0)
(0.6975 0.675 0)
(0.72 0.675 0)
(0.7425 0.675 0)
(0.765 0.675 0)
(0.7875 0.675 0)
(0.81 0.675 0)
(0.8325 0.675 0)
(0.855 0.675 0)
(0.8775 0.675 0)
(0.9 0.675 0)
(0 0.6975 0)
(0.0225 0.6975 0)
(0.045 0.6975 0)
(0.0675 0.6975 0)
(0.09 0.6975 0)
(0.1125 0.6975 0)
(0.135 0.6975 0)
(0.1575 0.6975 0)
(0.18 0.6975 0)
(0.2025 0.6975 0)
(0.225 0.6975 0)
(0.2475 0.6975 0)
(0.27 0.6975 0)
(0.2925 0.6975 0)
(0.315 0.6975 0)
(0.3375 0.6975 0)
(0.36 0.6975 0)
(0.3825 0.6975 0)
(0.405 0.6975 0)
(0.4275 0.6975 0)
(0.45 0.6975 0)
(0.4725 0.6975 0)
(0.495 0.6975 0)
(0.5175 0.6975 0)
(0.54 0.6975 0)
(0.5625 0.6975 0)
(0.585 0.6975 0)
(0.6075 0.6975 0)
(0.63 0.6975 0)
(0.6525 0.6975 0)
(0.675 0.6975 0)
(0.6975 0.6975 0)
(0.72 0.6975 0)
(0.7425 0.6975 0)
(0.765 0.6975 0)
(0.7875 0.6975 0)
(0.81 0.6975 0)
(0.8325 0.6975 0)
(0.855 0.6975 0)
(0.8775 0.6975 0)
(0.9 0.6975 0)
(0 0.72 0)
(0.0225 0.72 0)
(0.045 0.72 0)
(0.0675 0.72 0)
(0.09 0.72 0)
(0.1125 0.72 0)
(0.135 0.72 0)
(0.1575 0.72 0)
(0.18 0.72 0)
(0.2025 0.72 0)
(0.225 0.72 0)
(0.2475 0.72 0)
(0.27 0.72 0)
(0.2925 0.72 0)
(0.315 0.72 0)
(0.3375 0.72 0)
(0.36 0.72 0)
(0.3825 0.72 0)
(0.405 0.72 0)
(0.4275 0.72 0)
(0.45 0.72 0)
(0.4725 0.72 0)
(0.495 0.72 0)
(0.5175 0.72 0)
(0.54 0.72 0)
(0.5625 0.72 0)
(0.585 0.72 0)
(0.6075 0.72 0)
(0.63 0.72 0)
(0.6525 0.72 0)
(0.675 0.72 0)
(0.6975 0.72 0)
(0.72 0.72 0)
(0.7425 0.72 0)
(0.765 0.72 0)
(0.7875 0.72 0)
(0.81 0.72 0)
(0.8325 0.72 0)
(0.855 0.72 0)
(0.8775 0.72 0)
(0.9 0.72 0)
(0 0.7425 0)
(0.0225 0.7425 0)
(0.045 0.7425 0)
(0.0675 0.7425 0)
(0.09 0.7425 0)
(0.1125 0.7425 0)
(0.135 0.7425 0)
(0.1575 0.7425 0)
(0.18 0.7425 0)
(0.2025 0.7425 0)
(0.225 0.7425 0)
(0.2475 0.7425 0)
(0.27 0.7425 0)
(0.2925 0.7425 0)
(0.315 0.7425 0)
(0.3375 0.7425 0)
(0.36 0.7425 0)
(0.3825 0.7425 0)
(0.405 0.7425 0)
(0.4275 0.7425 0)
(0.45 0.7425 0)
(0.4725 0.7425 0)
(0.495 0.7425 0)
(0.5175 0.7425 0)
(0.54 0.7425 0)
(0.5625 0.7425 0)
(0.585 0.7425 0)
(0.6075 0.7425 0)
(0.63 0.7425 0)
(0.6525 0.7425 0)
(0.675 0.7425 0)
(0.6975 0.7425 0)
(0.72 0.7425 0)
(0.7425 0.7425 0)
(0.765 0.7425 0)
(0.7875 0.7425 0)
(0.81 0.7425 0)
(0.8325 0.7425 0)
(0.855 0.7425 0)
(0.8775 0.7425 0)
(0.9 0.7425 0)
(0 0.765 0)
(0.0225 0.765 0)
(0.045 0.765 0)
(0.0675 0.765 0)
(0.09 0.765 0)
(0.1125 0.765 0)
(0.135 0.765 0)
(0.1575 0.765 0)
(0.18 0.765 0)
(0.2025 0.765 0)
(0.225 0.765 0)
(0.2475 0.765 0)
(0.27 0.765 0)
(0.2925 0.765 0)
(0.315 0.765 0)
(0.3375 0.765 0)
(0.36 0.765 0)
(0.3825 0.765 0)
(0.405 0.765 0)
(0.4275 0.765 0)
(0.45 0.765 0)
(0.4725 0.765 0)
(0.495 0.765 0)
(0.5175 0.765 0)
(0.54 0.765 0)
(0.5625 0.765 0)
(0.585 0.765 0)
(0.6075 0.765 0)
(0.63 0.765 0)
(0.6525 0.765 0)
(0.675 0.765 0)
(0.6975 0.765 0)
(0.72 0.765 0)
(0.7425 0.765 0)
(0.765 0.765 0)
(0.7875 0.765 0)
(0.81 0.765 0)
(0.8325 0.765 0)
(0.855 0.765 0)
(0.8775 0.765 0)
(0.9 0.765 0)
(0 0.7875 0)
(0.0225 0.7875 0)
(0.045 0.7875 0)
(0.0675 0.7875 0)
(0.09 0.7875 0)
(0.1125 0.7875 0)
(0.135 0.7875 0)
(0.1575 0.7875 0)
(0.18 0.7875 0)
(0.2025 0.7875 0)
(0.225 0.7875 0)
(0.2475 0.7875 0)
(0.27 0.7875 0)
(0.2925 0.7875 0)
(0.315 0.7875 0)
(0.3375 0.7875 0)
(0.36 0.7875 0)
(0.3825 0.7875 0)
(0.405 0.7875 0)
(0.4275 0.7875 0)
(0.45 0.7875 0)
(0.4725 0.7875 0)
(0.495 0.7875 0)
(0.5175 0.7875 0)
(0.54 0.7875 0)
(0.5625 0.7875 0)
(0.585 0.7875 0)
(0.6075 0.7875 0)
(0.63 0.7875 0)
(0.6525 0.7875 0)
(0.675 0.7875 0)
(0.6975 0.7875 0)
(0.72 0.7875 0)
(0.7425 0.7875 0)
(0.765 0.7875 0)
(0.7875 0.7875 0)
(0.81 0.7875 0)
(0.8325 0.7875 0)
(0.855 0.7875 0)
(0.8775 0.7875 0)
(0.9 0.7875 0)
(0 0.81 0)
(0.0225 0.81 0)
(0.045 0.81 0)
(0.0675 0.81 0)
(0.09 0.81 0)
(0.1125 0.81 0)
(0.135 0.81 0)
(0.1575 0.81 0)
(0.18 0.81 0)
(0.2025 0.81 0)
(0.225 0.81 0)
(0.2475 0.81 0)
(0.27 0.81 0)
(0.2925 0.81 0)
(0.315 0.81 0)
(0.3375 0.81 0)
(0.36 0.81 0)
(0.3825 0.81 0)
(0.405 0.81 0)
(0.4275 0.81 0)
(0.45 0.81 0)
(0.4725 0.81 0)
(0.495 0.81 0)
(0.5175 0.81 0)
(0.54 0.81 0)
(0.5625 0.81 0)
(0.585 0.81 0)
(0.6075 0.81 0)
(0.63 0.81 0)
(0.6525 0.81 0)
(0.675 0.81 0)
(0.6975 0.81 0)
(0.72 0.81 0)
(0.7425 0.81 0)
(0.765 0.81 0)
(0.7875 0.81 0)
(0.81 0.81 0)
(0.8325 0.81 0)
(0.855 0.81 0)
(0.8775 0.81 0)
(0.9 0.81 0)
(0 0.8325 0)
(0.0225 0.8325 0)
(0.045 0.8325 0)
(0.0675 0.8325 0)
(0.09 0.8325 0)
(0.1125 0.8325 0)
(0.135 0.8325 0)
(0.1575 0.8325 0)
(0.18 0.8325 0)
(0.2025 0.8325 0)
(0.225 0.8325 0)
(0.2475 0.8325 0)
(0.27 0.8325 0)
(0.2925 0.8325 0)
(0.315 0.8325 0)
(0.3375 0.8325 0)
(0.36 0.8325 0)
(0.3825 0.8325 0)
(0.405 0.8325 0)
(0.4275 0.8325 0)
(0.45 0.8325 0)
(0.4725 0.8325 0)
(0.495 0.8325 0)
(0.5175 0.8325 0)
(0.54 0.8325 0)
(0.5625 0.8325 0)
(0.585 0.8325 0)
(0.6075 0.8325 0)
(0.63 0.8325 0)
(0.6525 0.8325 0)
(0.675 0.8325 0)
(0.6975 0.8325 0)
(0.72 0.8325 0)
(0.7425 0.8325 0)
(0.765 0.8325 0)
(0.7875 0.8325 0)
(0.81 0.8325 0)
(0.8325 0.8325 0)
(0.855 0.8325 0)
(0.8775 0.8325 0)
(0.9 0.8325 0)
(0 0.855 0)
(0.0225 0.855 0)
(0.045 0.855 0)
(0.0675 0.855 0)
(0.09 0.855 0)
(0.1125 0.855 0)
(0.135 0.855 0)
(0.1575 0.855 0)
(0.18 0.855 0)
(0.2025 0.855 0)
(0.225 0.855 0)
(0.2475 0.855 0)
(0.27 0.855 0)
(0.2925 0.855 0)
(0.315 0.855 0)
(0.3375 0.855 0)
(0.36 0.855 0)
(0.3825 0.855 0)
(0.405 0.855 0)
(0.4275 0.855 0)
(0.45 0.855 0)
(0.4725 0.855 0)
(0.495 0.855 0)
(0.5175 0.855 0)
(0.54 0.855 0)
(0.5625 0.855 0)
(0.585 0.855 0)
(0.6075 0.855 0)
(0.63 0.855 0)
(0.6525 0.855 0)
(0.675 0.855 0)
(0.6975 0.855 0)
(0.72 0.855 0)
(0.7425 0.855 0)
(0.765 0.855 0)
(0.7875 0.855 0)
(0.81 0.855 0)
(0.8325 0.855 0)
(0.855 0.855 0)
(0.8775 0.855 0)
(0.9 0.855 0)
(0 0.8775 0)
(0.0225 0.8775 0)
(0.045 0.8775 0)
(0.0675 0.8775 0)
(0.09 0.8775 0)
(0.1125 0.8775 0)
(0.135 0.8775 0)
(0.1575 0.8775 0)
(0.18 0.8775 0)
(0.2025 0.8775 0)
(0.225 0.8775 0)
(0.2475 0.8775 0)
(0.27 0.8775 0)
(0.2925 0.8775 0)
(0.315 0.8775 0)
(0.3375 0.8775 0)
(0.36 0.8775 0)
(0.3825 0.8775 0)
(0.405 0.8775 0)
(0.4275 0.8775 0)
(0.45 0.8775 0)
(0.4725 0.8775 0)
(0.495 0.8775 0)
(0.5175 0.8775 0)
(0.54 0.8775 0)
(0.5625 0.8775 0)
(0.585 0.8775 0)
(0.6075 0.8775 0)
(0.63 0.8775 0)
(0.6525 0.8775 0)
(0.675 0.8775 0)
(0.6975 0.8775 0)
(0.72 0.8775 0)
(0.7425 0.8775 0)
(0.765 0.8775 0)
(0.7875 0.8775 0)
(0.81 0.8775 0)
(0.8325 0.8775 0)
(0.855 0.8775 0)
(0.8775 0.8775 0)
(0.9 0.8775 0)
(0 0.9 0)
(0.0225 0.9 0)
(0.045 0.9 0)
(0.0675 0.9 0)
(0.09 0.9 0)
(0.1125 0.9 0)
(0.135 0.9 0)
(0.1575 0.9 0)
(0.18 0.9 0)
(0.2025 0.9 0)
(0.225 0.9 0)
(0.2475 0.9 0)
(0.27 0.9 0)
(0.2925 0.9 0)
(0.315 0.9 0)
(0.3375 0.9 0)
(0.36 0.9 0)
(0.3825 0.9 0)
(0.405 0.9 0)
(0.4275 0.9 0)
(0.45 0.9 0)
(0.4725 0.9 0)
(0.495 0.9 0)
(0.5175 0.9 0)
(0.54 0.9 0)
(0.5625 0.9 0)
(0.585 0.9 0)
(0.6075 0.9 0)
(0.63 0.9 0)
(0.6525 0.9 0)
(0.675 0.9 0)
(0.6975 0.9 0)
(0.72 0.9 0)
(0.7425 0.9 0)
(0.765 0.9 0)
(0.7875 0.9 0)
(0.81 0.9 0)
(0.8325 0.9 0)
(0.855 0.9 0)
(0.8775 0.9 0)
(0.9 0.9 0)
(0 0 0.1)
(0.0225 0 0.1)
(0.045 0 0.1)
(0.0675 0 0.1)
(0.09 0 0.1)
(0.1125 0 0.1)
(0.135 0 0.1)
(0.1575 0 0.1)
(0.18 0 0.1)
(0.2025 0 0.1)
(0.225 0 0.1)
(0.2475 0 0.1)
(0.27 0 0.1)
(0.2925 0 0.1)
(0.315 0 0.1)
(0.3375 0 0.1)
(0.36 0 0.1)
(0.3825 0 0.1)
(0.405 0 0.1)
(0.4275 0 0.1)
(0.45 0 0.1)
(0.4725 0 0.1)
(0.495 0 0.1)
(0.5175 0 0.1)
(0.54 0 0.1)
(0.5625 0 0.1)
(0.585 0 0.1)
(0.6075 0 0.1)
(0.63 0 0.1)
(0.6525 0 0.1)
(0.675 0 0.1)
(0.6975 0 0.1)
(0.72 0 0.1)
(0.7425 0 0.1)
(0.765 0 0.1)
(0.7875 0 0.1)
(0.81 0 0.1)
(0.8325 0 0.1)
(0.855 0 0.1)
(0.8775 0 0.1)
(0.9 0 0.1)
(0 0.0225 0.1)
(0.0225 0.0225 0.1)
(0.045 0.0225 0.1)
(0.0675 0.0225 0.1)
(0.09 0.0225 0.1)
(0.1125 0.0225 0.1)
(0.135 0.0225 0.1)
(0.1575 0.0225 0.1)
(0.18 0.0225 0.1)
(0.2025 0.0225 0.1)
(0.225 0.0225 0.1)
(0.2475 0.0225 0.1)
(0.27 0.0225 0.1)
(0.2925 0.0225 0.1)
(0.315 0.0225 0.1)
(0.3375 0.0225 0.1)
(0.36 0.0225 0.1)
(0.3825 0.0225 0.1)
(0.405 0.0225 0.1)
(0.4275 0.0225 0.1)
(0.45 0.0225 0.1)
(0.4725 0.0225 0.1)
(0.495 0.0225 0.1)
(0.5175 0.0225 0.1)
(0.54 0.0225 0.1)
(0.5625 0.0225 0.1)
(0.585 0.0225 0.1)
(0.6075 0.0225 0.1)
(0.63 0.0225 0.1)
(0.6525 0.0225 0.1)
(0.675 0.0225 0.1)
(0.6975 0.0225 0.1)
(0.72 0.0225 0.1)
(0.7425 0.0225 0.1)
(0.765 0.0225 0.1)
(0.7875 0.0225 0.1)
(0.81 0.0225 0.1)
(0.8325 0.0225 0.1)
(0.855 0.0225 0.1)
(0.8775 0.0225 0.1)
(0.9 0.0225 0.1)
(0 0.045 0.1)
(0.0225 0.045 0.1)
(0.045 0.045 0.1)
(0.0675 0.045 0.1)
(0.09 0.045 0.1)
(0.1125 0.045 0.1)
(0.135 0.045 0.1)
(0.1575 0.045 0.1)
(0.18 0.045 0.1)
(0.2025 0.045 0.1)
(0.225 0.045 0.1)
(0.2475 0.045 0.1)
(0.27 0.045 0.1)
(0.2925 0.045 0.1)
(0.315 0.045 0.1)
(0.3375 0.045 0.1)
(0.36 0.045 0.1)
(0.3825 0.045 0.1)
(0.405 0.045 0.1)
(0.4275 0.045 0.1)
(0.45 0.045 0.1)
(0.4725 0.045 0.1)
(0.495 0.045 0.1)
(0.5175 0.045 0.1)
(0.54 0.045 0.1)
(0.5625 0.045 0.1)
(0.585 0.045 0.1)
(0.6075 0.045 0.1)
(0.63 0.045 0.1)
(0.6525 0.045 0.1)
(0.675 0.045 0.1)
(0.6975 0.045 0.1)
(0.72 0.045 0.1)
(0.7425 0.045 0.1)
(0.765 0.045 0.1)
(0.7875 0.045 0.1)
(0.81 0.045 0.1)
(0.8325 0.045 0.1)
(0.855 0.045 0.1)
(0.8775 0.045 0.1)
(0.9 0.045 0.1)
(0 0.0675 0.1)
(0.0225 0.0675 0.1)
(0.045 0.0675 0.1)
(0.0675 0.0675 0.1)
(0.09 0.0675 0.1)
(0.1125 0.0675 0.1)
(0.135 0.0675 0.1)
(0.1575 0.0675 0.1)
(0.18 0.0675 0.1)
(0.2025 0.0675 0.1)
(0.225 0.0675 0.1)
(0.2475 0.0675 0.1)
(0.27 0.0675 0.1)
(0.2925 0.0675 0.1)
(0.315 0.0675 0.1)
(0.3375 0.0675 0.1)
(0.36 0.0675 0.1)
(0.3825 0.0675 0.1)
(0.405 0.0675 0.1)
(0.4275 0.0675 0.1)
(0.45 0.0675 0.1)
(0.4725 0.0675 0.1)
(0.495 0.0675 0.1)
(0.5175 0.0675 0.1)
(0.54 0.0675 0.1)
(0.5625 0.0675 0.1)
(0.585 0.0675 0.1)
(0.6075 0.0675 0.1)
(0.63 0.0675 0.1)
(0.6525 0.0675 0.1)
(0.675 0.0675 0.1)
(0.6975 0.0675 0.1)
(0.72 0.0675 0.1)
(0.7425 0.0675 0.1)
(0.765 0.0675 0.1)
(0.7875 0.0675 0.1)
(0.81 0.0675 0.1)
(0.8325 0.0675 0.1)
(0.855 0.0675 0.1)
(0.8775 0.0675 0.1)
(0.9 0.0675 0.1)
(0 0.09 0.1)
(0.0225 0.09 0.1)
(0.045 0.09 0.1)
(0.0675 0.09 0.1)
(0.09 0.09 0.1)
(0.1125 0.09 0.1)
(0.135 0.09 0.1)
(0.1575 0.09 0.1)
(0.18 0.09 0.1)
(0.2025 0.09 0.1)
(0.225 0.09 0.1)
(0.2475 0.09 0.1)
(0.27 0.09 0.1)
(0.2925 0.09 0.1)
(0.315 0.09 0.1)
(0.3375 0.09 0.1)
(0.36 0.09 0.1)
(0.3825 0.09 0.1)
(0.405 0.09 0.1)
(0.4275 0.09 0.1)
(0.45 0.09 0.1)
(0.4725 0.09 0.1)
(0.495 0.09 0.1)
(0.5175 0.09 0.1)
(0.54 0.09 0.1)
(0.5625 0.09 0.1)
(0.585 0.09 0.1)
(0.6075 0.09 0.1)
(0.63 0.09 0.1)
(0.6525 0.09 0.1)
(0.675 0.09 0.1)
(0.6975 0.09 0.1)
(0.72 0.09 0.1)
(0.7425 0.09 0.1)
(0.765 0.09 0.1)
(0.7875 0.09 0.1)
(0.81 0.09 0.1)
(0.8325 0.09 0.1)
(0.855 0.09 0.1)
(0.8775 0.09 0.1)
(0.9 0.09 0.1)
(0 0.1125 0.1)
(0.0225 0.1125 0.1)
(0.045 0.1125 0.1)
(0.0675 0.1125 0.1)
(0.09 0.1125 0.1)
(0.1125 0.1125 0.1)
(0.135 0.1125 0.1)
(0.1575 0.1125 0.1)
(0.18 0.1125 0.1)
(0.2025 0.1125 0.1)
(0.225 0.1125 0.1)
(0.2475 0.1125 0.1)
(0.27 0.1125 0.1)
(0.2925 0.1125 0.1)
(0.315 0.1125 0.1)
(0.3375 0.1125 0.1)
(0.36 0.1125 0.1)
(0.3825 0.1125 0.1)
(0.405 0.1125 0.1)
(0.4275 0.1125 0.1)
(0.45 0.1125 0.1)
(0.4725 0.1125 0.1)
(0.495 0.1125 0.1)
(0.5175 0.1125 0.1)
(0.54 0.1125 0.1)
(0.5625 0.1125 0.1)
(0.585 0.1125 0.1)
(0.6075 0.1125 0.1)
(0.63 0.1125 0.1)
(0.6525 0.1125 0.1)
(0.675 0.1125 0.1)
(0.6975 0.1125 0.1)
(0.72 0.1125 0.1)
(0.7425 0.1125 0.1)
(0.765 0.1125 0.1)
(0.7875 0.1125 0.1)
(0.81 0.1125 0.1)
(0.8325 0.1125 0.1)
(0.855 0.1125 0.1)
(0.8775 0.1125 0.1)
(0.9 0.1125 0.1)
(0 0.135 0.1)
(0.0225 0.135 0.1)
(0.045 0.135 0.1)
(0.0675 0.135 0.1)
(0.09 0.135 0.1)
(0.1125 0.135 0.1)
(0.135 0.135 0.1)
(0.1575 0.135 0.1)
(0.18 0.135 0.1)
(0.2025 0.135 0.1)
(0.225 0.135 0.1)
(0.2475 0.135 0.1)
(0.27 0.135 0.1)
(0.2925 0.135 0.1)
(0.315 0.135 0.1)
(0.3375 0.135 0.1)
(0.36 0.135 0.1)
(0.3825 0.135 0.1)
(0.405 0.135 0.1)
(0.4275 0.135 0.1)
(0.45 0.135 0.1)
(0.4725 0.135 0.1)
(0.495 0.135 0.1)
(0.5175 0.135 0.1)
(0.54 0.135 0.1)
(0.5625 0.135 0.1)
(0.585 0.135 0.1)
(0.6075 0.135 0.1)
(0.63 0.135 0.1)
(0.6525 0.135 0.1)
(0.675 0.135 0.1)
(0.6975 0.135 0.1)
(0.72 0.135 0.1)
(0.7425 0.135 0.1)
(0.765 0.135 0.1)
(0.7875 0.135 0.1)
(0.81 0.135 0.1)
(0.8325 0.135 0.1)
(0.855 0.135 0.1)
(0.8775 0.135 0.1)
(0.9 0.135 0.1)
(0 0.1575 0.1)
(0.0225 0.1575 0.1)
(0.045 0.1575 0.1)
(0.0675 0.1575 0.1)
(0.09 0.1575 0.1)
(0.1125 0.1575 0.1)
(0.135 0.1575 0.1)
(0.1575 0.1575 0.1)
(0.18 0.1575 0.1)
(0.2025 0.1575 0.1)
(0.225 0.1575 0.1)
(0.2475 0.1575 0.1)
(0.27 0.1575 0.1)
(0.2925 0.1575 0.1)
(0.315 0.1575 0.1)
(0.3375 0.1575 0.1)
(0.36 0.1575 0.1)
(0.3825 0.1575 0.1)
(0.405 0.1575 0.1)
(0.4275 0.1575 0.1)
(0.45 0.1575 0.1)
(0.4725 0.1575 0.1)
(0.495 0.1575 0.1)
(0.5175 0.1575 0.1)
(0.54 0.1575 0.1)
(0.5625 0.1575 0.1)
(0.585 0.1575 0.1)
(0.6075 0.1575 0.1)
(0.63 0.1575 0.1)
(0.6525 0.1575 0.1)
(0.675 0.1575 0.1)
(0.6975 0.1575 0.1)
(0.72 0.1575 0.1)
(0.7425 0.1575 0.1)
(0.765 0.1575 0.1)
(0.7875 0.1575 0.1)
(0.81 0.1575 0.1)
(0.8325 0.1575 0.1)
(0.855 0.1575 0.1)
(0.8775 0.1575 0.1)
(0.9 0.1575 0.1)
(0 0.18 0.1)
(0.0225 0.18 0.1)
(0.045 0.18 0.1)
(0.0675 0.18 0.1)
(0.09 0.18 0.1)
(0.1125 0.18 0.1)
(0.135 0.18 0.1)
(0.1575 0.18 0.1)
(0.18 0.18 0.1)
(0.2025 0.18 0.1)
(0.225 0.18 0.1)
(0.2475 0.18 0.1)
(0.27 0.18 0.1)
(0.2925 0.18 0.1)
(0.315 0.18 0.1)
(0.3375 0.18 0.1)
(0.36 0.18 0.1)
(0.3825 0.18 0.1)
(0.405 0.18 0.1)
(0.4275 0.18 0.1)
(0.45 0.18 0.1)
(0.4725 0.18 0.1)
(0.495 0.18 0.1)
(0.5175 0.18 0.1)
(0.54 0.18 0.1)
(0.5625 0.18 0.1)
(0.585 0.18 0.1)
(0.6075 0.18 0.1)
(0.63 0.18 0.1)
(0.6525 0.18 0.1)
(0.675 0.18 0.1)
(0.6975 0.18 0.1)
(0.72 0.18 0.1)
(0.7425 0.18 0.1)
(0.765 0.18 0.1)
(0.7875 0.18 0.1)
(0.81 0.18 0.1)
(0.8325 0.18 0.1)
(0.855 0.18 0.1)
(0.8775 0.18 0.1)
(0.9 0.18 0.1)
(0 0.2025 0.1)
(0.0225 0.2025 0.1)
(0.045 0.2025 0.1)
(0.0675 0.2025 0.1)
(0.09 0.2025 0.1)
(0.1125 0.2025 0.1)
(0.135 0.2025 0.1)
(0.1575 0.2025 0.1)
(0.18 0.2025 0.1)
(0.2025 0.2025 0.1)
(0.225 0.2025 0.1)
(0.2475 0.2025 0.1)
(0.27 0.2025 0.1)
(0.2925 0.2025 0.1)
(0.315 0.2025 0.1)
(0.3375 0.2025 0.1)
(0.36 0.2025 0.1)
(0.3825 0.2025 0.1)
(0.405 0.2025 0.1)
(0.4275 0.2025 0.1)
(0.45 0.2025 0.1)
(0.4725 0.2025 0.1)
(0.495 0.2025 0.1)
(0.5175 0.2025 0.1)
(0.54 0.2025 0.1)
(0.5625 0.2025 0.1)
(0.585 0.2025 0.1)
(0.6075 0.2025 0.1)
(0.63 0.2025 0.1)
(0.6525 0.2025 0.1)
(0.675 0.2025 0.1)
(0.6975 0.2025 0.1)
(0.72 0.2025 0.1)
(0.7425 0.2025 0.1)
(0.765 0.2025 0.1)
(0.7875 0.2025 0.1)
(0.81 0.2025 0.1)
(0.8325 0.2025 0.1)
(0.855 0.2025 0.1)
(0.8775 0.2025 0.1)
(0.9 0.2025 0.1)
(0 0.225 0.1)
(0.0225 0.225 0.1)
(0.045 0.225 0.1)
(0.0675 0.225 0.1)
(0.09 0.225 0.1)
(0.1125 0.225 0.1)
(0.135 0.225 0.1)
(0.1575 0.225 0.1)
(0.18 0.225 0.1)
(0.2025 0.225 0.1)
(0.225 0.225 0.1)
(0.2475 0.225 0.1)
(0.27 0.225 0.1)
(0.2925 0.225 0.1)
(0.315 0.225 0.1)
(0.3375 0.225 0.1)
(0.36 0.225 0.1)
(0.3825 0.225 0.1)
(0.405 0.225 0.1)
(0.4275 0.225 0.1)
(0.45 0.225 0.1)
(0.4725 0.225 0.1)
(0.495 0.225 0.1)
(0.5175 0.225 0.1)
(0.54 0.225 0.1)
(0.5625 0.225 0.1)
(0.585 0.225 0.1)
(0.6075 0.225 0.1)
(0.63 0.225 0.1)
(0.6525 0.225 0.1)
(0.675 0.225 0.1)
(0.6975 0.225 0.1)
(0.72 0.225 0.1)
(0.7425 0.225 0.1)
(0.765 0.225 0.1)
(0.7875 0.225 0.1)
(0.81 0.225 0.1)
(0.8325 0.225 0.1)
(0.855 0.225 0.1)
(0.8775 0.225 0.1)
(0.9 0.225 0.1)
(0 0.2475 0.1)
(0.0225 0.2475 0.1)
(0.045 0.2475 0.1)
(0.0675 0.2475 0.1)
(0.09 0.2475 0.1)
(0.1125 0.2475 0.1)
(0.135 0.2475 0.1)
(0.1575 0.2475 0.1)
(0.18 0.2475 0.1)
(0.2025 0.2475 0.1)
(0.225 0.2475 0.1)
(0.2475 0.2475 0.1)
(0.27 0.2475 0.1)
(0.2925 0.2475 0.1)
(0.315 0.2475 0.1)
(0.3375 0.2475 0.1)
(0.36 0.2475 0.1)
(0.3825 0.2475 0.1)
(0.405 0.2475 0.1)
(0.4275 0.2475 0.1)
(0.45 0.2475 0.1)
(0.4725 0.2475 0.1)
(0.495 0.2475 0.1)
(0.5175 0.2475 0.1)
(0.54 0.2475 0.1)
(0.5625 0.2475 0.1)
(0.585 0.2475 0.1)
(0.6075 0.2475 0.1)
(0.63 0.2475 0.1)
(0.6525 0.2475 0.1)
(0.675 0.2475 0.1)
(0.6975 0.2475 0.1)
(0.72 0.2475 0.1)
(0.7425 0.2475 0.1)
(0.765 0.2475 0.1)
(0.7875 0.2475 0.1)
(0.81 0.2475 0.1)
(0.8325 0.2475 0.1)
(0.855 0.2475 0.1)
(0.8775 0.2475 0.1)
(0.9 0.2475 0.1)
(0 0.27 0.1)
(0.0225 0.27 0.1)
(0.045 0.27 0.1)
(0.0675 0.27 0.1)
(0.09 0.27 0.1)
(0.1125 0.27 0.1)
(0.135 0.27 0.1)
(0.1575 0.27 0.1)
(0.18 0.27 0.1)
(0.2025 0.27 0.1)
(0.225 0.27 0.1)
(0.2475 0.27 0.1)
(0.27 0.27 0.1)
(0.2925 0.27 0.1)
(0.315 0.27 0.1)
(0.3375 0.27 0.1)
(0.36 0.27 0.1)
(0.3825 0.27 0.1)
(0.405 0.27 0.1)
(0.4275 0.27 0.1)
(0.45 0.27 0.1)
(0.4725 0.27 0.1)
(0.495 0.27 0.1)
(0.5175 0.27 0.1)
(0.54 0.27 0.1)
(0.5625 0.27 0.1)
(0.585 0.27 0.1)
(0.6075 0.27 0.1)
(0.63 0.27 0.1)
(0.6525 0.27 0.1)
(0.675 0.27 0.1)
(0.6975 0.27 0.1)
(0.72 0.27 0.1)
(0.7425 0.27 0.1)
(0.765 0.27 0.1)
(0.7875 0.27 0.1)
(0.81 0.27 0.1)
(0.8325 0.27 0.1)
(0.855 0.27 0.1)
(0.8775 0.27 0.1)
(0.9 0.27 0.1)
(0 0.2925 0.1)
(0.0225 0.2925 0.1)
(0.045 0.2925 0.1)
(0.0675 0.2925 0.1)
(0.09 0.2925 0.1)
(0.1125 0.2925 0.1)
(0.135 0.2925 0.1)
(0.1575 0.2925 0.1)
(0.18 0.2925 0.1)
(0.2025 0.2925 0.1)
(0.225 0.2925 0.1)
(0.2475 0.2925 0.1)
(0.27 0.2925 0.1)
(0.2925 0.2925 0.1)
(0.315 0.2925 0.1)
(0.3375 0.2925 0.1)
(0.36 0.2925 0.1)
(0.3825 0.2925 0.1)
(0.405 0.2925 0.1)
(0.4275 0.2925 0.1)
(0.45 0.2925 0.1)
(0.4725 0.2925 0.1)
(0.495 0.2925 0.1)
(0.5175 0.2925 0.1)
(0.54 0.2925 0.1)
(0.5625 0.2925 0.1)
(0.585 0.2925 0.1)
(0.6075 0.2925 0.1)
(0.63 0.2925 0.1)
(0.6525 0.2925 0.1)
(0.675 0.2925 0.1)
(0.6975 0.2925 0.1)
(0.72 0.2925 0.1)
(0.7425 0.2925 0.1)
(0.765 0.2925 0.1)
(0.7875 0.2925 0.1)
(0.81 0.2925 0.1)
(0.8325 0.2925 0.1)
(0.855 0.2925 0.1)
(0.8775 0.2925 0.1)
(0.9 0.2925 0.1)
(0 0.315 0.1)
(0.0225 0.315 0.1)
(0.045 0.315 0.1)
(0.0675 0.315 0.1)
(0.09 0.315 0.1)
(0.1125 0.315 0.1)
(0.135 0.315 0.1)
(0.1575 0.315 0.1)
(0.18 0.315 0.1)
(0.2025 0.315 0.1)
(0.225 0.315 0.1)
(0.2475 0.315 0.1)
(0.27 0.315 0.1)
(0.2925 0.315 0.1)
(0.315 0.315 0.1)
(0.3375 0.315 0.1)
(0.36 0.315 0.1)
(0.3825 0.315 0.1)
(0.405 0.315 0.1)
(0.4275 0.315 0.1)
(0.45 0.315 0.1)
(0.4725 0.315 0.1)
(0.495 0.315 0.1)
(0.5175 0.315 0.1)
(0.54 0.315 0.1)
(0.5625 0.315 0.1)
(0.585 0.315 0.1)
(0.6075 0.315 0.1)
(0.63 0.315 0.1)
(0.6525 0.315 0.1)
(0.675 0.315 0.1)
(0.6975 0.315 0.1)
(0.72 0.315 0.1)
(0.7425 0.315 0.1)
(0.765 0.315 0.1)
(0.7875 0.315 0.1)
(0.81 0.315 0.1)
(0.8325 0.315 0.1)
(0.855 0.315 0.1)
(0.8775 0.315 0.1)
(0.9 0.315 0.1)
(0 0.3375 0.1)
(0.0225 0.3375 0.1)
(0.045 0.3375 0.1)
(0.0675 0.3375 0.1)
(0.09 0.3375 0.1)
(0.1125 0.3375 0.1)
(0.135 0.3375 0.1)
(0.1575 0.3375 0.1)
(0.18 0.3375 0.1)
(0.2025 0.3375 0.1)
(0.225 0.3375 0.1)
(0.2475 0.3375 0.1)
(0.27 0.3375 0.1)
(0.2925 0.3375 0.1)
(0.315 0.3375 0.1)
(0.3375 0.3375 0.1)
(0.36 0.3375 0.1)
(0.3825 0.3375 0.1)
(0.405 0.3375 0.1)
(0.4275 0.3375 0.1)
(0.45 0.3375 0.1)
(0.4725 0.3375 0.1)
(0.495 0.3375 0.1)
(0.5175 0.3375 0.1)
(0.54 0.3375 0.1)
(0.5625 0.3375 0.1)
(0.585 0.3375 0.1)
(0.6075 0.3375 0.1)
(0.63 0.3375 0.1)
(0.6525 0.3375 0.1)
(0.675 0.3375 0.1)
(0.6975 0.3375 0.1)
(0.72 0.3375 0.1)
(0.7425 0.3375 0.1)
(0.765 0.3375 0.1)
(0.7875 0.3375 0.1)
(0.81 0.3375 0.1)
(0.8325 0.3375 0.1)
(0.855 0.3375 0.1)
(0.8775 0.3375 0.1)
(0.9 0.3375 0.1)
(0 0.36 0.1)
(0.0225 0.36 0.1)
(0.045 0.36 0.1)
(0.0675 0.36 0.1)
(0.09 0.36 0.1)
(0.1125 0.36 0.1)
(0.135 0.36 0.1)
(0.1575 0.36 0.1)
(0.18 0.36 0.1)
(0.2025 0.36 0.1)
(0.225 0.36 0.1)
(0.2475 0.36 0.1)
(0.27 0.36 0.1)
(0.2925 0.36 0.1)
(0.315 0.36 0.1)
(0.3375 0.36 0.1)
(0.36 0.36 0.1)
(0.3825 0.36 0.1)
(0.405 0.36 0.1)
(0.4275 0.36 0.1)
(0.45 0.36 0.1)
(0.4725 0.36 0.1)
(0.495 0.36 0.1)
(0.5175 0.36 0.1)
(0.54 0.36 0.1)
(0.5625 0.36 0.1)
(0.585 0.36 0.1)
(0.6075 0.36 0.1)
(0.63 0.36 0.1)
(0.6525 0.36 0.1)
(0.675 0.36 0.1)
(0.6975 0.36 0.1)
(0.72 0.36 0.1)
(0.7425 0.36 0.1)
(0.765 0.36 0.1)
(0.7875 0.36 0.1)
(0.81 0.36 0.1)
(0.8325 0.36 0.1)
(0.855 0.36 0.1)
(0.8775 0.36 0.1)
(0.9 0.36 0.1)
(0 0.3825 0.1)
(0.0225 0.3825 0.1)
(0.045 0.3825 0.1)
(0.0675 0.3825 0.1)
(0.09 0.3825 0.1)
(0.1125 0.3825 0.1)
(0.135 0.3825 0.1)
(0.1575 0.3825 0.1)
(0.18 0.3825 0.1)
(0.2025 0.3825 0.1)
(0.225 0.3825 0.1)
(0.2475 0.3825 0.1)
(0.27 0.3825 0.1)
(0.2925 0.3825 0.1)
(0.315 0.3825 0.1)
(0.3375 0.3825 0.1)
(0.36 0.3825 0.1)
(0.3825 0.3825 0.1)
(0.405 0.3825 0.1)
(0.4275 0.3825 0.1)
(0.45 0.3825 0.1)
(0.4725 0.3825 0.1)
(0.495 0.3825 0.1)
(0.5175 0.3825 0.1)
(0.54 0.3825 0.1)
(0.5625 0.3825 0.1)
(0.585 0.3825 0.1)
(0.6075 0.3825 0.1)
(0.63 0.3825 0.1)
(0.6525 0.3825 0.1)
(0.675 0.3825 0.1)
(0.6975 0.3825 0.1)
(0.72 0.3825 0.1)
(0.7425 0.3825 0.1)
(0.765 0.3825 0.1)
(0.7875 0.3825 0.1)
(0.81 0.3825 0.1)
(0.8325 0.3825 0.1)
(0.855 0.3825 0.1)
(0.8775 0.3825 0.1)
(0.9 0.3825 0.1)
(0 0.405 0.1)
(0.0225 0.405 0.1)
(0.045 0.405 0.1)
(0.0675 0.405 0.1)
(0.09 0.405 0.1)
(0.1125 0.405 0.1)
(0.135 0.405 0.1)
(0.1575 0.405 0.1)
(0.18 0.405 0.1)
(0.2025 0.405 0.1)
(0.225 0.405 0.1)
(0.2475 0.405 0.1)
(0.27 0.405 0.1)
(0.2925 0.405 0.1)
(0.315 0.405 0.1)
(0.3375 0.405 0.1)
(0.36 0.405 0.1)
(0.3825 0.405 0.1)
(0.405 0.405 0.1)
(0.4275 0.405 0.1)
(0.45 0.405 0.1)
(0.4725 0.405 0.1)
(0.495 0.405 0.1)
(0.5175 0.405 0.1)
(0.54 0.405 0.1)
(0.5625 0.405 0.1)
(0.585 0.405 0.1)
(0.6075 0.405 0.1)
(0.63 0.405 0.1)
(0.6525 0.405 0.1)
(0.675 0.405 0.1)
(0.6975 0.405 0.1)
(0.72 0.405 0.1)
(0.7425 0.405 0.1)
(0.765 0.405 0.1)
(0.7875 0.405 0.1)
(0.81 0.405 0.1)
(0.8325 0.405 0.1)
(0.855 0.405 0.1)
(0.8775 0.405 0.1)
(0.9 0.405 0.1)
(0 0.4275 0.1)
(0.0225 0.4275 0.1)
(0.045 0.4275 0.1)
(0.0675 0.4275 0.1)
(0.09 0.4275 0.1)
(0.1125 0.4275 0.1)
(0.135 0.4275 0.1)
(0.1575 0.4275 0.1)
(0.18 0.4275 0.1)
(0.2025 0.4275 0.1)
(0.225 0.4275 0.1)
(0.2475 0.4275 0.1)
(0.27 0.4275 0.1)
(0.2925 0.4275 0.1)
(0.315 0.4275 0.1)
(0.3375 0.4275 0.1)
(0.36 0.4275 0.1)
(0.3825 0.4275 0.1)
(0.405 0.4275 0.1)
(0.4275 0.4275 0.1)
(0.45 0.4275 0.1)
(0.4725 0.4275 0.1)
(0.495 0.4275 0.1)
(0.5175 0.4275 0.1)
(0.54 0.4275 0.1)
(0.5625 0.4275 0.1)
(0.585 0.4275 0.1)
(0.6075 0.4275 0.1)
(0.63 0.4275 0.1)
(0.6525 0.4275 0.1)
(0.675 0.4275 0.1)
(0.6975 0.4275 0.1)
(0.72 0.4275 0.1)
(0.7425 0.4275 0.1)
(0.765 0.4275 0.1)
(0.7875 0.4275 0.1)
(0.81 0.4275 0.1)
(0.8325 0.4275 0.1)
(0.855 0.4275 0.1)
(0.8775 0.4275 0.1)
(0.9 0.4275 0.1)
(0 0.45 0.1)
(0.0225 0.45 0.1)
(0.045 0.45 0.1)
(0.0675 0.45 0.1)
(0.09 0.45 0.1)
(0.1125 0.45 0.1)
(0.135 0.45 0.1)
(0.1575 0.45 0.1)
(0.18 0.45 0.1)
(0.2025 0.45 0.1)
(0.225 0.45 0.1)
(0.2475 0.45 0.1)
(0.27 0.45 0.1)
(0.2925 0.45 0.1)
(0.315 0.45 0.1)
(0.3375 0.45 0.1)
(0.36 0.45 0.1)
(0.3825 0.45 0.1)
(0.405 0.45 0.1)
(0.4275 0.45 0.1)
(0.45 0.45 0.1)
(0.4725 0.45 0.1)
(0.495 0.45 0.1)
(0.5175 0.45 0.1)
(0.54 0.45 0.1)
(0.5625 0.45 0.1)
(0.585 0.45 0.1)
(0.6075 0.45 0.1)
(0.63 0.45 0.1)
(0.6525 0.45 0.1)
(0.675 0.45 0.1)
(0.6975 0.45 0.1)
(0.72 0.45 0.1)
(0.7425 0.45 0.1)
(0.765 0.45 0.1)
(0.7875 0.45 0.1)
(0.81 0.45 0.1)
(0.8325 0.45 0.1)
(0.855 0.45 0.1)
(0.8775 0.45 0.1)
(0.9 0.45 0.1)
(0 0.4725 0.1)
(0.0225 0.4725 0.1)
(0.045 0.4725 0.1)
(0.0675 0.4725 0.1)
(0.09 0.4725 0.1)
(0.1125 0.4725 0.1)
(0.135 0.4725 0.1)
(0.1575 0.4725 0.1)
(0.18 0.4725 0.1)
(0.2025 0.4725 0.1)
(0.225 0.4725 0.1)
(0.2475 0.4725 0.1)
(0.27 0.4725 0.1)
(0.2925 0.4725 0.1)
(0.315 0.4725 0.1)
(0.3375 0.4725 0.1)
(0.36 0.4725 0.1)
(0.3825 0.4725 0.1)
(0.405 0.4725 0.1)
(0.4275 0.4725 0.1)
(0.45 0.4725 0.1)
(0.4725 0.4725 0.1)
(0.495 0.4725 0.1)
(0.5175 0.4725 0.1)
(0.54 0.4725 0.1)
(0.5625 0.4725 0.1)
(0.585 0.4725 0.1)
(0.6075 0.4725 0.1)
(0.63 0.4725 0.1)
(0.6525 0.4725 0.1)
(0.675 0.4725 0.1)
(0.6975 0.4725 0.1)
(0.72 0.4725 0.1)
(0.7425 0.4725 0.1)
(0.765 0.4725 0.1)
(0.7875 0.4725 0.1)
(0.81 0.4725 0.1)
(0.8325 0.4725 0.1)
(0.855 0.4725 0.1)
(0.8775 0.4725 0.1)
(0.9 0.4725 0.1)
(0 0.495 0.1)
(0.0225 0.495 0.1)
(0.045 0.495 0.1)
(0.0675 0.495 0.1)
(0.09 0.495 0.1)
(0.1125 0.495 0.1)
(0.135 0.495 0.1)
(0.1575 0.495 0.1)
(0.18 0.495 0.1)
(0.2025 0.495 0.1)
(0.225 0.495 0.1)
(0.2475 0.495 0.1)
(0.27 0.495 0.1)
(0.2925 0.495 0.1)
(0.315 0.495 0.1)
(0.3375 0.495 0.1)
(0.36 0.495 0.1)
(0.3825 0.495 0.1)
(0.405 0.495 0.1)
(0.4275 0.495 0.1)
(0.45 0.495 0.1)
(0.4725 0.495 0.1)
(0.495 0.495 0.1)
(0.5175 0.495 0.1)
(0.54 0.495 0.1)
(0.5625 0.495 0.1)
(0.585 0.495 0.1)
(0.6075 0.495 0.1)
(0.63 0.495 0.1)
(0.6525 0.495 0.1)
(0.675 0.495 0.1)
(0.6975 0.495 0.1)
(0.72 0.495 0.1)
(0.7425 0.495 0.1)
(0.765 0.495 0.1)
(0.7875 0.495 0.1)
(0.81 0.495 0.1)
(0.8325 0.495 0.1)
(0.855 0.495 0.1)
(0.8775 0.495 0.1)
(0.9 0.495 0.1)
(0 0.5175 0.1)
(0.0225 0.5175 0.1)
(0.045 0.5175 0.1)
(0.0675 0.5175 0.1)
(0.09 0.5175 0.1)
(0.1125 0.5175 0.1)
(0.135 0.5175 0.1)
(0.1575 0.5175 0.1)
(0.18 0.5175 0.1)
(0.2025 0.5175 0.1)
(0.225 0.5175 0.1)
(0.2475 0.5175 0.1)
(0.27 0.5175 0.1)
(0.2925 0.5175 0.1)
(0.315 0.5175 0.1)
(0.3375 0.5175 0.1)
(0.36 0.5175 0.1)
(0.3825 0.5175 0.1)
(0.405 0.5175 0.1)
(0.4275 0.5175 0.1)
(0.45 0.5175 0.1)
(0.4725 0.5175 0.1)
(0.495 0.5175 0.1)
(0.5175 0.5175 0.1)
(0.54 0.5175 0.1)
(0.5625 0.5175 0.1)
(0.585 0.5175 0.1)
(0.6075 0.5175 0.1)
(0.63 0.5175 0.1)
(0.6525 0.5175 0.1)
(0.675 0.5175 0.1)
(0.6975 0.5175 0.1)
(0.72 0.5175 0.1)
(0.7425 0.5175 0.1)
(0.765 0.5175 0.1)
(0.7875 0.5175 0.1)
(0.81 0.5175 0.1)
(0.8325 0.5175 0.1)
(0.855 0.5175 0.1)
(0.8775 0.5175 0.1)
(0.9 0.5175 0.1)
(0 0.54 0.1)
(0.0225 0.54 0.1)
(0.045 0.54 0.1)
(0.0675 0.54 0.1)
(0.09 0.54 0.1)
(0.1125 0.54 0.1)
(0.135 0.54 0.1)
(0.1575 0.54 0.1)
(0.18 0.54 0.1)
(0.2025 0.54 0.1)
(0.225 0.54 0.1)
(0.2475 0.54 0.1)
(0.27 0.54 0.1)
(0.2925 0.54 0.1)
(0.315 0.54 0.1)
(0.3375 0.54 0.1)
(0.36 0.54 0.1)
(0.3825 0.54 0.1)
(0.405 0.54 0.1)
(0.4275 0.54 0.1)
(0.45 0.54 0.1)
(0.4725 0.54 0.1)
(0.495 0.54 0.1)
(0.5175 0.54 0.1)
(0.54 0.54 0.1)
(0.5625 0.54 0.1)
(0.585 0.54 0.1)
(0.6075 0.54 0.1)
(0.63 0.54 0.1)
(0.6525 0.54 0.1)
(0.675 0.54 0.1)
(0.6975 0.54 0.1)
(0.72 0.54 0.1)
(0.7425 0.54 0.1)
(0.765 0.54 0.1)
(0.7875 0.54 0.1)
(0.81 0.54 0.1)
(0.8325 0.54 0.1)
(0.855 0.54 0.1)
(0.8775 0.54 0.1)
(0.9 0.54 0.1)
(0 0.5625 0.1)
(0.0225 0.5625 0.1)
(0.045 0.5625 0.1)
(0.0675 0.5625 0.1)
(0.09 0.5625 0.1)
(0.1125 0.5625 0.1)
(0.135 0.5625 0.1)
(0.1575 0.5625 0.1)
(0.18 0.5625 0.1)
(0.2025 0.5625 0.1)
(0.225 0.5625 0.1)
(0.2475 0.5625 0.1)
(0.27 0.5625 0.1)
(0.2925 0.5625 0.1)
(0.315 0.5625 0.1)
(0.3375 0.5625 0.1)
(0.36 0.5625 0.1)
(0.3825 0.5625 0.1)
(0.405 0.5625 0.1)
(0.4275 0.5625 0.1)
(0.45 0.5625 0.1)
(0.4725 0.5625 0.1)
(0.495 0.5625 0.1)
(0.5175 0.5625 0.1)
(0.54 0.5625 0.1)
(0.5625 0.5625 0.1)
(0.585 0.5625 0.1)
(0.6075 0.5625 0.1)
(0.63 0.5625 0.1)
(0.6525 0.5625 0.1)
(0.675 0.5625 0.1)
(0.6975 0.5625 0.1)
(0.72 0.5625 0.1)
(0.7425 0.5625 0.1)
(0.765 0.5625 0.1)
(0.7875 0.5625 0.1)
(0.81 0.5625 0.1)
(0.8325 0.5625 0.1)
(0.855 0.5625 0.1)
(0.8775 0.5625 0.1)
(0.9 0.5625 0.1)
(0 0.585 0.1)
(0.0225 0.585 0.1)
(0.045 0.585 0.1)
(0.0675 0.585 0.1)
(0.09 0.585 0.1)
(0.1125 0.585 0.1)
(0.135 0.585 0.1)
(0.1575 0.585 0.1)
(0.18 0.585 0.1)
(0.2025 0.585 0.1)
(0.225 0.585 0.1)
(0.2475 0.585 0.1)
(0.27 0.585 0.1)
(0.2925 0.585 0.1)
(0.315 0.585 0.1)
(0.3375 0.585 0.1)
(0.36 0.585 0.1)
(0.3825 0.585 0.1)
(0.405 0.585 0.1)
(0.4275 0.585 0.1)
(0.45 0.585 0.1)
(0.4725 0.585 0.1)
(0.495 0.585 0.1)
(0.5175 0.585 0.1)
(0.54 0.585 0.1)
(0.5625 0.585 0.1)
(0.585 0.585 0.1)
(0.6075 0.585 0.1)
(0.63 0.585 0.1)
(0.6525 0.585 0.1)
(0.675 0.585 0.1)
(0.6975 0.585 0.1)
(0.72 0.585 0.1)
(0.7425 0.585 0.1)
(0.765 0.585 0.1)
(0.7875 0.585 0.1)
(0.81 0.585 0.1)
(0.8325 0.585 0.1)
(0.855 0.585 0.1)
(0.8775 0.585 0.1)
(0.9 0.585 0.1)
(0 0.6075 0.1)
(0.0225 0.6075 0.1)
(0.045 0.6075 0.1)
(0.0675 0.6075 0.1)
(0.09 0.6075 0.1)
(0.1125 0.6075 0.1)
(0.135 0.6075 0.1)
(0.1575 0.6075 0.1)
(0.18 0.6075 0.1)
(0.2025 0.6075 0.1)
(0.225 0.6075 0.1)
(0.2475 0.6075 0.1)
(0.27 0.6075 0.1)
(0.2925 0.6075 0.1)
(0.315 0.6075 0.1)
(0.3375 0.6075 0.1)
(0.36 0.6075 0.1)
(0.3825 0.6075 0.1)
(0.405 0.6075 0.1)
(0.4275 0.6075 0.1)
(0.45 0.6075 0.1)
(0.4725 0.6075 0.1)
(0.495 0.6075 0.1)
(0.5175 0.6075 0.1)
(0.54 0.6075 0.1)
(0.5625 0.6075 0.1)
(0.585 0.6075 0.1)
(0.6075 0.6075 0.1)
(0.63 0.6075 0.1)
(0.6525 0.6075 0.1)
(0.675 0.6075 0.1)
(0.6975 0.6075 0.1)
(0.72 0.6075 0.1)
(0.7425 0.6075 0.1)
(0.765 0.6075 0.1)
(0.7875 0.6075 0.1)
(0.81 0.6075 0.1)
(0.8325 0.6075 0.1)
(0.855 0.6075 0.1)
(0.8775 0.6075 0.1)
(0.9 0.6075 0.1)
(0 0.63 0.1)
(0.0225 0.63 0.1)
(0.045 0.63 0.1)
(0.0675 0.63 0.1)
(0.09 0.63 0.1)
(0.1125 0.63 0.1)
(0.135 0.63 0.1)
(0.1575 0.63 0.1)
(0.18 0.63 0.1)
(0.2025 0.63 0.1)
(0.225 0.63 0.1)
(0.2475 0.63 0.1)
(0.27 0.63 0.1)
(0.2925 0.63 0.1)
(0.315 0.63 0.1)
(0.3375 0.63 0.1)
(0.36 0.63 0.1)
(0.3825 0.63 0.1)
(0.405 0.63 0.1)
(0.4275 0.63 0.1)
(0.45 0.63 0.1)
(0.4725 0.63 0.1)
(0.495 0.63 0.1)
(0.5175 0.63 0.1)
(0.54 0.63 0.1)
(0.5625 0.63 0.1)
(0.585 0.63 0.1)
(0.6075 0.63 0.1)
(0.63 0.63 0.1)
(0.6525 0.63 0.1)
(0.675 0.63 0.1)
(0.6975 0.63 0.1)
(0.72 0.63 0.1)
(0.7425 0.63 0.1)
(0.765 0.63 0.1)
(0.7875 0.63 0.1)
(0.81 0.63 0.1)
(0.8325 0.63 0.1)
(0.855 0.63 0.1)
(0.8775 0.63 0.1)
(0.9 0.63 0.1)
(0 0.6525 0.1)
(0.0225 0.6525 0.1)
(0.045 0.6525 0.1)
(0.0675 0.6525 0.1)
(0.09 0.6525 0.1)
(0.1125 0.6525 0.1)
(0.135 0.6525 0.1)
(0.1575 0.6525 0.1)
(0.18 0.6525 0.1)
(0.2025 0.6525 0.1)
(0.225 0.6525 0.1)
(0.2475 0.6525 0.1)
(0.27 0.6525 0.1)
(0.2925 0.6525 0.1)
(0.315 0.6525 0.1)
(0.3375 0.6525 0.1)
(0.36 0.6525 0.1)
(0.3825 0.6525 0.1)
(0.405 0.6525 0.1)
(0.4275 0.6525 0.1)
(0.45 0.6525 0.1)
(0.4725 0.6525 0.1)
(0.495 0.6525 0.1)
(0.5175 0.6525 0.1)
(0.54 0.6525 0.1)
(0.5625 0.6525 0.1)
(0.585 0.6525 0.1)
(0.6075 0.6525 0.1)
(0.63 0.6525 0.1)
(0.6525 0.6525 0.1)
(0.675 0.6525 0.1)
(0.6975 0.6525 0.1)
(0.72 0.6525 0.1)
(0.7425 0.6525 0.1)
(0.765 0.6525 0.1)
(0.7875 0.6525 0.1)
(0.81 0.6525 0.1)
(0.8325 0.6525 0.1)
(0.855 0.6525 0.1)
(0.8775 0.6525 0.1)
(0.9 0.6525 0.1)
(0 0.675 0.1)
(0.0225 0.675 0.1)
(0.045 0.675 0.1)
(0.0675 0.675 0.1)
(0.09 0.675 0.1)
(0.1125 0.675 0.1)
(0.135 0.675 0.1)
(0.1575 0.675 0.1)
(0.18 0.675 0.1)
(0.2025 0.675 0.1)
(0.225 0.675 0.1)
(0.2475 0.675 0.1)
(0.27 0.675 0.1)
(0.2925 0.675 0.1)
(0.315 0.675 0.1)
(0.3375 0.675 0.1)
(0.36 0.675 0.1)
(0.3825 0.675 0.1)
(0.405 0.675 0.1)
(0.4275 0.675 0.1)
(0.45 0.675 0.1)
(0.4725 0.675 0.1)
(0.495 0.675 0.1)
(0.5175 0.675 0.1)
(0.54 0.675 0.1)
(0.5625 0.675 0.1)
(0.585 0.675 0.1)
(0.6075 0.675 0.1)
(0.63 0.675 0.1)
(0.6525 0.675 0.1)
(0.675 0.675 0.1)
(0.6975 0.675 0.1)
(0.72 0.675 0.1)
(0.7425 0.675 0.1)
(0.765 0.675 0.1)
(0.7875 0.675 0.1)
(0.81 0.675 0.1)
(0.8325 0.675 0.1)
(0.855 0.675 0.1)
(0.8775 0.675 0.1)
(0.9 0.675 0.1)
(0 0.6975 0.1)
(0.0225 0.6975 0.1)
(0.045 0.6975 0.1)
(0.0675 0.6975 0.1)
(0.09 0.6975 0.1)
(0.1125 0.6975 0.1)
(0.135 0.6975 0.1)
(0.1575 0.6975 0.1)
(0.18 0.6975 0.1)
(0.2025 0.6975 0.1)
(0.225 0.6975 0.1)
(0.2475 0.6975 0.1)
(0.27 0.6975 0.1)
(0.2925 0.6975 0.1)
(0.315 0.6975 0.1)
(0.3375 0.6975 0.1)
(0.36 0.6975 0.1)
(0.3825 0.6975 0.1)
(0.405 0.6975 0.1)
(0.4275 0.6975 0.1)
(0.45 0.6975 0.1)
(0.4725 0.6975 0.1)
(0.495 0.6975 0.1)
(0.5175 0.6975 0.1)
(0.54 0.6975 0.1)
(0.5625 0.6975 0.1)
(0.585 0.6975 0.1)
(0.6075 0.6975 0.1)
(0.63 0.6975 0.1)
(0.6525 0.6975 0.1)
(0.675 0.6975 0.1)
(0.6975 0.6975 0.1)
(0.72 0.6975 0.1)
(0.7425 0.6975 0.1)
(0.765 0.6975 0.1)
(0.7875 0.6975 0.1)
(0.81 0.6975 0.1)
(0.8325 0.6975 0.1)
(0.855 0.6975 0.1)
(0.8775 0.6975 0.1)
(0.9 0.6975 0.1)
(0 0.72 0.1)
(0.0225 0.72 0.1)
(0.045 0.72 0.1)
(0.0675 0.72 0.1)
(0.09 0.72 0.1)
(0.1125 0.72 0.1)
(0.135 0.72 0.1)
(0.1575 0.72 0.1)
(0.18 0.72 0.1)
(0.2025 0.72 0.1)
(0.225 0.72 0.1)
(0.2475 0.72 0.1)
(0.27 0.72 0.1)
(0.2925 0.72 0.1)
(0.315 0.72 0.1)
(0.3375 0.72 0.1)
(0.36 0.72 0.1)
(0.3825 0.72 0.1)
(0.405 0.72 0.1)
(0.4275 0.72 0.1)
(0.45 0.72 0.1)
(0.4725 0.72 0.1)
(0.495 0.72 0.1)
(0.5175 0.72 0.1)
(0.54 0.72 0.1)
(0.5625 0.72 0.1)
(0.585 0.72 0.1)
(0.6075 0.72 0.1)
(0.63 0.72 0.1)
(0.6525 0.72 0.1)
(0.675 0.72 0.1)
(0.6975 0.72 0.1)
(0.72 0.72 0.1)
(0.7425 0.72 0.1)
(0.765 0.72 0.1)
(0.7875 0.72 0.1)
(0.81 0.72 0.1)
(0.8325 0.72 0.1)
(0.855 0.72 0.1)
(0.8775 0.72 0.1)
(0.9 0.72 0.1)
(0 0.7425 0.1)
(0.0225 0.7425 0.1)
(0.045 0.7425 0.1)
(0.0675 0.7425 0.1)
(0.09 0.7425 0.1)
(0.1125 0.7425 0.1)
(0.135 0.7425 0.1)
(0.1575 0.7425 0.1)
(0.18 0.7425 0.1)
(0.2025 0.7425 0.1)
(0.225 0.7425 0.1)
(0.2475 0.7425 0.1)
(0.27 0.7425 0.1)
(0.2925 0.7425 0.1)
(0.315 0.7425 0.1)
(0.3375 0.7425 0.1)
(0.36 0.7425 0.1)
(0.3825 0.7425 0.1)
(0.405 0.7425 0.1)
(0.4275 0.7425 0.1)
(0.45 0.7425 0.1)
(0.4725 0.7425 0.1)
(0.495 0.7425 0.1)
(0.5175 0.7425 0.1)
(0.54 0.7425 0.1)
(0.5625 0.7425 0.1)
(0.585 0.7425 0.1)
(0.6075 0.7425 0.1)
(0.63 0.7425 0.1)
(0.6525 0.7425 0.1)
(0.675 0.7425 0.1)
(0.6975 0.7425 0.1)
(0.72 0.7425 0.1)
(0.7425 0.7425 0.1)
(0.765 0.7425 0.1)
(0.7875 0.7425 0.1)
(0.81 0.7425 0.1)
(0.8325 0.7425 0.1)
(0.855 0.7425 0.1)
(0.8775 0.7425 0.1)
(0.9 0.7425 0.1)
(0 0.765 0.1)
(0.0225 0.765 0.1)
(0.045 0.765 0.1)
(0.0675 0.765 0.1)
(0.09 0.765 0.1)
(0.1125 0.765 0.1)
(0.135 0.765 0.1)
(0.1575 0.765 0.1)
(0.18 0.765 0.1)
(0.2025 0.765 0.1)
(0.225 0.765 0.1)
(0.2475 0.765 0.1)
(0.27 0.765 0.1)
(0.2925 0.765 0.1)
(0.315 0.765 0.1)
(0.3375 0.765 0.1)
(0.36 0.765 0.1)
(0.3825 0.765 0.1)
(0.405 0.765 0.1)
(0.4275 0.765 0.1)
(0.45 0.765 0.1)
(0.4725 0.765 0.1)
(0.495 0.765 0.1)
(0.5175 0.765 0.1)
(0.54 0.765 0.1)
(0.5625 0.765 0.1)
(0.585 0.765 0.1)
(0.6075 0.765 0.1)
(0.63 0.765 0.1)
(0.6525 0.765 0.1)
(0.675 0.765 0.1)
(0.6975 0.765 0.1)
(0.72 0.765 0.1)
(0.7425 0.765 0.1)
(0.765 0.765 0.1)
(0.7875 0.765 0.1)
(0.81 0.765 0.1)
(0.8325 0.765 0.1)
(0.855 0.765 0.1)
(0.8775 0.765 0.1)
(0.9 0.765 0.1)
(0 0.7875 0.1)
(0.0225 0.7875 0.1)
(0.045 0.7875 0.1)
(0.0675 0.7875 0.1)
(0.09 0.7875 0.1)
(0.1125 0.7875 0.1)
(0.135 0.7875 0.1)
(0.1575 0.7875 0.1)
(0.18 0.7875 0.1)
(0.2025 0.7875 0.1)
(0.225 0.7875 0.1)
(0.2475 0.7875 0.1)
(0.27 0.7875 0.1)
(0.2925 0.7875 0.1)
(0.315 0.7875 0.1)
(0.3375 0.7875 0.1)
(0.36 0.7875 0.1)
(0.3825 0.7875 0.1)
(0.405 0.7875 0.1)
(0.4275 0.7875 0.1)
(0.45 0.7875 0.1)
(0.4725 0.7875 0.1)
(0.495 0.7875 0.1)
(0.5175 0.7875 0.1)
(0.54 0.7875 0.1)
(0.5625 0.7875 0.1)
(0.585 0.7875 0.1)
(0.6075 0.7875 0.1)
(0.63 0.7875 0.1)
(0.6525 0.7875 0.1)
(0.675 0.7875 0.1)
(0.6975 0.7875 0.1)
(0.72 0.7875 0.1)
(0.7425 0.7875 0.1)
(0.765 0.7875 0.1)
(0.7875 0.7875 0.1)
(0.81 0.7875 0.1)
(0.8325 0.7875 0.1)
(0.855 0.7875 0.1)
(0.8775 0.7875 0.1)
(0.9 0.7875 0.1)
(0 0.81 0.1)
(0.0225 0.81 0.1)
(0.045 0.81 0.1)
(0.0675 0.81 0.1)
(0.09 0.81 0.1)
(0.1125 0.81 0.1)
(0.135 0.81 0.1)
(0.1575 0.81 0.1)
(0.18 0.81 0.1)
(0.2025 0.81 0.1)
(0.225 0.81 0.1)
(0.2475 0.81 0.1)
(0.27 0.81 0.1)
(0.2925 0.81 0.1)
(0.315 0.81 0.1)
(0.3375 0.81 0.1)
(0.36 0.81 0.1)
(0.3825 0.81 0.1)
(0.405 0.81 0.1)
(0.4275 0.81 0.1)
(0.45 0.81 0.1)
(0.4725 0.81 0.1)
(0.495 0.81 0.1)
(0.5175 0.81 0.1)
(0.54 0.81 0.1)
(0.5625 0.81 0.1)
(0.585 0.81 0.1)
(0.6075 0.81 0.1)
(0.63 0.81 0.1)
(0.6525 0.81 0.1)
(0.675 0.81 0.1)
(0.6975 0.81 0.1)
(0.72 0.81 0.1)
(0.7425 0.81 0.1)
(0.765 0.81 0.1)
(0.7875 0.81 0.1)
(0.81 0.81 0.1)
(0.8325 0.81 0.1)
(0.855 0.81 0.1)
(0.8775 0.81 0.1)
(0.9 0.81 0.1)
(0 0.8325 0.1)
(0.0225 0.8325 0.1)
(0.045 0.8325 0.1)
(0.0675 0.8325 0.1)
(0.09 0.8325 0.1)
(0.1125 0.8325 0.1)
(0.135 0.8325 0.1)
(0.1575 0.8325 0.1)
(0.18 0.8325 0.1)
(0.2025 0.8325 0.1)
(0.225 0.8325 0.1)
(0.2475 0.8325 0.1)
(0.27 0.8325 0.1)
(0.2925 0.8325 0.1)
(0.315 0.8325 0.1)
(0.3375 0.8325 0.1)
(0.36 0.8325 0.1)
(0.3825 0.8325 0.1)
(0.405 0.8325 0.1)
(0.4275 0.8325 0.1)
(0.45 0.8325 0.1)
(0.4725 0.8325 0.1)
(0.495 0.8325 0.1)
(0.5175 0.8325 0.1)
(0.54 0.8325 0.1)
(0.5625 0.8325 0.1)
(0.585 0.8325 0.1)
(0.6075 0.8325 0.1)
(0.63 0.8325 0.1)
(0.6525 0.8325 0.1)
(0.675 0.8325 0.1)
(0.6975 0.8325 0.1)
(0.72 0.8325 0.1)
(0.7425 0.8325 0.1)
(0.765 0.8325 0.1)
(0.7875 0.8325 0.1)
(0.81 0.8325 0.1)
(0.8325 0.8325 0.1)
(0.855 0.8325 0.1)
(0.8775 0.8325 0.1)
(0.9 0.8325 0.1)
(0 0.855 0.1)
(0.0225 0.855 0.1)
(0.045 0.855 0.1)
(0.0675 0.855 0.1)
(0.09 0.855 0.1)
(0.1125 0.855 0.1)
(0.135 0.855 0.1)
(0.1575 0.855 0.1)
(0.18 0.855 0.1)
(0.2025 0.855 0.1)
(0.225 0.855 0.1)
(0.2475 0.855 0.1)
(0.27 0.855 0.1)
(0.2925 0.855 0.1)
(0.315 0.855 0.1)
(0.3375 0.855 0.1)
(0.36 0.855 0.1)
(0.3825 0.855 0.1)
(0.405 0.855 0.1)
(0.4275 0.855 0.1)
(0.45 0.855 0.1)
(0.4725 0.855 0.1)
(0.495 0.855 0.1)
(0.5175 0.855 0.1)
(0.54 0.855 0.1)
(0.5625 0.855 0.1)
(0.585 0.855 0.1)
(0.6075 0.855 0.1)
(0.63 0.855 0.1)
(0.6525 0.855 0.1)
(0.675 0.855 0.1)
(0.6975 0.855 0.1)
(0.72 0.855 0.1)
(0.7425 0.855 0.1)
(0.765 0.855 0.1)
(0.7875 0.855 0.1)
(0.81 0.855 0.1)
(0.8325 0.855 0.1)
(0.855 0.855 0.1)
(0.8775 0.855 0.1)
(0.9 0.855 0.1)
(0 0.8775 0.1)
(0.0225 0.8775 0.1)
(0.045 0.8775 0.1)
(0.0675 0.8775 0.1)
(0.09 0.8775 0.1)
(0.1125 0.8775 0.1)
(0.135 0.8775 0.1)
(0.1575 0.8775 0.1)
(0.18 0.8775 0.1)
(0.2025 0.8775 0.1)
(0.225 0.8775 0.1)
(0.2475 0.8775 0.1)
(0.27 0.8775 0.1)
(0.2925 0.8775 0.1)
(0.315 0.8775 0.1)
(0.3375 0.8775 0.1)
(0.36 0.8775 0.1)
(0.3825 0.8775 0.1)
(0.405 0.8775 0.1)
(0.4275 0.8775 0.1)
(0.45 0.8775 0.1)
(0.4725 0.8775 0.1)
(0.495 0.8775 0.1)
(0.5175 0.8775 0.1)
(0.54 0.8775 0.1)
(0.5625 0.8775 0.1)
(0.585 0.8775 0.1)
(0.6075 0.8775 0.1)
(0.63 0.8775 0.1)
(0.6525 0.8775 0.1)
(0.675 0.8775 0.1)
(0.6975 0.8775 0.1)
(0.72 0.8775 0.1)
(0.7425 0.8775 0.1)
(0.765 0.8775 0.1)
(0.7875 0.8775 0.1)
(0.81 0.8775 0.1)
(0.8325 0.8775 0.1)
(0.855 0.8775 0.1)
(0.8775 0.8775 0.1)
(0.9 0.8775 0.1)
(0 0.9 0.1)
(0.0225 0.9 0.1)
(0.045 0.9 0.1)
(0.0675 0.9 0.1)
(0.09 0.9 0.1)
(0.1125 0.9 0.1)
(0.135 0.9 0.1)
(0.1575 0.9 0.1)
(0.18 0.9 0.1)
(0.2025 0.9 0.1)
(0.225 0.9 0.1)
(0.2475 0.9 0.1)
(0.27 0.9 0.1)
(0.2925 0.9 0.1)
(0.315 0.9 0.1)
(0.3375 0.9 0.1)
(0.36 0.9 0.1)
(0.3825 0.9 0.1)
(0.405 0.9 0.1)
(0.4275 0.9 0.1)
(0.45 0.9 0.1)
(0.4725 0.9 0.1)
(0.495 0.9 0.1)
(0.5175 0.9 0.1)
(0.54 0.9 0.1)
(0.5625 0.9 0.1)
(0.585 0.9 0.1)
(0.6075 0.9 0.1)
(0.63 0.9 0.1)
(0.6525 0.9 0.1)
(0.675 0.9 0.1)
(0.6975 0.9 0.1)
(0.72 0.9 0.1)
(0.7425 0.9 0.1)
(0.765 0.9 0.1)
(0.7875 0.9 0.1)
(0.81 0.9 0.1)
(0.8325 0.9 0.1)
(0.855 0.9 0.1)
(0.8775 0.9 0.1)
(0.9 0.9 0.1)
)


// ************************************************************************* //
