0.20729 0.020094
0.21986 0.021313
0.23244 0.022532
0.24501 0.023751
0.25758 0.02497
0.27015 0.026188
0.28273 0.027407
0.20492 0.037144
0.21735 0.039397
0.22978 0.041649
0.24221 0.043902
0.25464 0.046155
0.26707 0.048408
0.2795 0.050661
0.20116 0.053939
0.21336 0.057211
0.22556 0.060482
0.23776 0.063754
0.24996 0.067026
0.26216 0.070297
0.27436 0.073569
0.19602 0.070367
0.2079 0.074634
0.21979 0.078902
0.23168 0.08317
0.24357 0.087438
0.25546 0.091706
0.26735 0.095974
0.18954 0.086313
0.20103 0.091548
0.21253 0.096783
0.22402 0.10202
0.23552 0.10725
0.24701 0.11249
0.25851 0.11772
0.18176 0.10167
0.19278 0.10784
0.20381 0.114
0.21483 0.12017
0.22586 0.12634
0.23688 0.1325
0.2479 0.13867
