/*--------------------------------*- C++ -*----------------------------------*\
  =========                 |
  \\      /  F ield         | OpenFOAM: The Open Source CFD Toolbox
   \\    /   O peration     | Website:  https://openfoam.org
    \\  /    A nd           | Version:  6
     \\/     M anipulation  |
\*---------------------------------------------------------------------------*/
FoamFile
{
    version     2.0;
    format      ascii;
    class       volScalarField;
    location    "0";
    object      Tlift0;
}
// * * * * * * * * * * * * * * * * * * * * * * * * * * * * * * * * * * * * * //

dimensions      [0 0 0 1 0 0 0];

internalField   nonuniform List<scalar> 
2500
(
0.000109473
0.000327968
0.00054511
0.000760005
0.000971773
0.00117955
0.00138249
0.00157977
0.00177062
0.00195427
0.00213
0.00229714
0.00245504
0.0026031
0.00274078
0.00286755
0.00298297
0.00308661
0.0031781
0.00325712
0.00332339
0.00337668
0.00341681
0.00344364
0.00345707
0.00345707
0.00344364
0.00341681
0.00337668
0.00332339
0.00325712
0.0031781
0.00308661
0.00298297
0.00286755
0.00274078
0.0026031
0.00245504
0.00229714
0.00213
0.00195427
0.00177062
0.00157977
0.00138249
0.00117955
0.000971772
0.000760005
0.00054511
0.000327968
0.000109473
0.000328872
0.000985258
0.00163758
0.00228314
0.00291931
0.00354348
0.00415311
0.00474576
0.00531905
0.00587072
0.0063986
0.00690065
0.00737494
0.00781969
0.00823322
0.00861402
0.00896068
0.00927197
0.00954676
0.0097841
0.00998314
0.0101432
0.0102637
0.0103443
0.0103847
0.0103847
0.0103443
0.0102637
0.0101432
0.00998314
0.00978409
0.00954676
0.00927197
0.00896068
0.00861402
0.00823322
0.00781969
0.00737494
0.00690065
0.0063986
0.00587072
0.00531905
0.00474576
0.00415311
0.00354348
0.00291931
0.00228314
0.00163758
0.000985257
0.000328872
0.000549629
0.00164661
0.0027368
0.00381569
0.00487885
0.00592194
0.00694073
0.00793111
0.00888911
0.00981096
0.010693
0.0115319
0.0123244
0.0130675
0.0137584
0.0143946
0.0149738
0.0154938
0.0159529
0.0163494
0.0166819
0.0169493
0.0171506
0.0172852
0.0173526
0.0173526
0.0172852
0.0171506
0.0169493
0.0166819
0.0163494
0.0159529
0.0154938
0.0149738
0.0143946
0.0137584
0.0130675
0.0123244
0.0115319
0.010693
0.00981096
0.00888911
0.0079311
0.00694073
0.00592194
0.00487885
0.00381568
0.0027368
0.00164661
0.000549628
0.000772657
0.00231477
0.00384731
0.00536395
0.00685846
0.00832471
0.00975676
0.0111488
0.0124953
0.013791
0.0150307
0.0162096
0.0173233
0.0183675
0.0193383
0.0202323
0.021046
0.0217767
0.0224216
0.0229786
0.0234457
0.0238214
0.0241042
0.0242933
0.024388
0.024388
0.0242933
0.0241042
0.0238214
0.0234457
0.0229786
0.0224216
0.0217767
0.021046
0.0202323
0.0193383
0.0183675
0.0173233
0.0162096
0.0150307
0.013791
0.0124953
0.0111488
0.00975676
0.00832471
0.00685845
0.00536395
0.00384731
0.00231477
0.000772657
0.000998883
0.00299251
0.00497373
0.00693436
0.00886632
0.0107617
0.0126128
0.0144121
0.0161524
0.0178269
0.019429
0.0209525
0.0223916
0.0237408
0.0249952
0.0261501
0.0272013
0.0281452
0.0289783
0.0296978
0.0303011
0.0307862
0.0311515
0.0313958
0.0315181
0.0315181
0.0313957
0.0311515
0.0307862
0.0303011
0.0296978
0.0289783
0.0281452
0.0272013
0.0261501
0.0249952
0.0237408
0.0223916
0.0209525
0.019429
0.0178269
0.0161524
0.0144121
0.0126128
0.0107617
0.00886631
0.00693435
0.00497373
0.00299251
0.000998883
0.00122925
0.00368265
0.00612074
0.00853343
0.0109108
0.013243
0.0155206
0.0177343
0.0198754
0.0219353
0.023906
0.0257799
0.0275498
0.029209
0.0307515
0.0321716
0.0334641
0.0346245
0.0356486
0.0365331
0.0372747
0.037871
0.03832
0.0386201
0.0387705
0.0387705
0.0386201
0.03832
0.037871
0.0372747
0.0365331
0.0356486
0.0346245
0.0334641
0.0321715
0.0307515
0.029209
0.0275498
0.0257799
0.023906
0.0219353
0.0198754
0.0177343
0.0155206
0.013243
0.0109108
0.00853343
0.00612074
0.00368265
0.00122925
0.00146473
0.00438809
0.00729316
0.0101679
0.0130003
0.0157789
0.0184922
0.0211292
0.0236795
0.0261329
0.0284798
0.0307112
0.0328186
0.034794
0.0366302
0.0383206
0.0398589
0.0412399
0.0424587
0.0435111
0.0443936
0.0451031
0.0456373
0.0459944
0.0461732
0.0461732
0.0459944
0.0456373
0.0451031
0.0443936
0.0435111
0.0424587
0.0412399
0.0398589
0.0383206
0.0366302
0.034794
0.0328186
0.0307112
0.0284798
0.0261329
0.0236795
0.0211292
0.0184922
0.0157789
0.0130003
0.0101679
0.00729315
0.00438809
0.00146473
0.00170632
0.00511182
0.00849593
0.0118446
0.0151438
0.01838
0.02154
0.024611
0.0275806
0.030437
0.0331692
0.0357666
0.0382193
0.0405182
0.0426549
0.0446215
0.0464112
0.0480176
0.0494352
0.0506592
0.0516854
0.0525105
0.0531316
0.0535468
0.0537548
0.0537548
0.0535468
0.0531316
0.0525105
0.0516854
0.0506592
0.0494352
0.0480176
0.0464112
0.0446215
0.0426549
0.0405182
0.0382193
0.0357666
0.0331692
0.030437
0.0275806
0.024611
0.02154
0.01838
0.0151438
0.0118446
0.00849593
0.00511182
0.00170632
0.00195505
0.00585693
0.0097342
0.0135706
0.0173503
0.0210574
0.0246769
0.0281941
0.0315947
0.0348654
0.0379934
0.0409666
0.0437739
0.0464047
0.0488495
0.0510995
0.0531468
0.0549842
0.0566054
0.0580051
0.0591785
0.0601218
0.0608319
0.0613066
0.0615444
0.0615444
0.0613066
0.0608319
0.0601218
0.0591785
0.0580051
0.0566054
0.0549842
0.0531468
0.0510995
0.0488495
0.0464047
0.0437739
0.0409666
0.0379934
0.0348654
0.0315947
0.0281941
0.0246769
0.0210574
0.0173503
0.0135706
0.0097342
0.00585693
0.00195505
0.002212
0.00662664
0.0110133
0.0153536
0.0196292
0.0238225
0.0279162
0.0318936
0.0357388
0.0394365
0.0429723
0.0463326
0.0495049
0.0524772
0.055239
0.0577803
0.0600922
0.0621668
0.0639972
0.0655772
0.0669016
0.0679663
0.0687677
0.0693034
0.0695717
0.0695717
0.0693034
0.0687677
0.0679663
0.0669016
0.0655772
0.0639972
0.0621668
0.0600922
0.0577803
0.055239
0.0524772
0.0495049
0.0463326
0.0429723
0.0394365
0.0357388
0.0318936
0.0279162
0.0238225
0.0196292
0.0153536
0.0110133
0.00662664
0.00221199
0.00247829
0.00742433
0.0123388
0.0172011
0.0219905
0.0266872
0.0312718
0.0357255
0.0400304
0.0441695
0.0481267
0.0518868
0.0554357
0.0587604
0.0618489
0.0646904
0.0672749
0.0695938
0.0716393
0.0734048
0.0748846
0.076074
0.0769692
0.0775676
0.0778672
0.0778672
0.0775676
0.0769692
0.076074
0.0748846
0.0734048
0.0716393
0.0695938
0.0672749
0.0646904
0.0618489
0.0587604
0.0554357
0.0518868
0.0481267
0.0441695
0.0400304
0.0357255
0.0312718
0.0266872
0.0219905
0.0172011
0.0123388
0.00742433
0.00247829
0.00275511
0.00825355
0.0137167
0.0191213
0.0244445
0.029664
0.0347582
0.0397061
0.0444878
0.0490845
0.0534782
0.0576521
0.0615908
0.0652798
0.068706
0.0718574
0.0747233
0.0772941
0.0795615
0.0815182
0.083158
0.0844758
0.0854677
0.0861306
0.0864625
0.0864625
0.0861306
0.0854677
0.0844758
0.083158
0.0815182
0.0795615
0.0772941
0.0747233
0.0718574
0.068706
0.0652798
0.0615908
0.0576521
0.0534782
0.0490845
0.0444878
0.0397061
0.0347582
0.029664
0.0244445
0.0191213
0.0137167
0.00825355
0.00275511
0.00304372
0.00911805
0.0151531
0.021123
0.0270023
0.0327662
0.0383908
0.0438529
0.0491304
0.0542024
0.0590494
0.0636528
0.0679955
0.072062
0.0758378
0.07931
0.0824668
0.085298
0.0877945
0.0899484
0.0917533
0.0932036
0.0942951
0.0950245
0.0953897
0.0953897
0.0950245
0.0942951
0.0932036
0.0917533
0.0899484
0.0877945
0.085298
0.0824668
0.0793099
0.0758378
0.072062
0.0679955
0.0636528
0.0590494
0.0542024
0.0491304
0.0438529
0.0383908
0.0327662
0.0270023
0.021123
0.0151531
0.00911805
0.00304372
0.00334546
0.0100218
0.0166547
0.0232152
0.0296754
0.0360078
0.0421859
0.0481842
0.0539784
0.0595456
0.0648641
0.069914
0.0746766
0.0791349
0.0832733
0.0870778
0.0905359
0.0936365
0.0963699
0.0987278
0.100703
0.10229
0.103485
0.104283
0.104682
0.104682
0.104283
0.103485
0.10229
0.100703
0.0987278
0.0963699
0.0936365
0.0905359
0.0870778
0.0832733
0.0791349
0.0746766
0.069914
0.0648641
0.0595455
0.0539784
0.0481842
0.0421859
0.0360078
0.0296754
0.0232152
0.0166546
0.0100218
0.00334546
0.00366175
0.0109692
0.0182284
0.0254079
0.0324764
0.0394038
0.0461608
0.0527196
0.0590534
0.0651373
0.0709476
0.0764626
0.0816621
0.0865277
0.0910427
0.0951921
0.0989626
0.102342
0.105321
0.10789
0.110041
0.11177
0.11307
0.113939
0.114374
0.114374
0.113939
0.11307
0.11177
0.110041
0.10789
0.105321
0.102342
0.0989626
0.0951921
0.0910427
0.0865277
0.0816621
0.0764626
0.0709476
0.0651373
0.0590534
0.0527196
0.0461608
0.0394038
0.0324764
0.0254079
0.0182284
0.0109692
0.00366175
0.00399414
0.0119647
0.0198821
0.0277114
0.0354185
0.0429701
0.0503341
0.0574799
0.0643785
0.0710025
0.0773264
0.0833266
0.0889814
0.0942711
0.0991777
0.103685
0.10778
0.111449
0.114682
0.117469
0.119803
0.121677
0.123088
0.12403
0.124501
0.124501
0.12403
0.123088
0.121677
0.119803
0.117469
0.114682
0.111449
0.10778
0.103685
0.0991777
0.0942711
0.0889814
0.0833266
0.0773264
0.0710025
0.0643785
0.0574799
0.0503341
0.0429701
0.0354185
0.0277114
0.0198821
0.0119647
0.00399414
0.00434428
0.0130133
0.0216237
0.0301372
0.0385161
0.0467239
0.0547256
0.0624875
0.0699782
0.0771678
0.0840289
0.0905361
0.0966659
0.102397
0.107712
0.112592
0.117023
0.120992
0.124488
0.127501
0.130024
0.13205
0.133573
0.134591
0.1351
0.1351
0.134591
0.133573
0.13205
0.130024
0.127501
0.124488
0.120992
0.117023
0.112592
0.107712
0.102397
0.0966659
0.0905361
0.0840289
0.0771678
0.0699782
0.0624875
0.0547256
0.0467239
0.0385161
0.0301372
0.0216237
0.0130133
0.00434428
0.00471398
0.0141204
0.0234624
0.0326976
0.0417849
0.050684
0.0593567
0.0677664
0.0758788
0.0836617
0.0910855
0.0981228
0.104749
0.110941
0.11668
0.121947
0.126728
0.131008
0.134777
0.138024
0.140742
0.142924
0.144564
0.14566
0.146208
0.146208
0.14566
0.144564
0.142924
0.140742
0.138024
0.134777
0.131008
0.126728
0.121947
0.11668
0.110941
0.104749
0.0981228
0.0910855
0.0836617
0.0758788
0.0677664
0.0593567
0.050684
0.0417849
0.0326976
0.0234624
0.0141204
0.00471398
0.00510523
0.015292
0.0254078
0.0354061
0.0452417
0.0548705
0.0642508
0.0733427
0.0821089
0.0905148
0.0985285
0.106121
0.113265
0.119938
0.126119
0.13179
0.136933
0.141537
0.145588
0.149077
0.151996
0.154339
0.1561
0.157276
0.157865
0.157865
0.157276
0.1561
0.154339
0.151996
0.149077
0.145588
0.141537
0.136933
0.13179
0.126119
0.119938
0.113265
0.106121
0.0985285
0.0905148
0.0821089
0.0733427
0.0642508
0.0548705
0.0452417
0.0354061
0.0254078
0.015292
0.00510523
0.0055202
0.0165345
0.0274706
0.0382774
0.0489051
0.0593057
0.0694332
0.0792446
0.0886994
0.0977602
0.106393
0.114567
0.122253
0.129428
0.13607
0.142159
0.147679
0.152617
0.15696
0.160699
0.163827
0.166336
0.168221
0.16948
0.170111
0.170111
0.16948
0.168221
0.166336
0.163827
0.160699
0.15696
0.152617
0.147679
0.142159
0.13607
0.129428
0.122253
0.114567
0.106393
0.0977602
0.0886994
0.0792446
0.0694332
0.0593057
0.0489051
0.0382774
0.0274706
0.0165345
0.0055202
0.00596131
0.0178551
0.0296627
0.0413279
0.0527958
0.0640138
0.0749319
0.0855031
0.0956838
0.105434
0.114717
0.123499
0.131753
0.139451
0.146572
0.153096
0.159008
0.164291
0.168937
0.172934
0.176276
0.178956
0.180969
0.182313
0.182986
0.182986
0.182313
0.180969
0.178956
0.176276
0.172934
0.168937
0.164291
0.159008
0.153096
0.146572
0.139451
0.131753
0.123499
0.114717
0.105434
0.0956838
0.0855031
0.0749319
0.0640138
0.0527958
0.0413279
0.0296627
0.0178551
0.00596131
0.00643124
0.0192619
0.0319974
0.0445756
0.0569363
0.0690218
0.0807774
0.0921522
0.103099
0.113574
0.12354
0.132961
0.141807
0.150052
0.157672
0.164647
0.170963
0.176605
0.181562
0.185824
0.189386
0.192242
0.194387
0.195818
0.196534
0.196534
0.195818
0.194387
0.192242
0.189386
0.185824
0.181562
0.176605
0.170963
0.164647
0.157672
0.150052
0.141807
0.132961
0.12354
0.113574
0.103099
0.0921522
0.0807774
0.0690218
0.0569363
0.0445756
0.0319974
0.0192619
0.00643124
0.00693302
0.0207638
0.0344893
0.0480409
0.0613521
0.0743597
0.0870039
0.0992293
0.110985
0.122225
0.132908
0.142998
0.152464
0.161277
0.169415
0.176859
0.183592
0.189603
0.19488
0.199416
0.203203
0.206238
0.208518
0.210038
0.210799
0.210799
0.210038
0.208518
0.206238
0.203203
0.199416
0.19488
0.189603
0.183592
0.176859
0.169415
0.161277
0.152464
0.142998
0.132908
0.122225
0.110985
0.0992293
0.0870039
0.0743597
0.0613521
0.0480409
0.0344893
0.0207638
0.00693302
0.00747006
0.022371
0.0371552
0.0517465
0.0660716
0.0800609
0.0936491
0.106776
0.119387
0.131433
0.14287
0.15366
0.163772
0.173177
0.181853
0.18978
0.196945
0.203335
0.20894
0.213755
0.217773
0.220991
0.223407
0.225018
0.225824
0.225824
0.225018
0.223407
0.220991
0.217773
0.213755
0.20894
0.203335
0.196945
0.18978
0.181853
0.173177
0.163772
0.15366
0.14287
0.131433
0.119387
0.106776
0.0936491
0.0800609
0.0660716
0.0517465
0.0371552
0.022371
0.00747006
0.00804624
0.0240951
0.0400139
0.0557182
0.0711269
0.0861631
0.100756
0.114839
0.128354
0.141249
0.153478
0.165001
0.175787
0.185806
0.195038
0.203465
0.211073
0.217851
0.223792
0.22889
0.233143
0.236547
0.239101
0.240803
0.241655
0.241655
0.240803
0.239101
0.236547
0.233143
0.22889
0.223792
0.217851
0.211073
0.203465
0.195038
0.185806
0.175787
0.165001
0.153478
0.141249
0.128354
0.114839
0.100756
0.0861631
0.0711269
0.0557182
0.0400139
0.0240951
0.00804624
0.008666
0.0259493
0.0430872
0.0599856
0.0765545
0.0927092
0.108371
0.12347
0.137942
0.151731
0.164791
0.17708
0.188567
0.199224
0.209029
0.217969
0.226029
0.233204
0.239486
0.244872
0.249361
0.252952
0.255645
0.25744
0.258338
0.258338
0.25744
0.255645
0.252952
0.249361
0.244872
0.239486
0.233204
0.226029
0.217969
0.209029
0.199224
0.188567
0.17708
0.164791
0.151731
0.137942
0.12347
0.108371
0.0927092
0.0765545
0.0599856
0.0430872
0.0259493
0.008666
0.00933451
0.0279488
0.0463999
0.0645826
0.0823964
0.0997477
0.116551
0.132728
0.148212
0.162944
0.176874
0.189963
0.202177
0.213491
0.223887
0.233351
0.241873
0.249449
0.256075
0.261751
0.266478
0.270256
0.273088
0.274975
0.275918
0.275918
0.274975
0.273088
0.270256
0.266478
0.261751
0.256075
0.249449
0.241873
0.233351
0.223887
0.213491
0.202177
0.189963
0.176874
0.162944
0.148212
0.132728
0.116551
0.0997477
0.0823964
0.0645826
0.0463999
0.0279488
0.00933451
0.0100578
0.0301115
0.0499811
0.0695483
0.0887009
0.107335
0.125355
0.142679
0.159234
0.174957
0.189799
0.20372
0.216687
0.228678
0.239677
0.249674
0.258664
0.266643
0.273615
0.27958
0.284542
0.288506
0.291475
0.293453
0.294441
0.294441
0.293453
0.291475
0.288506
0.284542
0.27958
0.273615
0.266643
0.258664
0.249674
0.239677
0.228678
0.216687
0.20372
0.189799
0.174957
0.159234
0.142679
0.125355
0.107335
0.0887009
0.0695483
0.0499811
0.0301115
0.0100578
0.0108428
0.0324582
0.0538648
0.0749287
0.095524
0.115535
0.134857
0.1534
0.171087
0.187852
0.203646
0.218429
0.232173
0.244857
0.256469
0.267005
0.276464
0.284847
0.29216
0.298411
0.303605
0.307751
0.310855
0.31292
0.313952
0.313952
0.31292
0.310855
0.307751
0.303605
0.298411
0.29216
0.284847
0.276464
0.267005
0.256469
0.244857
0.232173
0.218429
0.203646
0.187852
0.171087
0.1534
0.134857
0.115535
0.095524
0.0749287
0.0538648
0.0324582
0.0108428
0.011698
0.0350138
0.0580911
0.0807778
0.102932
0.124423
0.145138
0.164978
0.18386
0.201719
0.218504
0.234179
0.248718
0.262107
0.274339
0.285414
0.295338
0.30412
0.311769
0.318298
0.323718
0.328039
0.331271
0.333422
0.334496
0.334496
0.333422
0.331271
0.328039
0.323718
0.318298
0.311769
0.30412
0.295338
0.285414
0.274339
0.262107
0.248718
0.234179
0.218504
0.201719
0.18386
0.164978
0.145138
0.124423
0.102932
0.0807778
0.0580911
0.0350138
0.011698
0.0126334
0.0378078
0.0627079
0.0871597
0.111002
0.134089
0.156294
0.177512
0.197656
0.21666
0.234473
0.251064
0.266414
0.280513
0.293364
0.304974
0.315356
0.324525
0.332499
0.339294
0.344928
0.349416
0.35277
0.355
0.356113
0.356113
0.355
0.35277
0.349416
0.344928
0.339294
0.332499
0.324525
0.315356
0.304974
0.293364
0.280513
0.266414
0.251064
0.234473
0.21666
0.197656
0.177512
0.156294
0.134089
0.111002
0.0871597
0.0627079
0.0378078
0.0126334
0.0136612
0.0408762
0.0677731
0.0941513
0.119827
0.144635
0.168439
0.191121
0.212594
0.23279
0.251665
0.269192
0.285359
0.300169
0.313631
0.325763
0.336586
0.346126
0.354406
0.361452
0.367285
0.371926
0.375392
0.377695
0.378844
0.378844
0.377695
0.375392
0.371926
0.367285
0.361452
0.354406
0.346126
0.336586
0.325763
0.313631
0.300169
0.285359
0.269192
0.251665
0.23279
0.212594
0.191121
0.168439
0.144635
0.119827
0.0941513
0.0677731
0.0408762
0.0136612
0.0147962
0.0442629
0.073357
0.101846
0.129518
0.156188
0.181703
0.20594
0.228807
0.250242
0.270204
0.288678
0.305663
0.321171
0.335227
0.347859
0.359101
0.368986
0.377548
0.384821
0.390834
0.395612
0.399176
0.401544
0.402724
0.402724
0.401544
0.399176
0.395612
0.390834
0.384821
0.377548
0.368986
0.359101
0.347859
0.335227
0.321171
0.305663
0.288678
0.270204
0.250242
0.228807
0.20594
0.181703
0.156188
0.129518
0.101846
0.073357
0.0442629
0.0147962
0.016057
0.0480219
0.0795464
0.110357
0.14021
0.168896
0.196246
0.222129
0.246454
0.269165
0.290232
0.309653
0.327442
0.343627
0.358248
0.371347
0.382972
0.393168
0.401981
0.409452
0.415618
0.420512
0.424158
0.426579
0.427785
0.427785
0.426579
0.424158
0.420512
0.415618
0.409452
0.401981
0.393168
0.382972
0.371347
0.358248
0.343627
0.327442
0.309653
0.290232
0.269165
0.246454
0.222129
0.196246
0.168896
0.14021
0.110357
0.0795464
0.0480219
0.016057
0.0174667
0.0522215
0.0864493
0.119827
0.15207
0.182941
0.212254
0.239875
0.265716
0.289731
0.311907
0.33226
0.350824
0.367648
0.38279
0.39631
0.408271
0.418733
0.427755
0.435387
0.441675
0.446658
0.450367
0.452827
0.454053
0.454053
0.452827
0.450367
0.446658
0.441675
0.435387
0.427755
0.418733
0.408271
0.39631
0.38279
0.367648
0.350824
0.33226
0.311907
0.289731
0.265716
0.239875
0.212254
0.182941
0.15207
0.119827
0.0864493
0.0522215
0.0174667
0.0190551
0.0569482
0.0942023
0.130431
0.165301
0.198543
0.229955
0.259402
0.286805
0.312136
0.335406
0.356656
0.375947
0.393352
0.408953
0.422831
0.435068
0.44574
0.454918
0.462665
0.469037
0.474078
0.477826
0.480309
0.481546
0.481546
0.480309
0.477826
0.474078
0.469037
0.462665
0.454918
0.44574
0.435068
0.422831
0.408953
0.393352
0.375947
0.356656
0.335406
0.312136
0.286805
0.259402
0.229955
0.198543
0.165301
0.130431
0.0942023
0.0569482
0.0190551
0.0208606
0.0623137
0.102981
0.142394
0.180161
0.215975
0.249622
0.280972
0.309965
0.336601
0.360925
0.383011
0.402955
0.420861
0.436838
0.450994
0.46343
0.474241
0.483513
0.49132
0.497728
0.50279
0.50655
0.509038
0.510277
0.510277
0.509038
0.50655
0.50279
0.497728
0.49132
0.483513
0.474241
0.46343
0.450994
0.436838
0.420861
0.402955
0.383011
0.360925
0.336601
0.309965
0.280972
0.249622
0.215975
0.180161
0.142394
0.102981
0.0623137
0.0208606
0.022934
0.0684654
0.113013
0.156004
0.196972
0.235574
0.271588
0.304898
0.335481
0.363379
0.388681
0.41151
0.432001
0.450299
0.466545
0.480876
0.493417
0.504281
0.513572
0.521375
0.527766
0.532806
0.536544
0.539016
0.540246
0.540246
0.539016
0.536544
0.532806
0.527766
0.521375
0.513572
0.504281
0.493417
0.480876
0.466545
0.450299
0.432001
0.41151
0.388681
0.363379
0.335481
0.304898
0.271588
0.235574
0.196972
0.156004
0.113013
0.0684654
0.022934
0.0253443
0.0756008
0.124602
0.171636
0.21615
0.257762
0.296255
0.331553
0.363683
0.392752
0.418912
0.442345
0.46324
0.481787
0.498168
0.512548
0.525079
0.535897
0.545117
0.552842
0.559154
0.564124
0.567805
0.570237
0.571446
0.571446
0.570237
0.567805
0.564124
0.559154
0.552842
0.545117
0.535897
0.525079
0.512548
0.498168
0.481787
0.46324
0.442345
0.418912
0.392752
0.363683
0.331553
0.296255
0.257762
0.21615
0.171636
0.124602
0.0756008
0.0253443
0.0281866
0.0839917
0.138158
0.189789
0.238229
0.283068
0.32412
0.361374
0.394947
0.425033
0.451871
0.475717
0.496827
0.515444
0.53179
0.546068
0.558456
0.569109
0.578159
0.58572
0.591886
0.596731
0.600314
0.602679
0.603855
0.603855
0.602679
0.600314
0.596731
0.591886
0.58572
0.578159
0.569109
0.558456
0.546068
0.53179
0.515444
0.496827
0.475717
0.451871
0.425033
0.394947
0.361374
0.32412
0.283068
0.238229
0.189789
0.138158
0.0839917
0.0281866
0.031597
0.0940216
0.154248
0.211134
0.263908
0.31216
0.355781
0.394878
0.429697
0.460561
0.487821
0.511826
0.532908
0.55137
0.567482
0.581479
0.593568
0.603922
0.61269
0.619995
0.625938
0.630599
0.634042
0.636312
0.63744
0.63744
0.636312
0.634042
0.630599
0.625938
0.619995
0.61269
0.603922
0.593568
0.581479
0.567482
0.55137
0.532908
0.511826
0.487821
0.460561
0.429697
0.394878
0.355781
0.31216
0.263908
0.211134
0.154248
0.0940216
0.031597
0.035777
0.10625
0.173678
0.236591
0.29411
0.345885
0.391966
0.432659
0.468403
0.499694
0.527025
0.550858
0.571609
0.589647
0.605287
0.618799
0.630414
0.640323
0.648685
0.655632
0.661271
0.665686
0.668942
0.671087
0.672152
0.672152
0.671087
0.668942
0.665686
0.661271
0.655632
0.648685
0.640323
0.630414
0.618799
0.605287
0.589647
0.571609
0.550858
0.527025
0.499694
0.468403
0.432659
0.391966
0.345885
0.29411
0.236591
0.173678
0.10625
0.035777
0.0410381
0.121523
0.197624
0.267444
0.330054
0.385303
0.433541
0.475388
0.511563
0.542788
0.569727
0.59297
0.613025
0.630321
0.645218
0.658018
0.668967
0.67827
0.686095
0.692577
0.697827
0.701931
0.704953
0.706942
0.707929
0.70793
0.706942
0.704953
0.701931
0.697827
0.692577
0.686095
0.67827
0.668967
0.658018
0.645218
0.630321
0.613025
0.59297
0.569727
0.542788
0.511563
0.475388
0.433541
0.385303
0.330054
0.267444
0.197624
0.121523
0.0410381
0.0478907
0.141179
0.22785
0.305505
0.373361
0.431732
0.481507
0.523787
0.559674
0.590167
0.616125
0.638271
0.657199
0.673393
0.687249
0.699086
0.709165
0.717695
0.724847
0.730756
0.735531
0.739257
0.741998
0.7438
0.744694
0.744694
0.7438
0.741998
0.739257
0.735531
0.730756
0.724847
0.717695
0.709165
0.699086
0.687249
0.673393
0.657199
0.638271
0.616125
0.590167
0.559674
0.523787
0.481507
0.431732
0.373361
0.305505
0.22785
0.141179
0.0478907
0.0572367
0.167452
0.267092
0.353365
0.426154
0.486756
0.536967
0.57858
0.61318
0.642079
0.666336
0.686791
0.704106
0.718804
0.731298
0.741913
0.750912
0.758499
0.764841
0.770068
0.774283
0.777568
0.779981
0.781566
0.782352
0.782352
0.781566
0.779981
0.777568
0.774283
0.770068
0.764841
0.758499
0.750912
0.741913
0.731298
0.718804
0.704106
0.686791
0.666336
0.642079
0.61318
0.57858
0.536967
0.486756
0.426154
0.353365
0.267092
0.167452
0.0572367
0.0708401
0.204302
0.319702
0.414709
0.491133
0.552172
0.601024
0.640388
0.672385
0.698633
0.720349
0.738451
0.753631
0.76642
0.777224
0.786358
0.794069
0.800549
0.80595
0.810392
0.813967
0.816749
0.818791
0.820132
0.820796
0.820796
0.820132
0.818791
0.816749
0.813967
0.810392
0.80595
0.800549
0.794069
0.786358
0.777224
0.76642
0.753631
0.738451
0.720349
0.698633
0.672385
0.640388
0.601024
0.552172
0.491133
0.414709
0.319702
0.204302
0.0708401
0.092662
0.259214
0.392703
0.494636
0.571497
0.629776
0.674569
0.709562
0.737341
0.75972
0.777977
0.793031
0.805548
0.816021
0.82482
0.832227
0.838457
0.843677
0.848018
0.851581
0.854446
0.856671
0.858303
0.859375
0.859905
0.859905
0.859375
0.858303
0.856671
0.854446
0.851581
0.848018
0.843677
0.838457
0.832227
0.82482
0.816021
0.805548
0.793031
0.777977
0.75972
0.737341
0.709562
0.674569
0.629776
0.571497
0.494636
0.392703
0.259214
0.092662
0.133256
0.347187
0.497263
0.599633
0.670445
0.720864
0.757915
0.785948
0.807697
0.824927
0.838809
0.850148
0.859508
0.867295
0.873809
0.879272
0.883854
0.887685
0.890864
0.89347
0.895562
0.897186
0.898377
0.899157
0.899544
0.899544
0.899157
0.898377
0.897186
0.895562
0.89347
0.890864
0.887685
0.883854
0.879272
0.873809
0.867295
0.859508
0.850148
0.838809
0.824927
0.807697
0.785948
0.757915
0.720864
0.670445
0.599633
0.497263
0.347187
0.133256
0.226432
0.499015
0.649529
0.736188
0.789786
0.825321
0.850279
0.868619
0.882573
0.89348
0.902185
0.909244
0.915041
0.919844
0.923848
0.927199
0.930003
0.932344
0.934284
0.935872
0.937147
0.938135
0.93886
0.939334
0.93957
0.93957
0.939334
0.93886
0.938135
0.937147
0.935872
0.934284
0.932344
0.930003
0.927199
0.923848
0.919844
0.915041
0.909244
0.902185
0.89348
0.882573
0.868619
0.850279
0.825321
0.789786
0.736188
0.649529
0.499015
0.226432
0.499891
0.772911
0.865649
0.905805
0.927189
0.940354
0.949262
0.955676
0.960497
0.964236
0.967205
0.969603
0.971567
0.973191
0.974542
0.975671
0.976615
0.977403
0.978055
0.978589
0.979017
0.979349
0.979592
0.979751
0.97983
0.97983
0.979751
0.979592
0.979349
0.979017
0.978589
0.978055
0.977403
0.976615
0.975671
0.974542
0.973191
0.971567
0.969603
0.967205
0.964236
0.960497
0.955676
0.949262
0.940354
0.927189
0.905805
0.865649
0.772911
0.499891
)
;

boundaryField
{
    movingWall
    {
        type            fixedValue;
        value           uniform 1;
    }
    bottomWall
    {
        type            fixedValue;
        value           uniform 0;
    }
    rightWall
    {
        type            fixedValue;
        value           uniform 0;
    }
    leftWall
    {
        type            fixedValue;
        value           uniform 0;
    }
    frontPlane
    {
        type            empty;
    }
    backPlane
    {
        type            empty;
    }
}


// ************************************************************************* //
