/*--------------------------------*- C++ -*----------------------------------*\
  =========                 |
  \\      /  F ield         | OpenFOAM: The Open Source CFD Toolbox
   \\    /   O peration     | Website:  https://openfoam.org
    \\  /    A nd           | Version:  6
     \\/     M anipulation  |
\*---------------------------------------------------------------------------*/
FoamFile
{
    version     2.0;
    format      ascii;
    class       volVectorField;
    location    "0";
    object      Ulift0;
}
// * * * * * * * * * * * * * * * * * * * * * * * * * * * * * * * * * * * * * //

dimensions      [0 1 -1 0 0 0 0];

internalField   nonuniform List<vector> 
2200
(
(1.00006 1.55515e-05 0)
(1.00006 5.01173e-05 0)
(1.00006 9.16726e-05 0)
(1.00006 0.000140626 0)
(1.00006 0.000197451 0)
(1.00005 0.000261927 0)
(1.00005 0.000332388 0)
(1.00004 0.000404488 0)
(1.00003 0.000469351 0)
(1.00001 0.000511201 0)
(0.99999 0.00051102 0)
(0.999973 0.000468926 0)
(0.99996 0.000404101 0)
(0.999952 0.000332347 0)
(0.999947 0.00026242 0)
(0.999944 0.000198439 0)
(0.999942 0.000141885 0)
(0.999941 9.29359e-05 0)
(0.999941 5.11967e-05 0)
(0.99994 1.60295e-05 0)
(1.00019 1.67733e-05 0)
(1.00019 5.33585e-05 0)
(1.00019 9.67836e-05 0)
(1.00019 0.000148227 0)
(1.00018 0.000208245 0)
(1.00017 0.00027657 0)
(1.00015 0.000351351 0)
(1.00012 0.000427888 0)
(1.00008 0.000496707 0)
(1.00003 0.000541076 0)
(0.999969 0.000540842 0)
(0.999917 0.000496044 0)
(0.999878 0.000426873 0)
(0.999851 0.000350103 0)
(0.999833 0.0002753 0)
(0.999822 0.000207244 0)
(0.999815 0.000147778 0)
(0.999811 9.70752e-05 0)
(0.99981 5.44755e-05 0)
(0.999809 1.75436e-05 0)
(1.00033 1.86967e-05 0)
(1.00033 5.97824e-05 0)
(1.00033 0.000108633 0)
(1.00032 0.000166089 0)
(1.00031 0.000232819 0)
(1.00029 0.000308654 0)
(1.00026 0.000391671 0)
(1.00021 0.000476723 0)
(1.00014 0.000553279 0)
(1.00005 0.00060268 0)
(0.999947 0.000602501 0)
(0.999856 0.000552865 0)
(0.999789 0.000476278 0)
(0.999741 0.000391266 0)
(0.99971 0.000308196 0)
(0.999689 0.000232135 0)
(0.999677 0.000165078 0)
(0.99967 0.000107367 0)
(0.999666 5.85081e-05 0)
(0.999665 1.80976e-05 0)
(1.00049 2.15424e-05 0)
(1.00049 6.88837e-05 0)
(1.00049 0.000125375 0)
(1.00048 0.00019214 0)
(1.00046 0.00026983 0)
(1.00043 0.000358107 0)
(1.00038 0.000454635 0)
(1.00031 0.000553415 0)
(1.00021 0.000642246 0)
(1.00008 0.000699496 0)
(0.999922 0.000699136 0)
(0.999786 0.000641313 0)
(0.999687 0.000552204 0)
(0.999618 0.000453434 0)
(0.999572 0.00035717 0)
(0.999542 0.000269331 0)
(0.999524 0.000192108 0)
(0.999514 0.00012569 0)
(0.999509 6.93209e-05 0)
(0.999507 2.17599e-05 0)
(1.00068 2.59527e-05 0)
(1.00068 8.28562e-05 0)
(1.00067 0.000150522 0)
(1.00066 0.000230349 0)
(1.00063 0.000323219 0)
(1.00059 0.000428801 0)
(1.00053 0.000544318 0)
(1.00043 0.000662555 0)
(1.00029 0.000768863 0)
(1.00011 0.000837334 0)
(0.999892 0.000836847 0)
(0.999704 0.000767618 0)
(0.999567 0.000660942 0)
(0.999471 0.000542613 0)
(0.999407 0.000427151 0)
(0.999366 0.000321705 0)
(0.999341 0.000229048 0)
(0.999326 0.000149529 0)
(0.999319 8.22773e-05 0)
(0.999317 2.57801e-05 0)
(1.00091 3.16505e-05 0)
(1.00091 0.000101189 0)
(1.0009 0.000184049 0)
(1.00088 0.000281817 0)
(1.00085 0.000395517 0)
(1.00079 0.000524717 0)
(1.00071 0.000666024 0)
(1.00058 0.000810615 0)
(1.00039 0.000940563 0)
(1.00014 0.00102416 0)
(0.999855 0.0010234 0)
(0.999605 0.000938619 0)
(0.999422 0.000808187 0)
(0.999294 0.000663656 0)
(0.999209 0.000522722 0)
(0.999154 0.000394002 0)
(0.99912 0.000280748 0)
(0.999101 0.000183326 0)
(0.999091 0.000100699 0)
(0.999088 3.14505e-05 0)
(1.0012 3.93719e-05 0)
(1.00119 0.000125728 0)
(1.00118 0.000228504 0)
(1.00115 0.000349826 0)
(1.00111 0.000490974 0)
(1.00104 0.000651388 0)
(1.00092 0.000826816 0)
(1.00076 0.00100626 0)
(1.00051 0.00116744 0)
(1.00019 0.00127098 0)
(0.99981 0.00126976 0)
(0.999483 0.00116431 0)
(0.999243 0.00100226 0)
(0.999075 0.00082273 0)
(0.998964 0.000647718 0)
(0.998892 0.000487985 0)
(0.998848 0.000347632 0)
(0.998823 0.000227112 0)
(0.998811 0.000125075 0)
(0.998806 3.92187e-05 0)
(1.00155 4.93201e-05 0)
(1.00155 0.000157617 0)
(1.00153 0.00028658 0)
(1.0015 0.000438722 0)
(1.00144 0.000615647 0)
(1.00134 0.000816666 0)
(1.0012 0.00103644 0)
(1.00098 0.00126118 0)
(1.00067 0.00146291 0)
(1.00024 0.00159227 0)
(0.999753 0.00159034 0)
(0.99933 0.001458 0)
(0.999019 0.00125498 0)
(0.998803 0.00103025 0)
(0.998658 0.000811203 0)
(0.998565 0.000611222 0)
(0.998509 0.000435379 0)
(0.998477 0.00028425 0)
(0.99846 0.0001562 0)
(0.998454 4.88269e-05 0)
(1.002 6.22349e-05 0)
(1.00199 0.000198798 0)
(1.00197 0.000361382 0)
(1.00193 0.000553276 0)
(1.00185 0.00077647 0)
(1.00173 0.00103003 0)
(1.00154 0.00130717 0)
(1.00126 0.0015904 0)
(1.00086 0.00184438 0)
(1.00031 0.00200686 0)
(0.999682 0.00200372 0)
(0.999138 0.0018364 0)
(0.998739 0.00158029 0)
(0.998461 0.00129701 0)
(0.998275 0.00102108 0)
(0.998156 0.000769317 0)
(0.998083 0.000548065 0)
(0.998042 0.000357995 0)
(0.998021 0.000196984 0)
(0.998013 6.16848e-05 0)
(1.00256 7.88607e-05 0)
(1.00255 0.000251932 0)
(1.00252 0.000457953 0)
(1.00247 0.000701014 0)
(1.00237 0.00098364 0)
(1.00222 0.00130464 0)
(1.00198 0.00165537 0)
(1.00161 0.00201359 0)
(1.00109 0.00233444 0)
(1.00039 0.00253911 0)
(0.999591 0.00253409 0)
(0.998894 0.00232167 0)
(0.998384 0.00199741 0)
(0.998028 0.00163911 0)
(0.997791 0.00129025 0)
(0.997639 0.000971978 0)
(0.997546 0.000692285 0)
(0.997493 0.000452029 0)
(0.997466 0.000248553 0)
(0.997456 7.77706e-05 0)
(1.00328 0.000100122 0)
(1.00326 0.000319897 0)
(1.00323 0.000581581 0)
(1.00316 0.000890334 0)
(1.00304 0.00124929 0)
(1.00284 0.00165685 0)
(1.00252 0.00210189 0)
(1.00206 0.00255604 0)
(1.0014 0.0029622 0)
(1.0005 0.00322029 0)
(0.999474 0.00321217 0)
(0.998586 0.00294158 0)
(0.997934 0.00252992 0)
(0.997481 0.00207567 0)
(0.997179 0.00163374 0)
(0.996985 0.00123075 0)
(0.996867 0.000876702 0)
(0.996799 0.000572559 0)
(0.996765 0.000314897 0)
(0.996752 9.8544e-05 0)
(1.00419 0.000127511 0)
(1.00417 0.000407299 0)
(1.00412 0.000740309 0)
(1.00403 0.00113317 0)
(1.00388 0.00158983 0)
(1.00362 0.00210814 0)
(1.00322 0.00267377 0)
(1.00263 0.00325035 0)
(1.00178 0.00376499 0)
(1.00063 0.00409044 0)
(0.999325 0.00407737 0)
(0.998193 0.00373178 0)
(0.997364 0.00320826 0)
(0.996787 0.00263145 0)
(0.996403 0.0020707 0)
(0.996156 0.00155958 0)
(0.996006 0.00111069 0)
(0.99592 0.000725235 0)
(0.995877 0.000398864 0)
(0.99586 0.000124843 0)
(1.00534 0.000162511 0)
(1.00532 0.000519202 0)
(1.00526 0.000943801 0)
(1.00515 0.00144457 0)
(1.00495 0.00202643 0)
(1.00462 0.00268646 0)
(1.00411 0.00340612 0)
(1.00335 0.00413865 0)
(1.00226 0.00479087 0)
(1.0008 0.00520076 0)
(0.999133 0.00517972 0)
(0.997692 0.0047374 0)
(0.996639 0.00407088 0)
(0.995907 0.00333804 0)
(0.995418 0.00262637 0)
(0.995106 0.00197806 0)
(0.994915 0.00140878 0)
(0.994806 0.000919902 0)
(0.994751 0.000505816 0)
(0.99473 0.000158252 0)
(1.00682 0.000207454 0)
(1.00679 0.000662769 0)
(1.00672 0.00120474 0)
(1.00657 0.00184387 0)
(1.00631 0.00258622 0)
(1.00589 0.00342772 0)
(1.00524 0.00434416 0)
(1.00426 0.00527524 0)
(1.00287 0.00610151 0)
(1.001 0.00661662 0)
(0.998884 0.00658274 0)
(0.997053 0.00601538 0)
(0.995716 0.00516598 0)
(0.994788 0.00423423 0)
(0.994169 0.00333046 0)
(0.993773 0.00250775 0)
(0.993531 0.00178573 0)
(0.993393 0.001166 0)
(0.993323 0.000641311 0)
(0.993297 0.000200744 0)
(1.00871 0.000265412 0)
(1.00867 0.000847719 0)
(1.00858 0.00154054 0)
(1.00839 0.00235728 0)
(1.00806 0.00330542 0)
(1.00752 0.00437922 0)
(1.00667 0.00554691 0)
(1.00542 0.00673037 0)
(1.00365 0.00777615 0)
(1.00126 0.00842135 0)
(0.998561 0.00836691 0)
(0.996237 0.0076377 0)
(0.994543 0.00655474 0)
(0.993367 0.00537028 0)
(0.992583 0.00422305 0)
(0.992082 0.00317945 0)
(0.991776 0.00226384 0)
(0.991602 0.00147797 0)
(0.991514 0.000812603 0)
(0.99148 0.000254233 0)
(1.01113 0.000339689 0)
(1.01108 0.00108542 0)
(1.01096 0.00197297 0)
(1.01071 0.00301872 0)
(1.01028 0.00423165 0)
(1.00959 0.00560345 0)
(1.0085 0.00709204 0)
(1.0069 0.00859571 0)
(1.00462 0.00991703 0)
(1.00157 0.0107212 0)
(0.99814 0.0106337 0)
(0.995194 0.00969435 0)
(0.993049 0.00831286 0)
(0.991562 0.00680713 0)
(0.990572 0.00535117 0)
(0.989939 0.00402802 0)
(0.989553 0.00286782 0)
(0.989332 0.00187238 0)
(0.989221 0.00102971 0)
(0.989179 0.000322274 0)
(1.01423 0.000436483 0)
(1.01417 0.00139387 0)
(1.01401 0.00253238 0)
(1.01369 0.00387334 0)
(1.01313 0.00542733 0)
(1.01223 0.00718196 0)
(1.01083 0.00908068 0)
(1.00876 0.0109901 0)
(1.00584 0.0126555 0)
(1.00195 0.0136511 0)
(0.997587 0.0135108 0)
(0.993858 0.0122982 0)
(0.991148 0.0105358 0)
(0.989271 0.00862269 0)
(0.988022 0.00677621 0)
(0.987223 0.00509963 0)
(0.986735 0.00363019 0)
(0.986458 0.00236976 0)
(0.986317 0.001303 0)
(0.986264 0.000407728 0)
(1.01821 0.000561629 0)
(1.01813 0.00179436 0)
(1.01792 0.00326047 0)
(1.01751 0.00498531 0)
(1.01679 0.00698074 0)
(1.01561 0.00922799 0)
(1.01379 0.0116502 0)
(1.01112 0.0140713 0)
(1.00736 0.0161621 0)
(1.00239 0.0173825 0)
(0.99686 0.0171577 0)
(0.992148 0.0155888 0)
(0.988731 0.013341 0)
(0.986366 0.0109125 0)
(0.984792 0.00857324 0)
(0.983785 0.00645122 0)
(0.983171 0.00459216 0)
(0.982821 0.00299775 0)
(0.982643 0.00164832 0)
(0.982576 0.000515788 0)
(1.02336 0.000726444 0)
(1.02325 0.00231972 0)
(1.02298 0.00421299 0)
(1.02243 0.00643841 0)
(1.02148 0.00900791 0)
(1.01993 0.0118917 0)
(1.01756 0.0149827 0)
(1.01409 0.0180464 0)
(1.00925 0.0206564 0)
(1.00291 0.0221312 0)
(0.995897 0.021772 0)
(0.989959 0.0197387 0)
(0.985661 0.0168741 0)
(0.982686 0.0137955 0)
(0.980705 0.0108359 0)
(0.979437 0.00815308 0)
(0.978663 0.00580334 0)
(0.978221 0.00378838 0)
(0.977998 0.00208319 0)
(0.977913 0.000651937 0)
(1.03003 0.000944531 0)
(1.02989 0.00301641 0)
(1.02952 0.00547662 0)
(1.02879 0.00836247 0)
(1.02752 0.0116833 0)
(1.02548 0.0153907 0)
(1.02235 0.019333 0)
(1.01782 0.0231943 0)
(1.01157 0.0264232 0)
(1.00347 0.0281678 0)
(0.994615 0.0275956 0)
(0.987159 0.0249573 0)
(0.981769 0.0213139 0)
(0.978033 0.0174206 0)
(0.975542 0.0136839 0)
(0.973944 0.0102973 0)
(0.972968 0.00733049 0)
(0.972411 0.00478558 0)
(0.972128 0.00263144 0)
(0.972021 0.000823434 0)
(1.03875 0.00123857 0)
(1.03856 0.003954 0)
(1.03805 0.00717409 0)
(1.03706 0.0109413 0)
(1.03534 0.0152552 0)
(1.03258 0.0200333 0)
(1.02842 0.0250545 0)
(1.02246 0.0298897 0)
(1.01437 0.0338292 0)
(1.00403 0.0358258 0)
(0.992902 0.0349185 0)
(0.983586 0.0314958 0)
(0.97685 0.0268779 0)
(0.972168 0.0219725 0)
(0.969033 0.0172683 0)
(0.967015 0.0130015 0)
(0.965779 0.00925946 0)
(0.965072 0.00604668 0)
(0.964713 0.00332561 0)
(0.964577 0.00104082 0)
(1.05027 0.00164535 0)
(1.05 0.00525023 0)
(1.04928 0.00951505 0)
(1.04789 0.0144806 0)
(1.04549 0.0201207 0)
(1.0417 0.0262903 0)
(1.03606 0.0326594 0)
(1.02815 0.0386434 0)
(1.01765 0.0433436 0)
(1.00452 0.0455071 0)
(0.990609 0.0440784 0)
(0.979045 0.0396487 0)
(0.970668 0.0338308 0)
(0.964809 0.027687 0)
(0.960853 0.0217913 0)
(0.958287 0.0164287 0)
(0.956704 0.0117119 0)
(0.955795 0.00765312 0)
(0.955332 0.00421057 0)
(0.955157 0.00131796 0)
(1.06575 0.00223003 0)
(1.06534 0.00711002 0)
(1.06427 0.0128593 0)
(1.06221 0.0194963 0)
(1.05873 0.0269302 0)
(1.05335 0.0348974 0)
(1.04557 0.0428991 0)
(1.03498 0.0501504 0)
(1.02134 0.0555528 0)
(1.00476 0.0576769 0)
(0.987539 0.0554499 0)
(0.973318 0.0497475 0)
(0.962967 0.0424896 0)
(0.955641 0.0348689 0)
(0.950619 0.0275335 0)
(0.94731 0.0208203 0)
(0.94524 0.0148774 0)
(0.944038 0.00973681 0)
(0.943423 0.00536168 0)
(0.943188 0.00167887 0)
(1.08716 0.00313202 0)
(1.08648 0.00996499 0)
(1.08472 0.0179383 0)
(1.08142 0.0269826 0)
(1.07605 0.0368504 0)
(1.0681 0.0470654 0)
(1.05713 0.0568936 0)
(1.04284 0.0653401 0)
(1.02521 0.0711581 0)
(1.00448 0.0728364 0)
(0.983446 0.0694155 0)
(0.96618 0.0621443 0)
(0.953504 0.0532262 0)
(0.94436 0.0439216 0)
(0.937924 0.0349122 0)
(0.933551 0.0265716 0)
(0.930728 0.0190914 0)
(0.929041 0.0125451 0)
(0.928157 0.00692513 0)
(0.927814 0.00217088 0)
(1.11854 0.00472578 0)
(1.11702 0.0149277 0)
(1.11348 0.0265023 0)
(1.10744 0.0390895 0)
(1.09847 0.052121 0)
(1.08621 0.0648304 0)
(1.07049 0.0762797 0)
(1.05127 0.0853856 0)
(1.02873 0.0909205 0)
(1.00326 0.0914578 0)
(0.978035 0.0863107 0)
(0.95743 0.0771701 0)
(0.942117 0.0664512 0)
(0.930768 0.055377 0)
(0.922445 0.04458 0)
(0.91647 0.0344078 0)
(0.912339 0.0250629 0)
(0.909663 0.0166661 0)
(0.908126 0.00928098 0)
(0.907469 0.00292309 0)
(1.17206 0.00867407 0)
(1.16475 0.0262131 0)
(1.15477 0.0438663 0)
(1.14187 0.061061 0)
(1.12588 0.077158 5.55101e-32)
(1.10672 0.0914605 -2.72829e-32)
(1.08442 0.103207 0)
(1.0591 0.111548 0)
(1.03101 0.1155 0)
(1.00051 0.113865 0)
(0.970977 0.106339 0)
(0.946932 0.0950581 0)
(0.928815 0.0825404 0)
(0.914964 0.0698637 0)
(0.904267 0.0575178 0)
(0.895957 0.0457129 0)
(0.889488 0.0345191 0)
(0.88446 0.0239406 0)
(0.880573 0.0139584 0)
(0.877597 0.00455688 0)
(1.23982 0.0494958 2.50846e-19)
(1.2212 0.0685695 -5.22438e-20)
(1.20072 0.0865637 0)
(1.1782 0.103132 -1.14744e-19)
(1.15349 0.117867 -1.41636e-19)
(1.12648 0.130267 -2.777e-32)
(1.09713 0.139714 0)
(1.06547 0.145463 -1.9468e-19)
(1.03163 0.146613 -3.60312e-18)
(0.995793 0.142046 1.92635e-19)
(0.961428 0.131867 0)
(0.933238 0.118669 -3.25668e-18)
(0.911535 0.104853 2.66062e-19)
(0.894333 0.0913188 -1.55821e-18)
(0.880358 0.0784841 -1.78043e-19)
(0.868761 0.0665524 0)
(0.85896 0.0556258 -7.46581e-19)
(0.850549 0.0457512 0)
(0.843246 0.0369371 3.81504e-20)
(0.836851 0.0291609 1.18662e-20)
(1.28725 0.125658 3.24506e-19)
(1.2615 0.136071 -1.1009e-18)
(1.23401 0.147062 -1.30575e-18)
(1.20472 0.15798 -2.26875e-18)
(1.17355 0.168083 2.07148e-19)
(1.14043 0.176574 4.248e-18)
(1.10533 0.182611 0)
(1.06824 0.185304 0)
(1.02923 0.183692 3.63861e-18)
(0.988317 0.176681 0)
(0.949104 0.164667 1.33475e-17)
(0.916618 0.150524 -3.20574e-18)
(0.891204 0.136614 -6.63714e-18)
(0.870661 0.123688 -1.82907e-18)
(0.853641 0.112071 0)
(0.839287 0.101874 0)
(0.82704 0.0930941 -4.69119e-19)
(0.816521 0.0856526 -3.78265e-22)
(0.807461 0.0794276 -8.77582e-20)
(0.79966 0.074275 2.68476e-20)
(1.30984 0.201621 -1.16484e-18)
(1.28249 0.206728 1.0388e-21)
(1.25253 0.212236 -1.1004e-18)
(1.22003 0.217781 -2.38617e-18)
(1.18515 0.222827 -6.2333e-19)
(1.14802 0.226683 4.04927e-18)
(1.10878 0.228542 4.32169e-19)
(1.06755 0.227514 0)
(1.02443 0.222646 -7.2941e-18)
(0.979428 0.212919 1.34292e-17)
(0.936368 0.199032 1.36456e-17)
(0.900642 0.184064 6.99966e-19)
(0.872659 0.170197 -5.58009e-18)
(0.850077 0.157898 4.48021e-19)
(0.831492 0.147277 0)
(0.816014 0.138277 -2.87148e-18)
(0.80304 0.130752 0)
(0.792139 0.124518 -1.11838e-19)
(0.782975 0.119386 4.79229e-22)
(0.775282 0.115176 6.97732e-19)
(1.31886 0.274267 -9.77313e-22)
(1.29095 0.275479 1.0721e-18)
(1.26 0.276728 -2.23784e-18)
(1.226 0.277784 0)
(1.18912 0.278276 2.41479e-19)
(1.14957 0.277681 4.39462e-18)
(1.10761 0.275328 -7.91673e-18)
(1.06346 0.270433 0)
(1.01732 0.26214 -1.45282e-17)
(0.969254 0.249555 1.38413e-17)
(0.923348 0.233701 2.64239e-17)
(0.885358 0.217812 0)
(0.855729 0.203814 4.31912e-19)
(0.831985 0.191838 -5.59035e-18)
(0.812634 0.181774 -2.53651e-19)
(0.796707 0.173417 -3.00931e-18)
(0.783527 0.166527 -1.27941e-19)
(0.77259 0.160871 1.36967e-18)
(0.763502 0.156238 4.33759e-20)
(0.75595 0.152446 6.82091e-19)
(1.31888 0.342605 1.20065e-18)
(1.29085 0.340713 5.53358e-20)
(1.25955 0.33851 -2.1605e-18)
(1.2249 0.335815 -4.40945e-18)
(1.18702 0.332359 -4.46295e-18)
(1.14611 0.327744 1.23985e-17)
(1.10246 0.321444 -1.59176e-17)
(1.05639 0.312812 -1.52849e-17)
(1.00817 0.301129 -1.45966e-17)
(0.957954 0.285658 -2.77357e-17)
(0.910085 0.267756 -5.52686e-20)
(0.870621 0.250806 -1.25717e-17)
(0.840004 0.236463 -1.24397e-17)
(0.815633 0.224525 -5.85978e-18)
(0.795926 0.214683 3.80252e-19)
(0.779837 0.206613 1.37067e-19)
(0.766627 0.200014 -2.74872e-18)
(0.75574 0.194621 1.35296e-18)
(0.746748 0.190213 0)
(0.73932 0.186606 6.40853e-19)
(1.3126 0.406301 0)
(1.28468 0.401834 -2.33503e-18)
(1.25339 0.396749 -2.28062e-18)
(1.21857 0.390876 1.19662e-19)
(1.18028 0.384004 -4.15345e-18)
(1.13869 0.375827 8.30762e-18)
(1.09411 0.365933 -7.99106e-18)
(1.04688 0.353809 -1.55395e-17)
(0.997332 0.338879 -1.43432e-17)
(0.945714 0.320571 -5.4925e-17)
(0.896606 0.300581 -2.61992e-17)
(0.856283 0.282461 -1.28143e-17)
(0.825148 0.26761 -1.2019e-17)
(0.800494 0.255514 -5.8337e-18)
(0.780663 0.245683 -1.41787e-19)
(0.764554 0.237695 0)
(0.751387 0.231196 -2.58197e-18)
(0.74058 0.2259 8.93654e-20)
(0.731684 0.221574 1.3261e-18)
(0.724359 0.218038 1.32744e-18)
(1.30183 0.465324 2.32015e-20)
(1.27417 0.458672 3.5768e-20)
(1.24311 0.451135 2.23233e-18)
(1.20841 0.442536 -9.26113e-20)
(1.17008 0.432695 -1.21115e-19)
(1.12828 0.421371 8.36136e-18)
(1.08328 0.408241 -5.04822e-21)
(1.03543 0.392905 -1.81804e-19)
(0.985145 0.374919 -2.92518e-17)
(0.932726 0.353868 -5.53293e-17)
(0.882956 0.331788 -2.61777e-17)
(0.842253 0.31243 -2.49327e-17)
(0.810952 0.29697 -1.8939e-19)
(0.786257 0.284601 5.81065e-18)
(0.766455 0.274669 1.03704e-19)
(0.750412 0.266656 0)
(0.737329 0.260163 5.27359e-20)
(0.726612 0.254881 2.70374e-18)
(0.717805 0.250568 2.60065e-18)
(0.710569 0.247044 1.2948e-18)
(1.28787 0.51981 -3.25829e-21)
(1.26056 0.511274 2.33119e-18)
(1.22987 0.501624 4.65608e-18)
(1.19547 0.490661 -8.96696e-18)
(1.15736 0.478226 8.59608e-18)
(1.11564 0.464119 -9.30477e-21)
(1.07058 0.448084 1.38177e-19)
(1.02254 0.429815 -1.52477e-17)
(0.971935 0.408979 -5.81893e-17)
(0.919177 0.385299 -2.70814e-17)
(0.869194 0.361152 -2.56397e-17)
(0.828489 0.340521 -2.4664e-17)
(0.797303 0.324399 0)
(0.772759 0.311708 1.14544e-17)
(0.753103 0.30163 -5.62624e-18)
(0.737189 0.293554 5.60882e-18)
(0.724216 0.287034 -1.84048e-21)
(0.713592 0.281736 -4.55839e-20)
(0.704864 0.277412 1.27717e-18)
(0.697701 0.273878 6.35396e-19)
(1.27169 0.569976 -1.5021e-20)
(1.24479 0.559801 -2.10227e-20)
(1.21456 0.548314 4.23957e-20)
(1.18058 0.535286 -1.08857e-21)
(1.14284 0.520571 -8.22557e-20)
(1.10142 0.503995 8.36124e-21)
(1.05655 0.485355 -1.11414e-19)
(1.00859 0.464413 -9.66718e-20)
(0.95799 0.440931 -2.92369e-17)
(0.905234 0.414744 -2.7635e-17)
(0.855383 0.388561 0)
(0.81498 0.366636 1.25312e-19)
(0.78415 0.349828 8.32168e-20)
(0.759931 0.336811 -6.23407e-20)
(0.740532 0.326597 -5.6533e-18)
(0.724806 0.318475 -2.56135e-21)
(0.711964 0.311943 -2.69678e-18)
(0.701432 0.306642 -5.31077e-18)
(0.692769 0.302313 0)
(0.685659 0.298775 0)
(1.25403 0.616088 2.42577e-18)
(1.22758 0.604474 0)
(1.19784 0.591378 3.4947e-20)
(1.16437 0.576536 4.54837e-18)
(1.12711 0.559806 -5.7427e-20)
(1.08611 0.541035 8.26004e-18)
(1.0416 0.520055 1.60723e-17)
(0.993923 0.496684 1.5404e-17)
(0.943557 0.470749 2.93584e-17)
(0.891049 0.442176 -5.49587e-17)
(0.84158 0.413984 1.06024e-19)
(0.801724 0.39074 2.46791e-17)
(0.771472 0.37323 -8.17865e-20)
(0.747757 0.359905 -1.94595e-20)
(0.728738 0.349606 5.59567e-18)
(0.713265 0.3415 -1.73204e-21)
(0.700579 0.335017 -2.69319e-18)
(0.690135 0.329764 -5.30426e-18)
(0.681518 0.32547 -1.31029e-18)
(0.674434 0.321956 1.29711e-18)
(1.23544 0.658429 -3.33434e-22)
(1.20945 0.645544 0)
(1.18025 0.631031 0)
(1.14733 0.614586 -4.51547e-18)
(1.11061 0.59607 8.73851e-18)
(1.07013 0.575342 8.43005e-18)
(1.02609 0.55226 1.61563e-17)
(0.978828 0.526679 0)
(0.928843 0.498476 2.92329e-17)
(0.876746 0.467633 -2.76161e-17)
(0.827833 0.437449 5.20168e-17)
(0.788714 0.412839 2.47159e-17)
(0.75925 0.394593 -7.71087e-22)
(0.736243 0.380985 1.14832e-17)
(0.717761 0.370681 5.60354e-18)
(0.702638 0.362701 5.48496e-18)
(0.690145 0.356377 -2.69479e-18)
(0.679785 0.351268 -5.31892e-18)
(0.671187 0.347084 -1.32291e-18)
(0.664091 0.343652 1.2941e-18)
(1.21635 0.697282 -2.43027e-18)
(1.19084 0.683268 -7.43696e-21)
(1.16218 0.667501 -2.14048e-20)
(1.12983 0.649637 6.51804e-21)
(1.09369 0.629531 6.2438e-20)
(1.05378 0.607055 2.53524e-17)
(1.01029 0.582082 0)
(0.963531 0.554496 -6.00621e-20)
(0.914022 0.5242 -4.60799e-20)
(0.862435 0.491201 5.50935e-17)
(0.814176 0.45903 1.03756e-16)
(0.775927 0.432973 -1.29279e-20)
(0.747451 0.413911 0)
(0.725393 0.40002 1.14931e-17)
(0.707669 0.389804 1.1212e-17)
(0.693046 0.382107 0)
(0.680816 0.376116 -3.85113e-20)
(0.670546 0.371309 -2.68661e-18)
(0.66193 0.367365 1.31325e-18)
(0.654766 0.364111 -3.98574e-21)
(1.1971 0.732925 -2.82078e-21)
(1.17205 0.717904 -2.38776e-18)
(1.14394 0.701024 0)
(1.11217 0.681895 -3.25381e-21)
(1.07663 0.660373 0)
(1.03733 0.636332 1.68747e-17)
(0.994418 0.609659 0)
(0.948219 0.580254 0)
(0.899239 0.548034 4.00957e-20)
(0.848207 0.512994 5.50087e-17)
(0.800634 0.47884 5.17641e-17)
(0.76332 0.451213 2.96102e-20)
(0.736007 0.431183 2.3727e-17)
(0.715181 0.41694 1.12015e-19)
(0.698529 0.406892 1.12137e-19)
(0.684658 0.399681 -9.32962e-20)
(0.67283 0.394284 -7.42175e-20)
(0.66268 0.390031 0)
(0.654003 0.386537 2.66143e-18)
(0.646687 0.383621 9.02194e-21)
(1.17793 0.76562 2.57768e-21)
(1.15334 0.749698 -2.38165e-18)
(1.12577 0.731825 0)
(1.09458 0.711569 -4.51396e-18)
(1.05965 0.688781 1.1306e-20)
(1.02096 0.663338 0)
(0.978659 0.635136 -1.91837e-20)
(0.933042 0.604086 -5.10926e-20)
(0.884614 0.570104 9.04513e-21)
(0.834141 0.533148 1.26315e-21)
(0.787224 0.497018 0)
(0.750831 0.467669 2.45515e-17)
(0.724801 0.446422 4.72501e-17)
(0.705516 0.431636 8.6012e-20)
(0.690373 0.421758 -1.11387e-17)
(0.677677 0.415263 0)
(0.666534 0.410836 -2.83229e-18)
(0.656607 0.407546 2.59995e-18)
(0.647823 0.404856 1.28114e-18)
(0.640226 0.40255 -1.44093e-21)
(1.15903 0.795616 0)
(1.13489 0.778884 0)
(1.10785 0.760124 4.66071e-18)
(1.07723 0.738859 0)
(1.0429 0.714938 0)
(1.00483 0.688237 -1.69001e-17)
(0.963148 0.658661 -1.55691e-20)
(0.918124 0.626125 -2.42967e-20)
(0.87025 0.590541 -5.27631e-21)
(0.820308 0.551803 0)
(0.773964 0.51373 -3.16324e-20)
(0.73839 0.482492 2.4404e-17)
(0.713666 0.45968 2.36608e-17)
(0.696209 0.443968 1.23976e-19)
(0.683144 0.43408 1.25287e-19)
(0.672308 0.428484 -5.41532e-18)
(0.662413 0.425541 5.64557e-18)
(0.652991 0.423879 5.65845e-18)
(0.644095 0.42262 7.33789e-20)
(0.636014 0.421408 -1.32351e-18)
(1.14054 0.823142 0)
(1.11683 0.805678 -4.2229e-21)
(1.09032 0.786124 9.31952e-18)
(1.06026 0.763954 0)
(1.02652 0.739017 0)
(0.989065 0.711188 1.031e-20)
(0.947992 0.680377 0)
(0.903559 0.646505 0)
(0.856229 0.609472 -2.91686e-17)
(0.806773 0.5691 6.94661e-21)
(0.76088 0.529153 -5.13977e-17)
(0.725928 0.495887 0)
(0.702387 0.471086 -2.33439e-17)
(0.686934 0.453817 3.24028e-19)
(0.676591 0.443382 -1.10438e-17)
(0.668659 0.438629 -5.5489e-18)
(0.661103 0.437776 5.64467e-18)
(0.652913 0.438823 2.73049e-18)
(0.644074 0.440165 -6.01868e-20)
(0.635203 0.440996 -1.34109e-18)
(1.12257 0.848409 0)
(1.09929 0.830284 4.77854e-18)
(1.07327 0.810015 4.66133e-18)
(1.04375 0.787034 -9.06172e-18)
(1.01059 0.761183 -8.77273e-18)
(0.97374 0.732341 3.37917e-17)
(0.933273 0.700421 -5.59809e-21)
(0.889424 0.665349 3.08257e-17)
(0.842619 0.627017 -2.91357e-17)
(0.793595 0.58517 5.47324e-17)
(0.748006 0.543468 -5.13605e-17)
(0.713401 0.508102 -1.02769e-19)
(0.690736 0.480882 -2.33603e-17)
(0.677213 0.461183 1.13659e-17)
(0.670139 0.449098 -1.11939e-17)
(0.666505 0.444475 -5.55477e-18)
(0.663267 0.446095 -2.23688e-19)
(0.658108 0.451507 -1.72238e-19)
(0.650156 0.457775 -2.75849e-18)
(0.640124 0.462728 -1.33767e-18)
(1.10518 0.871609 -2.44062e-18)
(1.08231 0.852885 4.77849e-18)
(1.05678 0.831975 -4.6647e-18)
(1.02779 0.808264 -1.81365e-17)
(0.995191 0.781591 -8.78142e-18)
(0.958925 0.751837 3.38098e-17)
(0.919051 0.718921 3.64089e-21)
(0.875773 0.682775 6.162e-17)
(0.829475 0.643285 -2.91291e-17)
(0.780829 0.600131 5.46257e-17)
(0.735393 0.556839 -2.97888e-20)
(0.700803 0.519412 0)
(0.678512 0.489453 0)
(0.666453 0.466334 1.15304e-17)
(0.662754 0.450804 -1.07972e-17)
(0.664846 0.444243 -4.94506e-21)
(0.66907 0.447442 5.57632e-18)
(0.671082 0.459105 0)
(0.667213 0.475056 -2.65172e-18)
(0.656272 0.489517 -1.35609e-18)
(1.08844 0.892915 -2.44051e-18)
(1.06597 0.87365 1.92508e-22)
(1.0409 0.852165 -4.6634e-18)
(1.01242 0.827797 -9.06452e-18)
(0.98036 0.800383 -2.25407e-21)
(0.944664 0.769808 3.38059e-17)
(0.905369 0.735998 0)
(0.862649 0.698892 3.08015e-17)
(0.816837 0.658377 -5.82233e-17)
(0.768523 0.614084 0)
(0.723101 0.569412 0)
(0.688182 0.530091 5.31302e-20)
(0.665608 0.497306 2.74862e-19)
(0.654062 0.469955 2.80163e-19)
(0.652924 0.448735 -1.09844e-17)
(0.661257 0.436132 6.95011e-21)
(0.676646 0.436203 5.02027e-18)
(0.693992 0.453129 2.33118e-18)
(0.705006 0.487218 -2.96816e-18)
(0.699596 0.528655 1.52094e-18)
(1.07236 0.912476 -2.44178e-18)
(1.05031 0.892736 0)
(1.02567 0.870738 0)
(0.997667 0.845777 -2.2891e-21)
(0.966131 0.817694 -4.30974e-22)
(0.930986 0.786377 3.38083e-17)
(0.892253 0.751763 1.61913e-17)
(0.850076 0.713799 3.07987e-17)
(0.804736 0.672381 1.62288e-20)
(0.756717 0.627115 -7.18987e-21)
(0.711198 0.581296 -4.49872e-21)
(0.67564 0.540371 -2.39582e-17)
(0.652068 0.50499 -2.27951e-17)
(0.63966 0.473169 1.48904e-19)
(0.638968 0.44448 0)
(0.65146 0.420334 -5.98228e-18)
(0.678964 0.4054 -8.25833e-19)
(0.72212 0.411254 1.87095e-18)
(0.776875 0.462605 -7.16529e-18)
(0.829234 0.603248 2.2008e-18)
(1.05696 0.930457 1.51456e-21)
(1.03531 0.910361 4.78327e-18)
(1.01104 0.887941 -4.66941e-18)
(0.983448 0.862485 -3.20176e-22)
(0.952371 0.83384 0)
(0.917715 0.801899 1.69005e-17)
(0.879485 0.766607 1.61834e-17)
(0.837794 0.727922 6.15857e-17)
(0.792869 0.685751 2.90796e-17)
(0.74508 0.639698 -5.01072e-21)
(0.699337 0.592992 -2.42431e-20)
(0.662828 0.550827 -2.39184e-17)
(0.637506 0.513307 -2.28024e-17)
(0.622557 0.47741 -1.46154e-19)
(0.618834 0.4409 1.05112e-17)
(0.628954 0.401415 0)
(0.658566 0.354627 0)
(0.719496 0.290773 1.7042e-18)
(0.834803 0.189384 2.73315e-18)
(1.04266 0.0128125 -3.22606e-18)
(1.04219 0.947003 2.44098e-18)
(1.02091 0.926694 4.78139e-18)
(0.996918 0.903945 7.07998e-22)
(0.969657 0.878105 -9.07635e-18)
(0.93895 0.849024 -2.88506e-21)
(0.904694 0.816597 -1.69122e-17)
(0.866878 0.780773 0)
(0.825587 0.741523 3.0784e-17)
(0.780992 0.698771 0)
(0.733339 0.652143 5.44751e-17)
(0.687232 0.604854 -1.57031e-20)
(0.649473 0.561929 -3.99725e-20)
(0.621676 0.523066 2.25457e-17)
(0.602472 0.484481 -2.54812e-19)
(0.591685 0.44293 9.81984e-18)
(0.589395 0.395092 0)
(0.594395 0.337019 0)
(0.601255 0.264388 0)
(0.595618 0.174625 1.97172e-18)
(0.547747 0.0699877 8.05501e-19)
(1.02808 0.962254 0)
(1.00712 0.941832 0)
(0.983348 0.918818 4.66677e-18)
(0.956349 0.892677 -9.0731e-18)
(0.925942 0.863255 -8.78371e-18)
(0.892014 0.830448 -1.69056e-17)
(0.854542 0.794207 -2.83507e-21)
(0.813584 0.754517 -6.32613e-22)
(0.769258 0.711324 -3.06852e-21)
(0.721682 0.664304 5.44363e-17)
(0.67514 0.616726 -2.71703e-21)
(0.635988 0.573579 2.38262e-17)
(0.605323 0.534394 2.25205e-17)
(0.580941 0.495088 -1.06818e-17)
(0.561375 0.452345 -3.19395e-19)
(0.544792 0.403712 0)
(0.527846 0.348135 4.33341e-18)
(0.505258 0.286916 8.99125e-19)
(0.471369 0.224565 1.05943e-18)
(0.42299 0.167664 1.12336e-18)
(1.01464 0.976345 0)
(0.993929 0.955871 -4.78427e-18)
(0.970318 0.932651 -6.0915e-22)
(0.943521 0.906286 -9.07816e-18)
(0.913346 0.87661 -8.78169e-18)
(0.879677 0.843516 0)
(0.842479 0.806962 0)
(0.801789 0.766942 0)
(0.757675 0.723435 2.9079e-17)
(0.710134 0.676187 -2.13653e-21)
(0.66314 0.628595 0)
(0.622598 0.585761 2.37239e-17)
(0.589045 0.547304 0)
(0.559476 0.509244 -1.04438e-17)
(0.531568 0.468653 -9.55569e-18)
(0.503137 0.424077 -4.01965e-18)
(0.472036 0.376142 7.29178e-19)
(0.436767 0.3277 4.3617e-19)
(0.397568 0.282946 -2.14926e-18)
(0.356178 0.245164 -4.66349e-19)
(1.00187 0.989393 -7.21826e-23)
(0.981308 0.968892 -9.56817e-18)
(0.957819 0.945527 -2.53901e-22)
(0.931165 0.919007 -9.07704e-18)
(0.901157 0.889156 0)
(0.867679 0.855863 0)
(0.830688 0.819086 0)
(0.790205 0.778836 -9.03056e-22)
(0.746253 0.735126 2.90707e-17)
(0.698718 0.687794 0)
(0.651303 0.640428 0)
(0.609521 0.598382 0)
(0.573417 0.561582 0)
(0.539395 0.526432 1.0459e-17)
(0.504739 0.490481 -6.365e-22)
(0.467675 0.452704 -4.51637e-18)
(0.427748 0.413792 -4.09731e-18)
(0.38605 0.375859 -1.85199e-18)
(0.344864 0.341416 -1.68338e-18)
(0.306339 0.312113 0)
(0.989389 1.00189 -8.10596e-23)
(0.968876 0.981331 -5.60972e-22)
(0.945496 0.957856 4.66869e-18)
(0.91896 0.93122 -5.57958e-23)
(0.889088 0.901234 -6.09654e-22)
(0.85577 0.867782 1.6912e-17)
(0.818957 0.83083 1.5226e-22)
(0.778656 0.790404 -3.07918e-17)
(0.734854 0.746555 0)
(0.687342 0.699228 1.38956e-21)
(0.639609 0.652257 5.15609e-21)
(0.596876 0.611358 0)
(0.558855 0.576915 0)
(0.521616 0.545899 1.05125e-17)
(0.482301 0.516327 1.96666e-17)
(0.439487 0.487098 1.93833e-19)
(0.393647 0.457932 4.46331e-18)
(0.347009 0.429235 -2.27421e-18)
(0.302593 0.401838 -1.73338e-18)
(0.263064 0.377098 5.31752e-19)
(0.976348 1.01465 -2.44187e-18)
(0.955863 0.993959 1.53312e-21)
(0.932628 0.970362 4.66944e-18)
(0.906246 0.943583 0)
(0.876551 0.91343 0)
(0.843435 0.879789 1.69139e-17)
(0.806847 0.842632 1.61858e-17)
(0.766784 0.802004 -3.07985e-17)
(0.723198 0.758002 5.20317e-22)
(0.675807 0.710689 5.44296e-17)
(0.627948 0.664186 -5.07318e-17)
(0.584686 0.624637 0)
(0.545603 0.592957 0)
(0.506711 0.566789 -1.05502e-17)
(0.465112 0.544693 9.92463e-18)
(0.419295 0.525453 0)
(0.369532 0.507549 5.51885e-19)
(0.317891 0.48919 -5.25457e-19)
(0.267611 0.469017 -1.81777e-18)
(0.222659 0.447947 -1.01784e-18)
(0.962265 1.0281 -1.16943e-21)
(0.941831 1.00716 -4.78377e-18)
(0.918802 0.9834 0)
(0.892646 0.956419 0)
(0.863206 0.926033 0)
(0.830378 0.892135 0)
(0.794108 0.854705 1.61878e-17)
(0.754382 0.813813 3.07871e-17)
(0.711128 0.769603 0)
(0.664007 0.722266 5.44587e-17)
(0.616276 0.676232 -1.27421e-20)
(0.572989 0.638088 3.53382e-20)
(0.533824 0.609255 -6.46101e-20)
(0.495024 0.588063 -1.073e-19)
(0.453797 0.573795 -1.01397e-17)
(0.408216 0.565662 0)
(0.357293 0.56173 -4.54985e-18)
(0.301298 0.558311 -4.2811e-18)
(0.242255 0.550581 -1.99086e-18)
(0.185328 0.536407 -2.47615e-18)
(0.947021 1.04222 2.44245e-18)
(0.926701 1.02095 4.78025e-18)
(0.903938 0.996978 0)
(0.878083 0.969734 2.30898e-21)
(0.848984 0.939049 -8.77791e-18)
(0.816539 0.904823 0)
(0.780691 0.86705 0)
(0.741414 0.825827 1.40137e-20)
(0.698618 0.781351 -1.66229e-21)
(0.651935 0.733937 5.4483e-17)
(0.604611 0.688322 5.0838e-17)
(0.561823 0.651499 2.3831e-17)
(0.523556 0.625269 0)
(0.48659 0.608514 1.0802e-17)
(0.448604 0.601301 -9.94549e-18)
(0.407558 0.604077 6.59969e-19)
(0.361003 0.616697 0)
(0.305764 0.636858 -2.36122e-18)
(0.238763 0.657638 1.72929e-20)
(0.161048 0.667226 -1.05487e-18)
(0.930484 1.057 2.4416e-18)
(0.910376 1.03536 4.78157e-18)
(0.887942 1.01111 -4.66668e-18)
(0.862472 0.983533 -2.0651e-22)
(0.833811 0.952478 -4.98121e-21)
(0.801856 0.917851 0)
(0.766544 0.879664 -1.61783e-17)
(0.72784 0.838041 -3.08093e-17)
(0.685644 0.793233 4.05423e-21)
(0.639581 0.745675 5.45243e-17)
(0.592949 0.700383 -2.67243e-20)
(0.55115 0.66467 2.39651e-17)
(0.514631 0.640511 2.28051e-17)
(0.480972 0.627 -2.90524e-19)
(0.448869 0.624558 -2.31906e-21)
(0.41742 0.634718 5.90418e-18)
(0.384941 0.660765 0)
(0.346977 0.709578 0)
(0.293407 0.794566 7.37986e-19)
(0.207771 0.940462 -3.13624e-18)
(0.91251 1.07241 2.44189e-18)
(0.892759 1.05037 -4.77987e-18)
(0.870747 1.02575 -4.66657e-18)
(0.845773 0.997759 -9.06883e-18)
(0.817677 0.966244 4.4801e-21)
(0.786348 0.931128 0)
(0.751719 0.892438 -1.61899e-17)
(0.713746 0.850327 3.07946e-17)
(0.67232 0.805099 0)
(0.627086 0.757294 0)
(0.581432 0.712168 0)
(0.541028 0.677234 0)
(0.506832 0.654396 2.30602e-17)
(0.477278 0.642518 -1.09601e-17)
(0.45234 0.641438 0)
(0.433482 0.651393 5.40601e-18)
(0.424345 0.672494 0)
(0.432771 0.703671 -2.8482e-18)
(0.474292 0.740526 2.31368e-18)
(0.576964 0.772942 -3.16795e-19)
(0.892956 1.0885 2.44077e-18)
(0.873681 1.06604 -4.78071e-18)
(0.852183 1.04098 4.66367e-18)
(0.827804 1.01251 -9.07274e-18)
(0.800378 0.980479 -8.78041e-18)
(0.769793 0.944811 0)
(0.735974 0.905557 6.7033e-21)
(0.698866 0.8629 6.16161e-17)
(0.658362 0.817194 -2.91112e-17)
(0.614137 0.769069 0)
(0.569697 0.723969 -2.65307e-20)
(0.530979 0.689488 -5.66458e-20)
(0.499375 0.667257 0)
(0.473945 0.655574 -1.12186e-17)
(0.455271 0.653204 0)
(0.445125 0.658535 -4.26153e-19)
(0.446033 0.668842 -6.03491e-18)
(0.460098 0.679689 -2.84101e-18)
(0.486388 0.684903 2.91142e-18)
(0.517205 0.677773 -1.12311e-19)
(0.871657 1.10525 4.88042e-18)
(0.852923 1.08239 -6.35937e-24)
(0.832002 1.05687 4.66325e-18)
(0.80828 1.02789 -4.02101e-21)
(0.781598 0.995315 -1.46711e-21)
(0.751837 0.959075 0)
(0.718917 0.91924 -1.61839e-17)
(0.682778 0.876022 3.08298e-17)
(0.643315 0.829817 -1.42375e-20)
(0.600258 0.781332 -5.46852e-17)
(0.557244 0.736139 -5.12398e-17)
(0.520432 0.701806 0)
(0.491512 0.679544 2.32777e-17)
(0.469792 0.666955 2.26675e-19)
(0.455652 0.661811 -1.08649e-17)
(0.449753 0.661422 0)
(0.45208 0.662501 -5.55927e-18)
(0.461001 0.661614 2.44889e-19)
(0.472964 0.656191 1.56081e-19)
(0.483616 0.645677 -1.45031e-18)
(0.848464 1.12265 2.43955e-18)
(0.830329 1.09937 -2.66182e-22)
(0.81005 1.07336 -4.66168e-18)
(0.787061 1.04386 -9.05713e-18)
(0.761202 1.01072 4.46173e-21)
(0.732356 0.973892 -1.68979e-17)
(0.700437 0.93346 -9.00422e-21)
(0.66538 0.889664 3.08154e-17)
(0.627088 0.842941 1.37656e-20)
(0.585361 0.794045 -1.0949e-16)
(0.543955 0.74862 -1.02696e-16)
(0.509158 0.714115 -2.42467e-17)
(0.482756 0.691266 4.68051e-17)
(0.463941 0.677059 -1.15801e-17)
(0.452434 0.668697 -1.11989e-17)
(0.447654 0.663337 2.16847e-19)
(0.448183 0.65838 1.58984e-21)
(0.451786 0.652041 -1.4579e-19)
(0.456063 0.643761 0)
(0.459357 0.63419 -1.38549e-18)
(0.823202 1.14063 0)
(0.80573 1.11693 4.77845e-18)
(0.786167 1.09042 -4.66026e-18)
(0.76399 1.06037 -9.06717e-18)
(0.739047 1.02665 0)
(0.711218 0.989217 -1.69175e-17)
(0.680413 0.948175 1.76724e-21)
(0.646562 0.903788 3.084e-17)
(0.60958 0.856524 -1.47076e-20)
(0.56934 0.807162 -5.48296e-17)
(0.529683 0.76136 -5.14858e-17)
(0.496901 0.726388 -4.88511e-17)
(0.472681 0.702548 2.35e-17)
(0.455891 0.686423 -2.27223e-17)
(0.445572 0.675086 2.44281e-21)
(0.44041 0.666068 -5.69173e-18)
(0.438684 0.657634 1.2379e-19)
(0.438636 0.648988 8.96545e-20)
(0.438936 0.640137 0)
(0.438944 0.631572 0)
(0.79568 1.15912 2.372e-21)
(0.77894 1.13499 4.77708e-18)
(0.760174 1.10796 0)
(0.738903 1.07735 0)
(0.714979 1.04303 0)
(0.688281 1.00498 0)
(0.658715 0.963324 -1.62089e-17)
(0.626205 0.918337 -2.39249e-20)
(0.590679 0.870514 5.83725e-17)
(0.552076 0.820633 6.54593e-22)
(0.514267 0.774319 -5.15913e-17)
(0.483408 0.738643 -2.44316e-17)
(0.460971 0.713584 0)
(0.445463 0.695554 -2.29237e-17)
(0.435479 0.681788 -1.11148e-17)
(0.429471 0.670309 -5.32031e-18)
(0.425916 0.659982 2.41272e-19)
(0.423598 0.650393 -2.46916e-18)
(0.421763 0.641552 6.37117e-20)
(0.420105 0.63366 -1.87875e-20)
(0.765686 1.17803 -2.43534e-18)
(0.749758 1.15345 -5.46939e-21)
(0.731881 1.12589 -4.66068e-18)
(0.711621 1.0947 -4.52632e-18)
(0.688833 1.05978 0)
(0.663394 1.02111 -1.6903e-17)
(0.635206 0.978825 4.28554e-21)
(0.604185 0.933238 1.39909e-20)
(0.570265 0.884845 5.8415e-17)
(0.533437 0.834403 1.09887e-20)
(0.497532 0.787468 -5.17312e-17)
(0.468459 0.750929 -2.456e-17)
(0.447426 0.72458 -2.37002e-17)
(0.432685 0.704848 -2.3034e-17)
(0.422641 0.68924 -1.12195e-17)
(0.41581 0.676176 -5.37543e-18)
(0.410973 0.664824 -2.60664e-18)
(0.407285 0.654843 -2.60651e-18)
(0.404261 0.646116 -1.32002e-18)
(0.401697 0.638635 -1.32117e-18)
(0.732991 1.19721 -2.43496e-18)
(0.717966 1.17216 0)
(0.701083 1.14406 -4.65483e-18)
(0.681953 1.1123 -3.25289e-21)
(0.660433 1.07676 0)
(0.636399 1.03747 -1.68891e-17)
(0.609741 0.994573 0)
(0.580368 0.948393 3.07895e-17)
(0.548208 0.899434 2.92023e-17)
(0.513285 0.848409 5.5012e-17)
(0.47931 0.800786 -5.17851e-17)
(0.451869 0.76331 -2.46251e-17)
(0.431942 0.735722 -2.3718e-17)
(0.417664 0.71457 -1.14916e-17)
(0.407448 0.69762 1.00382e-19)
(0.399986 0.683543 -5.49528e-18)
(0.394318 0.671616 -5.34143e-18)
(0.38982 0.661455 4.36002e-20)
(0.386123 0.652821 -2.63105e-18)
(0.383052 0.645579 -1.3022e-18)
(0.697348 1.21647 8.90952e-22)
(0.683331 1.19095 7.4286e-21)
(0.667563 1.1623 9.27643e-21)
(0.649699 1.12995 4.52181e-18)
(0.629597 1.09382 -8.70612e-18)
(0.607129 1.05392 4.52681e-20)
(0.582174 1.01043 0)
(0.554619 0.963684 6.16937e-17)
(0.52438 0.914182 0)
(0.49148 0.862584 5.51083e-17)
(0.459445 0.814256 -5.19161e-17)
(0.433501 0.775851 -2.46576e-17)
(0.414473 0.747154 -2.37525e-17)
(0.400515 0.724867 5.11304e-20)
(0.390156 0.706958 -5.54599e-18)
(0.38228 0.692221 5.52961e-18)
(0.37611 0.679944 3.51499e-20)
(0.371147 0.669677 -2.67779e-18)
(0.367076 0.661093 -2.60755e-20)
(0.363726 0.653976 -4.60918e-21)
(0.658492 1.23556 4.94298e-21)
(0.645606 1.20957 2.38299e-18)
(0.631093 1.18037 0)
(0.614651 1.14745 -4.11686e-20)
(0.59614 1.11073 -1.74796e-17)
(0.575421 1.07025 5.75691e-20)
(0.552357 1.02621 1.60857e-17)
(0.526807 0.978959 3.07848e-17)
(0.498654 0.928971 2.92382e-17)
(0.467891 0.87685 -5.89115e-20)
(0.437803 0.82786 2.60204e-17)
(0.413255 0.788602 4.6914e-20)
(0.395004 0.758969 -2.37544e-17)
(0.381325 0.735807 1.15109e-17)
(0.370907 0.717212 -1.12182e-17)
(0.362801 0.702026 5.46578e-18)
(0.356358 0.689511 5.37308e-18)
(0.351148 0.679158 -1.06169e-20)
(0.346884 0.670582 2.61892e-18)
(0.343389 0.663517 -9.2213e-22)
(0.616147 1.25415 -1.95338e-21)
(0.604533 1.22769 2.3656e-18)
(0.591439 1.19795 3.4987e-20)
(0.576601 1.16448 4.45206e-20)
(0.559877 1.12722 -1.7393e-17)
(0.541117 1.08622 -8.33975e-18)
(0.520154 1.04171 1.61574e-17)
(0.496811 0.994032 0)
(0.470918 0.943656 2.91759e-17)
(0.442407 0.891115 -7.43243e-20)
(0.414279 0.841571 2.61562e-17)
(0.391062 0.801599 2.47467e-17)
(0.373529 0.771222 -9.2268e-20)
(0.36014 0.747404 1.14891e-17)
(0.349754 0.728316 -5.58911e-18)
(0.341561 0.712809 5.49991e-18)
(0.334997 0.700114 2.6967e-18)
(0.329678 0.689676 9.95341e-22)
(0.325331 0.681074 1.30933e-18)
(0.321776 0.67401 -9.81907e-22)
(0.570028 1.2718 0)
(0.559855 1.2449 -2.36606e-18)
(0.548372 1.21466 -4.57744e-18)
(0.535349 1.18069 5.59468e-20)
(0.520641 1.14294 -8.6347e-18)
(0.504076 1.10152 -1.67103e-17)
(0.485452 1.05664 0)
(0.464535 1.00867 0)
(0.441087 0.958064 0)
(0.414946 0.905272 -2.16647e-19)
(0.388801 0.855352 -1.6325e-19)
(0.366883 0.814856 -2.46547e-17)
(0.350046 0.783937 -1.18194e-17)
(0.336974 0.75965 -6.59797e-20)
(0.326696 0.74021 5.56804e-18)
(0.318513 0.724464 1.09476e-17)
(0.311927 0.711618 -4.18278e-20)
(0.306582 0.701092 -2.66705e-18)
(0.302217 0.69244 -1.31009e-18)
(0.298651 0.685342 0)
(0.519855 1.28798 7.69593e-21)
(0.511322 1.26066 -2.35993e-18)
(0.501677 1.22997 -9.21325e-18)
(0.49072 1.19557 0)
(0.478293 1.15745 9.81004e-20)
(0.464196 1.11573 -8.26991e-18)
(0.448177 1.07066 0)
(0.429928 1.02261 -1.50269e-19)
(0.409119 0.971987 -1.45879e-19)
(0.385471 0.919194 0)
(0.361345 0.869152 0)
(0.340709 0.828374 -2.48602e-17)
(0.324557 0.797126 -9.87977e-21)
(0.311824 0.772538 1.14495e-17)
(0.301699 0.752857 5.55484e-18)
(0.293581 0.736932 5.50429e-18)
(0.287023 0.723958 0)
(0.281695 0.713338 -2.63594e-18)
(0.277347 0.704618 -2.58904e-18)
(0.273795 0.697463 6.53522e-21)
(0.465362 1.30193 1.20854e-18)
(0.458714 1.27426 2.34751e-18)
(0.451182 1.2432 -4.65234e-18)
(0.442589 1.20849 4.37231e-18)
(0.432757 1.17016 0)
(0.421443 1.12835 0)
(0.408326 1.08334 0)
(0.393007 1.03549 -1.87602e-19)
(0.375042 0.98518 -1.85879e-19)
(0.354011 0.932729 0)
(0.331941 0.882909 0)
(0.312573 0.842151 -2.51485e-17)
(0.297087 0.810808 1.19883e-17)
(0.284685 0.786084 1.18898e-17)
(0.274719 0.766265 -5.53903e-18)
(0.266675 0.750216 0)
(0.260157 0.737132 2.71053e-18)
(0.254853 0.726419 -2.67078e-18)
(0.250524 0.717616 -2.67344e-18)
(0.246987 0.710386 6.41997e-19)
(0.40633 1.31269 1.2077e-18)
(0.401868 1.28476 2.42451e-18)
(0.396789 1.25347 7.61874e-20)
(0.390923 1.21864 8.76056e-18)
(0.384058 1.18034 -1.4726e-19)
(0.375891 1.13876 8.30815e-18)
(0.366008 1.09417 -7.99156e-18)
(0.353898 1.04692 0)
(0.338983 0.997355 0)
(0.320688 0.945708 0)
(0.300701 0.896559 2.61989e-17)
(0.282569 0.856196 -2.47006e-17)
(0.267697 0.825031 1.20177e-17)
(0.255575 0.800359 -6.01508e-18)
(0.24572 0.780518 -1.1351e-17)
(0.23771 0.764405 0)
(0.231194 0.751239 1.6389e-21)
(0.225883 0.740434 9.23887e-20)
(0.221546 0.731541 -1.3277e-18)
(0.218001 0.72422 -1.39288e-20)
(0.342627 1.31896 -1.95586e-20)
(0.34074 1.29092 -5.53959e-20)
(0.338543 1.25962 0)
(0.335854 1.22496 4.40675e-18)
(0.332405 1.18707 -4.27029e-18)
(0.327799 1.14616 4.14273e-18)
(0.321509 1.10251 -7.96713e-18)
(0.312888 1.05642 0)
(0.301216 1.00819 0)
(0.285752 0.957942 2.82496e-17)
(0.267849 0.910041 5.35956e-17)
(0.250888 0.870547 -1.21358e-17)
(0.236528 0.83991 3.50175e-19)
(0.224572 0.815526 -5.87201e-18)
(0.214712 0.795813 -8.57421e-18)
(0.206627 0.779721 -2.79771e-18)
(0.200015 0.76651 -1.4701e-18)
(0.194612 0.755626 0)
(0.190195 0.746636 6.67941e-19)
(0.186582 0.73921 -6.81698e-19)
(0.274282 1.31892 -1.14464e-18)
(0.275499 1.29101 0)
(0.276754 1.26005 0)
(0.277816 1.22605 0)
(0.278315 1.18917 -4.47858e-18)
(0.277727 1.14962 -4.39505e-18)
(0.275382 1.10764 7.89734e-18)
(0.270496 1.06348 0)
(0.262211 1.01732 0)
(0.24963 0.969239 4.08725e-17)
(0.233773 0.923309 2.5781e-17)
(0.217874 0.885298 -1.26489e-17)
(0.203862 0.855654 -1.26381e-17)
(0.191872 0.831902 -6.58533e-18)
(0.181795 0.812547 -3.14132e-18)
(0.173427 0.796619 -5.83921e-18)
(0.166528 0.783439 1.26217e-18)
(0.160866 0.772503 0)
(0.156228 0.763415 6.75799e-19)
(0.152432 0.755866 -1.35544e-20)
(0.201631 1.30988 -5.74402e-19)
(0.206742 1.28254 4.77524e-20)
(0.212255 1.25257 -1.6713e-19)
(0.217806 1.22007 -4.79051e-19)
(0.222857 1.18518 -3.10907e-19)
(0.22672 1.14805 3.79418e-19)
(0.228586 1.1088 7.84869e-18)
(0.227565 1.06756 -8.01045e-18)
(0.222703 1.02443 0)
(0.212977 0.979412 1.43617e-17)
(0.199087 0.936333 1.24874e-18)
(0.184112 0.900591 7.00722e-19)
(0.170235 0.872599 0)
(0.157926 0.85001 -5.99837e-18)
(0.147298 0.831422 0)
(0.13829 0.815943 -2.87124e-18)
(0.130758 0.80297 1.40982e-18)
(0.124518 0.792069 0)
(0.119381 0.782906 0)
(0.115168 0.775214 3.21263e-19)
(0.125663 1.28729 2.80193e-19)
(0.13608 1.26154 -6.65395e-20)
(0.147076 1.23404 -1.14192e-19)
(0.157999 1.20475 5.16299e-22)
(0.168107 1.17357 2.06655e-19)
(0.176603 1.14045 1.99317e-18)
(0.182646 1.10534 1.65258e-18)
(0.185344 1.06825 -8.41745e-18)
(0.183735 1.02922 -4.22063e-18)
(0.176726 0.988301 5.98316e-19)
(0.164709 0.949074 7.18218e-18)
(0.150559 0.916576 0)
(0.136641 0.891156 3.11467e-18)
(0.123708 0.870608 0)
(0.112083 0.853585 0)
(0.101881 0.83923 0)
(0.0930973 0.826983 2.41637e-18)
(0.0856529 0.816464 -3.78303e-22)
(0.079426 0.807405 1.75676e-19)
(0.0742713 0.799605 3.21551e-19)
(0.0494982 1.23984 -2.50908e-19)
(0.0685752 1.22122 -5.23205e-20)
(0.0865729 1.20074 -8.46427e-20)
(0.103145 1.17822 1.14766e-19)
(0.117885 1.15351 1.41666e-19)
(0.130289 1.1265 1.9642e-18)
(0.139741 1.09714 1.91434e-18)
(0.145494 1.06547 0)
(0.146646 1.03162 -3.80191e-18)
(0.14208 0.995777 -1.92695e-19)
(0.131898 0.961402 6.71393e-18)
(0.118696 0.933203 0)
(0.104875 0.911495 3.44465e-18)
(0.0913367 0.89429 2.21037e-19)
(0.0784979 0.880313 0)
(0.0665625 0.868715 0)
(0.0556325 0.858914 7.46542e-19)
(0.0457548 0.850504 0)
(0.0369379 0.843201 3.65983e-19)
(0.0291599 0.836806 0)
(0.0086751 1.17207 0)
(0.0262166 1.16476 0)
(0.0438729 1.15478 0)
(0.0610709 1.14188 0)
(0.0771713 1.12589 -5.55106e-32)
(0.0914773 1.10673 5.45661e-32)
(0.103227 1.08443 0)
(0.111571 1.0591 0)
(0.115525 1.031 0)
(0.113891 1.00049 0)
(0.106363 0.970953 0)
(0.0950787 0.946902 0)
(0.082557 0.928781 0)
(0.0698763 0.914926 0)
(0.0575269 0.904228 0)
(0.0457191 0.895917 0)
(0.0345233 0.889447 0)
(0.0239435 0.884418 0)
(0.0139606 0.880532 0)
(0.00455782 0.877556 0)
(0.00472665 1.11855 0)
(0.0149302 1.11702 0)
(0.0265065 1.11349 0)
(0.039096 1.10745 0)
(0.0521301 1.09847 0)
(0.0648424 1.08622 0)
(0.0762947 1.07049 0)
(0.0854033 1.05127 0)
(0.0909401 1.02872 0)
(0.0914779 1.00325 0)
(0.0863296 0.978013 0)
(0.0771867 0.957403 0)
(0.0664649 0.942086 0)
(0.0553881 0.930735 0)
(0.0445886 0.922411 0)
(0.0344143 0.916435 0)
(0.0250675 0.912304 0)
(0.0166689 0.909627 0)
(0.0092822 0.908091 0)
(0.00292331 0.907434 0)
(0.00313243 1.08716 0)
(0.00996679 1.08648 0)
(0.0179421 1.08472 0)
(0.0269884 1.08142 0)
(0.0368581 1.07605 0)
(0.0470751 1.0681 0)
(0.0569053 1.05712 0)
(0.0653536 1.04284 0)
(0.071173 1.0252 0)
(0.0728516 1.00447 0)
(0.0694298 0.983425 0)
(0.0621568 0.966155 0)
(0.0532366 0.953475 0)
(0.0439299 0.944329 0)
(0.0349187 0.937892 0)
(0.0265765 0.933518 0)
(0.0190949 0.930694 0)
(0.0125473 0.929006 0)
(0.00692634 0.928122 0)
(0.00217125 0.927779 0)
(0.00223056 1.06575 0)
(0.00711152 1.06534 0)
(0.0128617 1.06427 0)
(0.0195001 1.06221 0)
(0.0269354 1.05873 0)
(0.0349043 1.05335 0)
(0.0429076 1.04557 0)
(0.0501604 1.03497 0)
(0.0555639 1.02133 0)
(0.0576882 1.00475 0)
(0.0554605 0.98752 0)
(0.0497567 0.973295 0)
(0.0424972 0.962941 0)
(0.0348749 0.955613 0)
(0.0275381 0.95059 0)
(0.0208236 0.94728 0)
(0.0148797 0.945209 0)
(0.00973839 0.944007 0)
(0.00536262 0.943392 0)
(0.0016792 0.943157 0)
(0.00164555 1.05027 0)
(0.00525113 1.04999 0)
(0.009517 1.04928 0)
(0.0144836 1.04788 0)
(0.0201249 1.04549 0)
(0.0262956 1.04169 0)
(0.0326658 1.03605 0)
(0.0386508 1.02814 0)
(0.0433515 1.01764 0)
(0.0455151 1.00451 0)
(0.0440857 0.99059 0)
(0.0396549 0.979023 0)
(0.033836 0.970643 0)
(0.0276911 0.964782 0)
(0.0217945 0.960825 0)
(0.0164312 0.958258 0)
(0.0117137 0.956675 0)
(0.0076543 0.955765 0)
(0.00421121 0.955303 0)
(0.00131815 0.955127 0)
(0.00123878 1.03875 0)
(0.00395493 1.03856 0)
(0.00717594 1.03805 0)
(0.0109439 1.03706 0)
(0.0152585 1.03534 0)
(0.0200372 1.03258 0)
(0.025059 1.02841 0)
(0.0298946 1.02245 0)
(0.0338344 1.01435 0)
(0.0358308 1.00402 0)
(0.0349228 0.992885 0)
(0.0314994 0.983565 0)
(0.0268807 0.976827 0)
(0.0219746 0.972143 0)
(0.0172699 0.969007 0)
(0.0130026 0.966988 0)
(0.00926012 0.965751 0)
(0.00604705 0.965043 0)
(0.00332579 0.964685 0)
(0.00104087 0.964549 0)
(0.000944705 1.03003 0)
(0.00301679 1.02989 0)
(0.00547718 1.02952 0)
(0.00836339 1.02879 0)
(0.0116847 1.02752 0)
(0.0153926 1.02547 0)
(0.0193354 1.02235 0)
(0.0231969 1.01781 0)
(0.0264257 1.01156 0)
(0.02817 1.00345 0)
(0.0275971 0.994598 0)
(0.0249582 0.98714 0)
(0.0213143 0.981747 0)
(0.0174207 0.97801 0)
(0.0136838 0.975517 0)
(0.0102971 0.973919 0)
(0.00733032 0.972942 0)
(0.00478556 0.972384 0)
(0.00263159 0.972102 0)
(0.000823555 0.971995 0)
(0.000726303 1.02336 0)
(0.00231992 1.02325 0)
(0.00421399 1.02297 0)
(0.00643984 1.02243 0)
(0.00900945 1.02148 0)
(0.0118931 1.01993 0)
(0.0149839 1.01756 0)
(0.0180471 1.01408 0)
(0.0206566 1.00925 0)
(0.0221308 1.00289 0)
(0.0217708 0.995881 0)
(0.0197371 0.989941 0)
(0.0168724 0.98564 0)
(0.0137939 0.982663 0)
(0.0108346 0.980681 0)
(0.00815199 0.979412 0)
(0.00580254 0.978638 0)
(0.00378783 0.978196 0)
(0.00208286 0.977973 0)
(0.000651828 0.977888 0)
(0.000561763 1.01821 0)
(0.0017944 1.01813 0)
(0.00326011 1.01792 0)
(0.00498469 1.01751 0)
(0.00697997 1.01678 0)
(0.00922705 1.01561 0)
(0.011649 1.01379 0)
(0.0140696 1.01111 0)
(0.0161597 1.00736 0)
(0.0173792 1.00238 0)
(0.0171538 0.996846 0)
(0.0155847 0.992131 0)
(0.013337 0.988711 0)
(0.0109088 0.986344 0)
(0.0085701 0.984769 0)
(0.00644863 0.983761 0)
(0.00459019 0.983146 0)
(0.00299645 0.982796 0)
(0.00164772 0.982619 0)
(0.000515661 0.982551 0)
(0.000436105 1.01423 0)
(0.00139332 1.01417 0)
(0.00253208 1.01401 0)
(0.00387294 1.01369 0)
(0.00542647 1.01313 0)
(0.00718033 1.01223 0)
(0.00907804 1.01083 0)
(0.0109863 1.00876 0)
(0.0126505 1.00583 0)
(0.013645 1.00194 0)
(0.0135039 0.997574 0)
(0.0122913 0.993841 0)
(0.0105294 0.991129 0)
(0.00861714 0.98925 0)
(0.00677165 0.987999 0)
(0.00509613 0.987199 0)
(0.00362776 0.986712 0)
(0.0023683 0.986434 0)
(0.00130237 0.986293 0)
(0.000407607 0.98624 0)
(0.000339585 1.01113 0)
(0.00108488 1.01109 0)
(0.00197171 1.01096 0)
(0.00301665 1.01072 0)
(0.00422866 1.01029 0)
(0.00559941 1.00959 0)
(0.00708675 1.0085 0)
(0.008589 1.0069 0)
(0.00990882 1.00462 0)
(0.0107117 1.00156 0)
(0.0106236 0.998127 0)
(0.00968451 0.995177 0)
(0.00830402 0.993029 0)
(0.0067996 0.99154 0)
(0.00534505 0.990549 0)
(0.00402324 0.989915 0)
(0.00286428 0.989528 0)
(0.00186996 0.989308 0)
(0.00102834 0.989196 0)
(0.000321844 0.989154 0)
(0.000264938 1.00872 0)
(0.000846518 1.00868 0)
(0.00153869 1.00859 0)
(0.00235447 1.0084 0)
(0.00330131 1.00806 0)
(0.0043735 1.00752 0)
(0.00553931 1.00668 0)
(0.00672069 1.00543 0)
(0.00776443 1.00365 0)
(0.00840799 1.00125 0)
(0.00835292 0.998549 0)
(0.00762432 0.996221 0)
(0.00654279 0.994523 0)
(0.00536012 0.993344 0)
(0.0042148 0.992559 0)
(0.00317312 0.992057 0)
(0.00225936 0.991751 0)
(0.00147519 0.991576 0)
(0.000811322 0.991488 0)
(0.000253941 0.991454 0)
(0.000206921 1.00684 0)
(0.000661175 1.00681 0)
(0.00120195 1.00673 0)
(0.00183957 1.00659 0)
(0.00258008 1.00633 0)
(0.00341939 1.0059 0)
(0.00433334 1.00525 0)
(0.00526175 1.00427 0)
(0.00608545 1.00288 0)
(0.00659861 1.001 0)
(0.00656418 0.998873 0)
(0.0059979 0.997036 0)
(0.00515061 0.995695 0)
(0.00422141 0.994763 0)
(0.00332025 0.994143 0)
(0.00249999 0.993745 0)
(0.00178017 0.993503 0)
(0.00116233 0.993365 0)
(0.000639285 0.993295 0)
(0.00020011 0.993268 0)
(0.000161871 1.00536 0)
(0.000517132 1.00534 0)
(0.000939966 1.00528 0)
(0.0014386 1.00517 0)
(0.00201793 1.00497 0)
(0.00267505 1.00464 0)
(0.00339145 1.00412 0)
(0.00412055 1.00336 0)
(0.00476953 1.00227 0)
(0.00517707 1.0008 0)
(0.00515554 0.999122 0)
(0.0047148 0.997674 0)
(0.00405111 0.996615 0)
(0.00332157 0.995879 0)
(0.00261321 0.995389 0)
(0.00196802 0.995074 0)
(0.00140158 0.994883 0)
(0.000915214 0.994773 0)
(0.000503343 0.994718 0)
(0.000157532 0.994697 0)
(0.000126478 1.00421 0)
(0.000404271 1.0042 0)
(0.000735118 1.00415 0)
(0.0011253 1.00406 0)
(0.0015787 1.0039 0)
(0.00209319 1.00364 0)
(0.00265454 1.00324 0)
(0.00322665 1.00264 0)
(0.00373715 1.00179 0)
(0.0040597 1.00063 0)
(0.00404621 0.999314 0)
(0.00370284 0.998172 0)
(0.00318307 0.997337 0)
(0.0026106 0.996756 0)
(0.00205418 0.996368 0)
(0.00154712 0.99612 0)
(0.00110185 0.995968 0)
(0.00071955 0.995882 0)
(0.000395842 0.995838 0)
(0.000123939 0.995822 0)
(9.90137e-05 1.00331 0)
(0.000316223 1.0033 0)
(0.000574721 1.00326 0)
(0.000879731 1.00319 0)
(0.00123436 1.00307 0)
(0.001637 1.00287 0)
(0.00207662 1.00255 0)
(0.00252515 1.00208 0)
(0.00292613 1.00141 0)
(0.00318069 1.0005 0)
(0.00317225 0.999462 0)
(0.00290467 0.998562 0)
(0.00249795 0.997903 0)
(0.0020493 0.997444 0)
(0.00161287 0.997137 0)
(0.00121492 0.996941 0)
(0.000865325 0.996821 0)
(0.000565051 0.996753 0)
(0.000310734 0.996719 0)
(9.72376e-05 0.996705 0)
(7.7247e-05 1.00261 0)
(0.000246974 1.0026 0)
(0.000449144 1.00257 0)
(0.000687533 1.00252 0)
(0.000964612 1.00242 0)
(0.00127923 1.00226 0)
(0.00162291 1.00201 0)
(0.00197387 1.00164 0)
(0.00228811 1.00111 0)
(0.00248836 1.0004 0)
(0.00248305 0.999577 0)
(0.00227459 0.998867 0)
(0.00195667 0.998346 0)
(0.00160553 0.997983 0)
(0.00126374 0.99774 0)
(0.00095202 0.997585 0)
(0.000678153 0.99749 0)
(0.000442928 0.997436 0)
(0.000243699 0.997409 0)
(7.63097e-05 0.997399 0)
(6.02453e-05 1.00206 0)
(0.000192418 1.00205 0)
(0.000349779 1.00203 0)
(0.00053555 1.00199 0)
(0.000751637 1.00191 0)
(0.000997104 1.00178 0)
(0.00126534 1.00159 0)
(0.00153939 1.0013 0)
(0.00178502 1.00088 0)
(0.001942 1.00031 0)
(0.00193867 0.999667 0)
(0.00177655 0.999104 0)
(0.00152865 0.998692 0)
(0.00125455 0.998404 0)
(0.000987584 0.998212 0)
(0.000743988 0.998089 0)
(0.000529913 0.998014 0)
(0.000346029 0.997972 0)
(0.000190305 0.99795 0)
(5.95624e-05 0.997942 0)
(4.68259e-05 1.00163 0)
(0.000149629 1.00163 0)
(0.000271987 1.00161 0)
(0.000416264 1.00157 0)
(0.000584006 1.00151 0)
(0.000774578 1.00141 0)
(0.000982925 1.00126 0)
(0.00119594 1.00103 0)
(0.00138707 1.0007 0)
(0.00150949 1.00025 0)
(0.00150739 0.999736 0)
(0.00138172 0.999289 0)
(0.00118915 0.998961 0)
(0.000976082 0.998733 0)
(0.000768496 0.99858 0)
(0.000579057 0.998482 0)
(0.000412545 0.998423 0)
(0.000269464 0.998389 0)
(0.000148228 0.998371 0)
(4.63964e-05 0.998365 0)
(3.6015e-05 1.0013 0)
(0.000115168 1.0013 0)
(0.000209539 1.00128 0)
(0.000320928 1.00126 0)
(0.000450473 1.00121 0)
(0.000597639 1.00113 0)
(0.000758519 1.00101 0)
(0.000923026 1.00082 0)
(0.00107071 1.00056 0)
(0.00116548 1.0002 0)
(0.00116415 0.999789 0)
(0.00106733 0.999432 0)
(0.000918702 0.99917 0)
(0.000754125 0.998988 0)
(0.000593704 0.998866 0)
(0.000447271 0.998788 0)
(0.000318577 0.99874 0)
(0.000208049 0.998713 0)
(0.000114473 0.998699 0)
(3.58528e-05 0.998694 0)
(2.76342e-05 1.00105 0)
(8.81433e-05 1.00104 0)
(0.000160043 1.00103 0)
(0.00024491 1.00101 0)
(0.000343666 1.00097 0)
(0.000455935 1.00091 0)
(0.000578738 1.00081 0)
(0.000704371 1.00066 0)
(0.000817223 1.00045 0)
(0.000889732 1.00016 0)
(0.000888902 0.99983 0)
(0.000815125 0.999542 0)
(0.000701743 0.999331 0)
(0.000576148 0.999183 0)
(0.000453711 0.999085 0)
(0.000341922 0.999022 0)
(0.000243618 0.998983 0)
(0.000159107 0.998961 0)
(8.74714e-05 0.99895 0)
(2.73549e-05 0.998946 0)
(2.0523e-05 1.00086 0)
(6.57683e-05 1.00085 0)
(0.000119794 1.00084 0)
(0.000183457 1.00083 0)
(0.000257423 1.00079 0)
(0.00034143 1.00074 0)
(0.000433294 1.00066 0)
(0.000527296 1.00054 0)
(0.000611783 1.00037 0)
(0.000666129 1.00013 0)
(0.000665595 0.99986 0)
(0.000610414 0.999625 0)
(0.000525515 0.999452 0)
(0.000431418 0.999332 0)
(0.000339657 0.999251 0)
(0.000255888 0.9992 0)
(0.000182274 0.999168 0)
(0.000119065 0.99915 0)
(6.55604e-05 0.999141 0)
(2.05545e-05 0.999138 0)
(1.49471e-05 1.00072 0)
(4.75885e-05 1.00071 0)
(8.63536e-05 1.0007 0)
(0.000132227 1.00069 0)
(0.000185683 1.00066 0)
(0.000246482 1.00062 0)
(0.000312987 1.00055 0)
(0.000381027 1.00045 0)
(0.000442172 1.00031 0)
(0.000481523 1.00011 0)
(0.000481205 0.999883 0)
(0.000441375 0.999686 0)
(0.000380057 0.999542 0)
(0.000312088 0.999441 0)
(0.000245797 0.999374 0)
(0.000185245 0.999331 0)
(0.000131976 0.999304 0)
(8.61687e-05 0.999289 0)
(4.73349e-05 0.999282 0)
(1.47874e-05 0.999279 0)
(1.00471e-05 1.00062 0)
(3.22139e-05 1.00061 0)
(5.86404e-05 1.00061 0)
(8.96868e-05 1.00059 0)
(0.000125715 1.00057 0)
(0.00016664 1.00053 0)
(0.000211424 1.00047 0)
(0.000257288 1.00039 0)
(0.000298546 1.00026 0)
(0.000325123 1.00009 0)
(0.000324924 0.999899 0)
(0.000298031 0.999729 0)
(0.000256604 0.999605 0)
(0.000210668 0.999518 0)
(0.00016587 0.99946 0)
(0.000124976 0.999423 0)
(8.9044e-05 0.9994 0)
(5.81897e-05 0.999387 0)
(3.20673e-05 0.99938 0)
(1.00639e-05 0.999378 0)
(5.76294e-06 1.00055 0)
(1.83999e-05 1.00055 0)
(3.34988e-05 1.00054 0)
(5.14211e-05 1.00053 0)
(7.23169e-05 1.00051 0)
(9.60644e-05 1.00048 0)
(0.000122016 1.00043 0)
(0.000148552 1.00035 0)
(0.0001724 1.00024 0)
(0.000187762 1.00008 0)
(0.000187663 0.999909 0)
(0.000172153 0.999757 0)
(0.000148253 0.999645 0)
(0.000121746 0.999567 0)
(9.58822e-05 0.999515 0)
(7.22511e-05 0.999481 0)
(5.14604e-05 0.999461 0)
(3.35847e-05 0.999449 0)
(1.84358e-05 0.999444 0)
(5.75455e-06 0.999441 0)
(1.94872e-06 1.00052 0)
(6.18178e-06 1.00052 0)
(1.11472e-05 1.00051 0)
(1.69675e-05 1.0005 0)
(2.37362e-05 1.00048 0)
(3.14478e-05 1.00045 0)
(3.99034e-05 1.0004 0)
(4.85691e-05 1.00033 0)
(5.63647e-05 1.00022 0)
(6.13874e-05 1.00008 0)
(6.13538e-05 0.999914 0)
(5.62786e-05 0.99977 0)
(4.84582e-05 0.999664 0)
(3.9787e-05 0.999591 0)
(3.13313e-05 0.999541 0)
(2.36129e-05 0.99951 0)
(1.68302e-05 0.999491 0)
(1.10048e-05 0.99948 0)
(6.07181e-06 0.999474 0)
(1.90846e-06 0.999472 0)
(0.0258574 0.804837 -4.38643e-23)
(0.0984211 0.519853 -1.99333e-18)
(0.177806 0.469207 -1.30705e-18)
(0.234731 0.412887 0)
(0.281228 0.35328 0)
(0.323552 0.288883 -4.75001e-20)
(0.364062 0.21432 6.08702e-19)
(0.398649 0.115571 1.3623e-18)
(0.397698 -0.0528805 4.3143e-20)
(0.196126 -0.591972 -4.0091e-18)
(0.0375666 0.640192 -6.36881e-23)
(0.0962367 0.350514 -2.4533e-18)
(0.133559 0.302254 0)
(0.168363 0.25108 0)
(0.199078 0.195166 -4.28989e-20)
(0.222933 0.131378 -1.56128e-19)
(0.234191 0.0552948 7.43441e-19)
(0.22166 -0.0373574 2.40498e-20)
(0.168891 -0.140206 1.83772e-20)
(0.0662867 -0.248114 0)
(0.0313288 0.443204 -2.09285e-18)
(0.080261 0.246028 -8.23127e-19)
(0.109563 0.202614 0)
(0.133243 0.156433 -1.97472e-19)
(0.149315 0.106552 6.44702e-20)
(0.154919 0.0526558 4.57851e-19)
(0.146325 -0.00377931 -6.26499e-19)
(0.120223 -0.0568641 2.61302e-20)
(0.077887 -0.0928884 8.48831e-21)
(0.027073 -0.117494 0)
(0.0236837 0.284708 -2.02357e-18)
(0.0602714 0.158921 0)
(0.0802297 0.123957 1.58945e-19)
(0.0935364 0.0876864 -8.06377e-20)
(0.0990682 0.0506212 -2.1412e-20)
(0.0957337 0.0143257 -1.78102e-19)
(0.0830603 -0.0181502 -6.714e-19)
(0.0622489 -0.0421172 6.76887e-21)
(0.0372591 -0.0526837 2.0375e-21)
(0.0124035 -0.0598067 1.967e-19)
(0.0160797 0.169431 -4.0908e-19)
(0.0406315 0.0950244 0)
(0.052817 0.0702229 -1.27881e-20)
(0.0593027 0.0454954 1.57999e-20)
(0.0599358 0.0218557 2.59343e-20)
(0.0549076 0.000837045 -2.03392e-19)
(0.0450665 -0.0156575 -2.66474e-19)
(0.0321546 -0.0258465 -1.32091e-19)
(0.0186656 -0.0290543 2.03743e-21)
(0.00616248 -0.0317745 -1.49134e-21)
(0.00988476 0.093982 0)
(0.0248779 0.0532945 1.00458e-19)
(0.0318069 0.0376279 -8.95627e-20)
(0.0347556 0.0225967 7.50716e-21)
(0.0340204 0.00901928 7.36526e-21)
(0.0301552 -0.00220801 -6.50252e-20)
(0.0240347 -0.0102966 -7.56578e-20)
(0.0168107 -0.0148317 8.82009e-22)
(0.00969694 -0.0160465 6.60781e-20)
(0.00321155 -0.0172767 -1.1507e-19)
(0.00558537 0.0491198 0)
(0.014077 0.0284854 5.35861e-20)
(0.0178851 0.0194824 -2.15369e-20)
(0.0192608 0.0110702 4.16219e-21)
(0.0185408 0.0037426 3.31384e-25)
(0.016186 -0.00207237 -7.02509e-21)
(0.0127671 -0.00610131 -2.77661e-21)
(0.00890332 -0.0083043 4.04322e-20)
(0.00515557 -0.00891325 3.57225e-20)
(0.00171677 -0.00950611 -6.39909e-20)
(0.00294958 0.0245091 -6.92819e-20)
(0.00749204 0.0147225 4.01762e-22)
(0.00956461 0.00990697 1.03294e-21)
(0.0102763 0.00545172 0)
(0.00985714 0.0016239 0)
(0.00858924 -0.00137701 0)
(0.00678621 -0.00344905 0)
(0.00476019 -0.0046049 2.14676e-20)
(0.0027777 -0.00496825 -1.96801e-20)
(0.000929962 -0.00526024 -1.77876e-20)
(0.00148218 0.011828 -6.79463e-20)
(0.00381563 0.00744056 -1.77993e-20)
(0.00494052 0.00499474 0)
(0.00534808 0.0027167 1.15616e-21)
(0.0051621 0.000748712 1.11837e-21)
(0.00452994 -0.000808364 0)
(0.00361043 -0.0019034 3.92589e-22)
(0.00255852 -0.00253959 1.20202e-20)
(0.00150676 -0.00277025 -1.09131e-20)
(0.000507131 -0.0029169 0)
(0.000720352 0.00558486 -3.31952e-20)
(0.00188787 0.00370496 -3.96069e-21)
(0.00249617 0.00250759 0)
(0.00274087 0.00136844 0)
(0.00267901 0.000365125 -5.80404e-22)
(0.00238023 -0.000446697 -3.19524e-21)
(0.00192123 -0.00103496 -4.17991e-22)
(0.00137863 -0.00139362 3.0752e-21)
(0.000820343 -0.00154152 0)
(0.000277726 -0.00161777 0)
(0.000342985 0.00260409 -3.8066e-21)
(0.000917594 0.00182637 2.33323e-21)
(0.00124369 0.00125565 0)
(0.00139053 0.00069443 0)
(0.00138113 0.000185933 0)
(0.00124592 -0.00023792 -1.05636e-22)
(0.00102056 -0.000556205 0)
(0.000742554 -0.000760388 1.75319e-21)
(0.000446964 -0.000854652 4.88631e-23)
(0.000152371 -0.000896446 1.56873e-21)
(0.000161779 0.00120639 1.87741e-21)
(0.000442417 0.000892888 2.37177e-23)
(0.000615833 0.000626253 -7.11167e-22)
(0.000702538 0.000352947 -2.87767e-22)
(0.00071034 9.68072e-05 0)
(0.000651558 -0.000123894 5.3913e-22)
(0.000542146 -0.000296012 0)
(0.000400223 -0.000412178 0)
(0.000243764 -0.000471427 0)
(8.36769e-05 -0.000495701 8.6718e-22)
(7.59489e-05 0.00055746 9.16765e-22)
(0.000212519 0.000433485 -6.7589e-22)
(0.000304335 0.000310573 -3.86143e-22)
(0.000355134 0.000178765 -5.23619e-23)
(0.00036642 5.06654e-05 0)
(0.000342512 -6.35191e-05 -7.43549e-23)
(0.000290119 -0.000155913 -9.46676e-23)
(0.000217717 -0.000221306 1.98299e-22)
(0.00013435 -0.000257642 2.32799e-22)
(4.64525e-05 -0.00027222 -2.42082e-22)
(3.64078e-05 0.000254298 4.19438e-22)
(0.000103773 0.0002065 -3.26809e-22)
(0.000152404 0.000151039 -4.93424e-23)
(0.00018197 8.88209e-05 6.28179e-24)
(0.000191822 2.61014e-05 1.60205e-24)
(0.000183036 -3.16703e-05 0)
(0.000158147 -8.00181e-05 8.54247e-23)
(0.000120915 -0.000115678 2.29149e-22)
(7.57365e-05 -0.000136903 2.70007e-24)
(2.64026e-05 -0.000145458 -2.56163e-22)
(1.87499e-05 0.000108016 4.61567e-23)
(5.43113e-05 9.05136e-05 -5.85141e-24)
(8.16365e-05 6.72296e-05 1.79579e-23)
(9.9652e-05 4.00692e-05 6.9888e-24)
(0.000107312 1.18243e-05 2.17599e-23)
(0.000104526 -1.49067e-05 -9.25639e-24)
(9.21117e-05 -3.78793e-05 6.10619e-23)
(7.17104e-05 -5.53545e-05 8.08292e-23)
(4.55198e-05 -6.62583e-05 -6.1645e-23)
(1.59682e-05 -7.06574e-05 -9.34456e-23)
(1.15217e-05 2.96313e-05 1.3105e-23)
(3.43242e-05 2.51822e-05 -1.85321e-24)
(5.32439e-05 1.88123e-05 8.67888e-25)
(6.65495e-05 1.12113e-05 1.14161e-23)
(7.31154e-05 3.16529e-06 1.585e-23)
(7.24856e-05 -4.56743e-06 -3.92151e-24)
(6.4894e-05 -1.13122e-05 6.60435e-24)
(5.12323e-05 -1.65279e-05 8.47648e-24)
(3.28879e-05 -1.9857e-05 -1.78555e-24)
(1.16172e-05 -2.11883e-05 -1.0094e-23)
)
;

boundaryField
{
    wall-4
    {
        type            noSlip;
    }
    pressure-outlet-7
    {
        type            zeroGradient;
    }
    velocity-inlet-6
    {
        type            fixedValue;
        value           uniform (0 0 0);
    }
    velocity-inlet-5
    {
        type            fixedValue;
        value           uniform (1 0 0);
    }
    frontAndBackPlanes
    {
        type            empty;
    }
}


// ************************************************************************* //
