0.005	1
0.01	1
0.015	1
0.02	1
0.025	2
0.03	2
0.035	2
0.04	3
0.045	3
0.05	3
0.055	4
0.06	4
0.065	4
0.07	4
0.075	5
0.08	5
0.085	5
0.09	5
0.095	6
0.1	6
0.105	6
0.11	7
0.115	7
0.12	7
0.125	7
0.13	8
0.135	8
0.14	8
0.145	8
0.15	9
0.155	9
0.16	9
0.165	9
0.17	10
0.175	10
0.18	10
0.185	11
0.19	11
0.195	11
0.2	11
0.205	12
0.21	12
0.215	12
0.22	12
0.225	13
0.23	13
0.235	13
0.24	13
0.245	14
0.25	14
0.255	14
0.26	14
0.265	15
0.27	15
0.275	15
0.28	16
0.285	16
0.29	16
0.295	16
0.3	17
0.305	17
0.31	17
0.315	17
0.32	18
0.325	18
0.33	18
0.335	18
0.34	19
0.345	19
0.35	19
0.355	19
0.36	20
0.365	20
0.37	20
0.375	21
0.38	21
0.385	21
0.39	21
0.395	22
0.4	22
0.405	22
0.41	22
0.415	23
0.42	23
0.425	23
0.43	23
0.435	24
0.44	24
0.445	24
0.45	24
0.455	25
0.46	25
0.465	25
0.47	25
0.475	26
0.48	26
0.485	26
0.49	26
0.495	27
0.5	27
0.505	27
0.51	27
0.515	28
0.52	28
0.525	28
0.53	28
0.535	29
0.54	29
0.545	29
0.55	29
0.555	30
0.56	30
0.565	30
0.57	30
0.575	31
0.58	31
0.585	31
0.59	31
0.595	32
0.6	32
0.605	32
0.61	32
0.615	33
0.62	33
0.625	33
0.63	33
0.635	33
0.64	34
0.645	34
0.65	34
0.655	34
0.66	35
0.665	35
0.67	35
0.675	35
0.68	36
0.685	36
0.69	36
0.695	36
0.7	37
0.705	37
0.71	37
0.715	37
0.72	38
0.725	38
0.73	38
0.735	38
0.74	39
0.745	39
0.75	39
0.755	39
0.76	40
0.765	40
0.77	40
0.775	40
0.78	41
0.785	41
0.79	41
0.795	41
0.8	42
0.805	42
0.81	42
0.815	42
0.82	42
0.825	43
0.83	43
0.835	43
0.84	43
0.845	44
0.85	44
0.855	44
0.86	44
0.865	45
0.87	45
0.875	45
0.88	45
0.885	46
0.89	46
0.895	46
0.9	46
0.905	47
0.91	47
0.915	47
0.92	47
0.925	47
0.93	48
0.935	48
0.94	48
0.945	48
0.95	49
0.955	49
0.96	49
0.965	49
0.97	50
0.975	50
0.98	50
0.985	50
0.99	51
0.995	51
1	51
1.005	51
1.01	51
1.015	52
1.02	52
1.025	52
1.03	52
1.035	53
1.04	53
1.045	53
1.05	53
1.055	54
1.06	54
1.065	54
1.07	54
1.075	55
1.08	55
1.085	55
1.09	55
1.095	56
1.1	56
1.105	56
1.11	56
1.115	56
1.12	57
1.125	57
1.13	57
1.135	57
1.14	58
1.145	58
1.15	58
1.155	58
1.16	59
1.165	59
1.17	59
1.175	59
1.18	60
1.185	60
1.19	60
1.195	60
1.2	60
1.205	61
1.21	61
1.215	61
1.22	61
1.225	62
1.23	62
1.235	62
1.24	62
1.245	63
1.25	63
1.255	63
1.26	63
1.265	63
1.27	64
1.275	64
1.28	64
1.285	64
1.29	65
1.295	65
1.3	65
1.305	65
1.31	66
1.315	66
1.32	66
1.325	66
1.33	66
1.335	67
1.34	67
1.345	67
1.35	67
1.355	68
1.36	68
1.365	68
1.37	68
1.375	69
1.38	69
1.385	69
1.39	69
1.395	70
1.4	70
1.405	70
1.41	70
1.415	70
1.42	71
1.425	71
1.43	71
1.435	71
1.44	72
1.445	72
1.45	72
1.455	72
1.46	73
1.465	73
1.47	73
1.475	73
1.48	73
1.485	74
1.49	74
1.495	74
1.5	74
1.505	75
1.51	75
1.515	75
1.52	75
1.525	76
1.53	76
1.535	76
1.54	76
1.545	76
1.55	77
1.555	77
1.56	77
1.565	77
1.57	78
1.575	78
1.58	78
1.585	78
1.59	79
1.595	79
1.6	79
1.605	79
1.61	79
1.615	80
1.62	80
1.625	80
1.63	80
1.635	81
1.64	81
1.645	81
1.65	81
1.655	81
1.66	82
1.665	82
1.67	82
1.675	82
1.68	83
1.685	83
1.69	83
1.695	83
1.7	84
1.705	84
1.71	84
1.715	84
1.72	84
1.725	85
1.73	85
1.735	85
1.74	85
1.745	86
1.75	86
1.755	86
1.76	86
1.765	86
1.77	87
1.775	87
1.78	87
1.785	87
1.79	88
1.795	88
1.8	88
1.805	88
1.81	89
1.815	89
1.82	89
1.825	89
1.83	89
1.835	90
1.84	90
1.845	90
1.85	90
1.855	90
1.86	91
1.865	91
1.87	91
1.875	91
1.88	92
1.885	92
1.89	92
1.895	92
1.9	92
1.905	93
1.91	93
1.915	93
1.92	93
1.925	94
1.93	94
1.935	94
1.94	94
1.945	94
1.95	95
1.955	95
1.96	95
1.965	95
1.97	96
1.975	96
1.98	96
1.985	96
1.99	96
1.995	97
2	97
2.005	97
2.01	97
2.015	97
2.02	98
2.025	98
2.03	98
2.035	98
2.04	99
2.045	99
2.05	99
2.055	99
2.06	99
2.065	100
2.07	100
2.075	100
2.08	100
2.085	100
2.09	101
2.095	101
2.1	101
2.105	101
2.11	102
2.115	102
2.12	102
2.125	102
2.13	102
2.135	103
2.14	103
2.145	103
2.15	103
2.155	104
2.16	104
2.165	104
2.17	104
2.175	104
2.18	105
2.185	105
2.19	105
2.195	105
2.2	105
2.205	106
2.21	106
2.215	106
2.22	106
2.225	107
2.23	107
2.235	107
2.24	107
2.245	107
2.25	108
2.255	108
2.26	108
2.265	108
2.27	108
2.275	109
2.28	109
2.285	109
2.29	109
2.295	110
2.3	110
2.305	110
2.31	110
2.315	110
2.32	111
2.325	111
2.33	111
2.335	111
2.34	111
2.345	112
2.35	112
2.355	112
2.36	112
2.365	112
2.37	113
2.375	113
2.38	113
2.385	113
2.39	114
2.395	114
2.4	114
2.405	114
2.41	114
2.415	115
2.42	115
2.425	115
2.43	115
2.435	115
2.44	116
2.445	116
2.45	116
2.455	116
2.46	116
2.465	117
2.47	117
2.475	117
2.48	117
2.485	118
2.49	118
2.495	118
2.5	118
2.505	118
2.51	119
2.515	119
2.52	119
2.525	119
2.53	119
2.535	120
2.54	120
2.545	120
2.55	120
2.555	121
2.56	121
2.565	121
2.57	121
2.575	121
2.58	122
2.585	122
2.59	122
2.595	122
2.6	122
2.605	123
2.61	123
2.615	123
2.62	123
2.625	123
2.63	124
2.635	124
2.64	124
2.645	124
2.65	125
2.655	125
2.66	125
2.665	125
2.67	125
2.675	126
2.68	126
2.685	126
2.69	126
2.695	126
2.7	127
2.705	127
2.71	127
2.715	127
2.72	128
2.725	128
2.73	128
2.735	128
2.74	128
2.745	129
2.75	129
2.755	129
2.76	129
2.765	129
2.77	130
2.775	130
2.78	130
2.785	130
2.79	130
2.795	131
2.8	131
2.805	131
2.81	131
2.815	132
2.82	132
2.825	132
2.83	132
2.835	132
2.84	133
2.845	133
2.85	133
2.855	133
2.86	133
2.865	134
2.87	134
2.875	134
2.88	134
2.885	134
2.89	135
2.895	135
2.9	135
2.905	135
2.91	136
2.915	136
2.92	136
2.925	136
2.93	136
2.935	137
2.94	137
2.945	137
2.95	137
2.955	137
2.96	138
2.965	138
2.97	138
2.975	138
2.98	138
2.985	139
2.99	139
2.995	139
3	139
3.005	140
3.01	140
3.015	140
3.02	140
3.025	140
3.03	141
3.035	141
3.04	141
3.045	141
3.05	141
3.055	142
3.06	142
3.065	142
3.07	142
3.075	142
3.08	143
3.085	143
3.09	143
3.095	143
3.1	144
3.105	144
3.11	144
3.115	144
3.12	144
3.125	145
3.13	145
3.135	145
3.14	145
3.145	145
3.15	146
3.155	146
3.16	146
3.165	146
3.17	146
3.175	147
3.18	147
3.185	147
3.19	147
3.195	148
3.2	148
3.205	148
3.21	148
3.215	148
3.22	149
3.225	149
3.23	149
3.235	149
3.24	149
3.245	150
3.25	150
3.255	150
3.26	150
3.265	150
3.27	151
3.275	151
3.28	151
3.285	151
3.29	152
3.295	152
3.3	152
3.305	152
3.31	152
3.315	153
3.32	153
3.325	153
3.33	153
3.335	153
3.34	154
3.345	154
3.35	154
3.355	154
3.36	154
3.365	155
3.37	155
3.375	155
3.38	155
3.385	155
3.39	156
3.395	156
3.4	156
3.405	156
3.41	157
3.415	157
3.42	157
3.425	157
3.43	157
3.435	158
3.44	158
3.445	158
3.45	158
3.455	158
3.46	159
3.465	159
3.47	159
3.475	159
3.48	159
3.485	160
3.49	160
3.495	160
3.5	160
3.505	161
3.51	161
3.515	161
3.52	161
3.525	161
3.53	162
3.535	162
3.54	162
3.545	162
3.55	162
3.555	163
3.56	163
3.565	163
3.57	163
3.575	163
3.58	164
3.585	164
3.59	164
3.595	164
3.6	164
3.605	165
3.61	165
3.615	165
3.62	165
3.625	166
3.63	166
3.635	166
3.64	166
3.645	166
3.65	167
3.655	167
3.66	167
3.665	167
3.67	167
3.675	168
3.68	168
3.685	168
3.69	168
3.695	168
3.7	169
3.705	169
3.71	169
3.715	169
3.72	169
3.725	170
3.73	170
3.735	170
3.74	170
3.745	171
3.75	171
3.755	171
3.76	171
3.765	171
3.77	172
3.775	172
3.78	172
3.785	172
3.79	172
3.795	173
3.8	173
3.805	173
3.81	173
3.815	173
3.82	174
3.825	174
3.83	174
3.835	174
3.84	174
3.845	175
3.85	175
3.855	175
3.86	175
3.865	175
3.87	176
3.875	176
3.88	176
3.885	176
3.89	176
3.895	177
3.9	177
3.905	177
3.91	177
3.915	177
3.92	178
3.925	178
3.93	178
3.935	178
3.94	178
3.945	179
3.95	179
3.955	179
3.96	179
3.965	179
3.97	180
3.975	180
3.98	180
3.985	180
3.99	180
3.995	181
4	181
4.005	181
4.01	181
4.015	181
4.02	182
4.025	182
4.03	182
4.035	182
4.04	182
4.045	183
4.05	183
4.055	183
4.06	183
4.065	183
4.07	184
4.075	184
4.08	184
4.085	184
4.09	184
4.095	185
4.1	185
4.105	185
4.11	185
4.115	185
4.12	186
4.125	186
4.13	186
4.135	186
4.14	186
4.145	187
4.15	187
4.155	187
4.16	187
4.165	188
4.17	188
4.175	188
4.18	188
4.185	188
4.19	189
4.195	189
4.2	189
4.205	189
4.21	189
4.215	189
4.22	190
4.225	190
4.23	190
4.235	190
4.24	190
4.245	191
4.25	191
4.255	191
4.26	191
4.265	191
4.27	192
4.275	192
4.28	192
4.285	192
4.29	192
4.295	193
4.3	193
4.305	193
4.31	193
4.315	193
4.32	194
4.325	194
4.33	194
4.335	194
4.34	194
4.345	195
4.35	195
4.355	195
4.36	195
4.365	195
4.37	196
4.375	196
4.38	196
4.385	196
4.39	196
4.395	197
4.4	197
4.405	197
4.41	197
4.415	197
4.42	198
4.425	198
4.43	198
4.435	198
4.44	198
4.445	199
4.45	199
4.455	199
4.46	199
4.465	199
4.47	200
4.475	200
4.48	200
4.485	200
4.49	200
4.495	201
4.5	201
4.505	201
4.51	201
4.515	201
4.52	202
4.525	202
4.53	202
4.535	202
4.54	202
4.545	203
4.55	203
4.555	203
4.56	203
4.565	203
4.57	204
4.575	204
4.58	204
4.585	204
4.59	204
4.595	205
4.6	205
4.605	205
4.61	205
4.615	205
4.62	206
4.625	206
4.63	206
4.635	206
4.64	206
4.645	206
4.65	207
4.655	207
4.66	207
4.665	207
4.67	207
4.675	208
4.68	208
4.685	208
4.69	208
4.695	208
4.7	209
4.705	209
4.71	209
4.715	209
4.72	209
4.725	210
4.73	210
4.735	210
4.74	210
4.745	210
4.75	211
4.755	211
4.76	211
4.765	211
4.77	211
4.775	212
4.78	212
4.785	212
4.79	212
4.795	212
4.8	213
4.805	213
4.81	213
4.815	213
4.82	213
4.825	214
4.83	214
4.835	214
4.84	214
4.845	214
4.85	215
4.855	215
4.86	215
4.865	215
4.87	215
4.875	215
4.88	216
4.885	216
4.89	216
4.895	216
4.9	216
4.905	217
4.91	217
4.915	217
4.92	217
4.925	217
4.93	218
4.935	218
4.94	218
4.945	218
4.95	218
4.955	219
4.96	219
4.965	219
4.97	219
4.975	219
4.98	220
4.985	220
4.99	220
4.995	220
5	220
5.005	221
5.01	221
5.015	221
5.02	221
5.025	221
5.03	221
5.035	222
5.04	222
5.045	222
5.05	222
5.055	222
5.06	223
5.065	223
5.07	223
5.075	223
5.08	223
5.085	224
5.09	224
5.095	224
5.1	224
5.105	224
5.11	225
5.115	225
5.12	225
5.125	225
5.13	225
5.135	226
5.14	226
5.145	226
5.15	226
5.155	226
5.16	227
5.165	227
5.17	227
5.175	227
5.18	227
5.185	228
5.19	228
5.195	228
5.2	228
5.205	228
5.21	228
5.215	229
5.22	229
5.225	229
5.23	229
5.235	229
5.24	230
5.245	230
5.25	230
5.255	230
5.26	230
5.265	231
5.27	231
5.275	231
5.28	231
5.285	231
5.29	232
5.295	232
5.3	232
5.305	232
5.31	232
5.315	233
5.32	233
5.325	233
5.33	233
5.335	233
5.34	234
5.345	234
5.35	234
5.355	234
5.36	234
5.365	234
5.37	235
5.375	235
5.38	235
5.385	235
5.39	235
5.395	236
5.4	236
5.405	236
5.41	236
5.415	236
5.42	237
5.425	237
5.43	237
5.435	237
5.44	237
5.445	238
5.45	238
5.455	238
5.46	238
5.465	238
5.47	239
5.475	239
5.48	239
5.485	239
5.49	239
5.495	239
5.5	240
5.505	240
5.51	240
5.515	240
5.52	240
5.525	241
5.53	241
5.535	241
5.54	241
5.545	241
5.55	242
5.555	242
5.56	242
5.565	242
5.57	242
5.575	242
5.58	243
5.585	243
5.59	243
5.595	243
5.6	243
5.605	244
5.61	244
5.615	244
5.62	244
5.625	244
5.63	245
5.635	245
5.64	245
5.645	245
5.65	245
5.655	245
5.66	246
5.665	246
5.67	246
5.675	246
5.68	246
5.685	247
5.69	247
5.695	247
5.7	247
5.705	247
5.71	248
5.715	248
5.72	248
5.725	248
5.73	248
5.735	248
5.74	249
5.745	249
5.75	249
5.755	249
5.76	249
5.765	250
5.77	250
5.775	250
5.78	250
5.785	250
5.79	251
5.795	251
5.8	251
5.805	251
5.81	251
5.815	251
5.82	252
5.825	252
5.83	252
5.835	252
5.84	252
5.845	253
5.85	253
5.855	253
5.86	253
5.865	253
5.87	254
5.875	254
5.88	254
5.885	254
5.89	254
5.895	254
5.9	255
5.905	255
5.91	255
5.915	255
5.92	255
5.925	256
5.93	256
5.935	256
5.94	256
5.945	256
5.95	257
5.955	257
5.96	257
5.965	257
5.97	257
5.975	257
5.98	258
5.985	258
5.99	258
5.995	258
6	258
6.005	259
6.01	259
6.015	259
6.02	259
6.025	259
6.03	260
6.035	260
6.04	260
6.045	260
6.05	260
6.055	260
6.06	261
6.065	261
6.07	261
6.075	261
6.08	261
6.085	262
6.09	262
6.095	262
6.1	262
6.105	262
6.11	262
6.115	263
6.12	263
6.125	263
6.13	263
6.135	263
6.14	264
6.145	264
6.15	264
6.155	264
6.16	264
6.165	264
6.17	265
6.175	265
6.18	265
6.185	265
6.19	265
6.195	266
6.2	266
6.205	266
6.21	266
6.215	266
6.22	266
6.225	267
6.23	267
6.235	267
6.24	267
6.245	267
6.25	268
6.255	268
6.26	268
6.265	268
6.27	268
6.275	268
6.28	269
6.285	269
6.29	269
6.295	269
6.3	269
6.305	270
6.31	270
6.315	270
6.32	270
6.325	270
6.33	270
6.335	271
6.34	271
6.345	271
6.35	271
6.355	271
6.36	272
6.365	272
6.37	272
6.375	272
6.38	272
6.385	272
6.39	273
6.395	273
6.4	273
6.405	273
6.41	273
6.415	274
6.42	274
6.425	274
6.43	274
6.435	274
6.44	274
6.445	275
6.45	275
6.455	275
6.46	275
6.465	275
6.47	275
6.475	276
6.48	276
6.485	276
6.49	276
6.495	276
6.5	277
6.505	277
6.51	277
6.515	277
6.52	277
6.525	277
6.53	278
6.535	278
6.54	278
6.545	278
6.55	278
6.555	279
6.56	279
6.565	279
6.57	279
6.575	279
6.58	279
6.585	280
6.59	280
6.595	280
6.6	280
6.605	280
6.61	281
6.615	281
6.62	281
6.625	281
6.63	281
6.635	281
6.64	282
6.645	282
6.65	282
6.655	282
6.66	282
6.665	282
6.67	283
6.675	283
6.68	283
6.685	283
6.69	283
6.695	284
6.7	284
6.705	284
6.71	284
6.715	284
6.72	284
6.725	285
6.73	285
6.735	285
6.74	285
6.745	285
6.75	286
6.755	286
6.76	286
6.765	286
6.77	286
6.775	286
6.78	287
6.785	287
6.79	287
6.795	287
6.8	287
6.805	288
6.81	288
6.815	288
6.82	288
6.825	288
6.83	288
6.835	289
6.84	289
6.845	289
6.85	289
6.855	289
6.86	290
6.865	290
6.87	290
6.875	290
6.88	290
6.885	290
6.89	291
6.895	291
6.9	291
6.905	291
6.91	291
6.915	292
6.92	292
6.925	292
6.93	292
6.935	292
6.94	292
6.945	293
6.95	293
6.955	293
6.96	293
6.965	293
6.97	293
6.975	294
6.98	294
6.985	294
6.99	294
6.995	294
7	295
7.005	295
7.01	295
7.015	295
7.02	295
7.025	295
7.03	296
7.035	296
7.04	296
7.045	296
7.05	296
7.055	296
7.06	297
7.065	297
7.07	297
7.075	297
7.08	297
7.085	298
7.09	298
7.095	298
7.1	298
7.105	298
7.11	298
7.115	299
7.12	299
7.125	299
7.13	299
7.135	299
7.14	299
7.145	300
7.15	300
7.155	300
7.16	300
7.165	300
7.17	300
7.175	301
7.18	301
7.185	301
7.19	301
7.195	301
7.2	302
7.205	302
7.21	302
7.215	302
7.22	302
7.225	302
7.23	303
7.235	303
7.24	303
7.245	303
7.25	303
7.255	303
7.26	304
7.265	304
7.27	304
7.275	304
7.28	304
7.285	304
7.29	305
7.295	305
7.3	305
7.305	305
7.31	305
7.315	306
7.32	306
7.325	306
7.33	306
7.335	306
7.34	306
7.345	307
7.35	307
7.355	307
7.36	307
7.365	307
7.37	307
7.375	308
7.38	308
7.385	308
7.39	308
7.395	308
7.4	308
7.405	309
7.41	309
7.415	309
7.42	309
7.425	309
7.43	310
7.435	310
7.44	310
7.445	310
7.45	310
7.455	310
7.46	311
7.465	311
7.47	311
7.475	311
7.48	311
7.485	311
7.49	312
7.495	312
7.5	312
7.505	312
7.51	312
7.515	312
7.52	313
7.525	313
7.53	313
7.535	313
7.54	313
7.545	314
7.55	314
7.555	314
7.56	314
7.565	314
7.57	314
7.575	315
7.58	315
7.585	315
7.59	315
7.595	315
7.6	315
7.605	316
7.61	316
7.615	316
7.62	316
7.625	316
7.63	316
7.635	317
7.64	317
7.645	317
7.65	317
7.655	317
7.66	318
7.665	318
7.67	318
7.675	318
7.68	318
7.685	318
7.69	319
7.695	319
7.7	319
7.705	319
7.71	319
7.715	319
7.72	320
7.725	320
7.73	320
7.735	320
7.74	320
7.745	320
7.75	321
7.755	321
7.76	321
7.765	321
7.77	321
7.775	321
7.78	322
7.785	322
7.79	322
7.795	322
7.8	322
7.805	322
7.81	323
7.815	323
7.82	323
7.825	323
7.83	323
7.835	323
7.84	324
7.845	324
7.85	324
7.855	324
7.86	324
7.865	325
7.87	325
7.875	325
7.88	325
7.885	325
7.89	325
7.895	326
7.9	326
7.905	326
7.91	326
7.915	326
7.92	326
7.925	327
7.93	327
7.935	327
7.94	327
7.945	327
7.95	327
7.955	328
7.96	328
7.965	328
7.97	328
7.975	328
7.98	328
7.985	329
7.99	329
7.995	329
8	329
8.005	329
8.01	329
8.015	330
8.02	330
8.025	330
8.03	330
8.035	330
8.04	330
8.045	331
8.05	331
8.055	331
8.06	331
8.065	331
8.07	331
8.075	332
8.08	332
8.085	332
8.09	332
8.095	332
8.1	332
8.105	333
8.11	333
8.115	333
8.12	333
8.125	333
8.13	333
8.135	334
8.14	334
8.145	334
8.15	334
8.155	334
8.16	335
8.165	335
8.17	335
8.175	335
8.18	335
8.185	335
8.19	336
8.195	336
8.2	336
8.205	336
8.21	336
8.215	336
8.22	337
8.225	337
8.23	337
8.235	337
8.24	337
8.245	337
8.25	338
8.255	338
8.26	338
8.265	338
8.27	338
8.275	338
8.28	339
8.285	339
8.29	339
8.295	339
8.3	339
8.305	339
8.31	340
8.315	340
8.32	340
8.325	340
8.33	340
8.335	340
8.34	341
8.345	341
8.35	341
8.355	341
8.36	341
8.365	341
8.37	342
8.375	342
8.38	342
8.385	342
8.39	342
8.395	342
8.4	343
8.405	343
8.41	343
8.415	343
8.42	343
8.425	344
8.43	344
8.435	344
8.44	344
8.445	344
8.45	344
8.455	345
8.46	345
8.465	345
8.47	345
8.475	345
8.48	345
8.485	346
8.49	346
8.495	346
8.5	346
8.505	346
8.51	346
8.515	347
8.52	347
8.525	347
8.53	347
8.535	347
8.54	347
8.545	348
8.55	348
8.555	348
8.56	348
8.565	348
8.57	348
8.575	349
8.58	349
8.585	349
8.59	349
8.595	349
8.6	349
8.605	350
8.61	350
8.615	350
8.62	350
8.625	350
8.63	350
8.635	351
8.64	351
8.645	351
8.65	351
8.655	351
8.66	351
8.665	352
8.67	352
8.675	352
8.68	352
8.685	352
8.69	352
8.695	353
8.7	353
8.705	353
8.71	353
8.715	353
8.72	353
8.725	354
8.73	354
8.735	354
8.74	354
8.745	354
8.75	354
8.755	355
8.76	355
8.765	355
8.77	355
8.775	355
8.78	355
8.785	356
8.79	356
8.795	356
8.8	356
8.805	356
8.81	356
8.815	357
8.82	357
8.825	357
8.83	357
8.835	357
8.84	357
8.845	358
8.85	358
8.855	358
8.86	358
8.865	358
8.87	358
8.875	359
8.88	359
8.885	359
8.89	359
8.895	359
8.9	360
8.905	360
8.91	360
8.915	360
8.92	360
8.925	360
8.93	361
8.935	361
8.94	361
8.945	361
8.95	361
8.955	361
8.96	362
8.965	362
8.97	362
8.975	362
8.98	362
8.985	362
8.99	363
8.995	363
9	363
9.005	363
9.01	363
9.015	363
9.02	364
9.025	364
9.03	364
9.035	364
9.04	364
9.045	364
9.05	365
9.055	365
9.06	365
9.065	365
9.07	365
9.075	365
9.08	366
9.085	366
9.09	366
9.095	366
9.1	366
9.105	366
9.11	367
9.115	367
9.12	367
9.125	367
9.13	367
9.135	367
9.14	368
9.145	368
9.15	368
9.155	368
9.16	368
9.165	368
9.17	369
9.175	369
9.18	369
9.185	369
9.19	369
9.195	369
9.2	370
9.205	370
9.21	370
9.215	370
9.22	370
9.225	370
9.23	371
9.235	371
9.24	371
9.245	371
9.25	371
9.255	371
9.26	372
9.265	372
9.27	372
9.275	372
9.28	372
9.285	372
9.29	373
9.295	373
9.3	373
9.305	373
9.31	373
9.315	373
9.32	374
9.325	374
9.33	374
9.335	374
9.34	374
9.345	374
9.35	375
9.355	375
9.36	375
9.365	375
9.37	375
9.375	375
9.38	376
9.385	376
9.39	376
9.395	376
9.4	376
9.405	376
9.41	377
9.415	377
9.42	377
9.425	377
9.43	377
9.435	377
9.44	378
9.445	378
9.45	378
9.455	378
9.46	378
9.465	378
9.47	379
9.475	379
9.48	379
9.485	379
9.49	379
9.495	379
9.5	380
9.505	380
9.51	380
9.515	380
9.52	380
9.525	380
9.53	381
9.535	381
9.54	381
9.545	381
9.55	381
9.555	381
9.56	382
9.565	382
9.57	382
9.575	382
9.58	382
9.585	382
9.59	383
9.595	383
9.6	383
9.605	383
9.61	383
9.615	383
9.62	384
9.625	384
9.63	384
9.635	384
9.64	384
9.645	384
9.65	385
9.655	385
9.66	385
9.665	385
9.67	385
9.675	385
9.68	386
9.685	386
9.69	386
9.695	386
9.7	386
9.705	386
9.71	387
9.715	387
9.72	387
9.725	387
9.73	387
9.735	387
9.74	388
9.745	388
9.75	388
9.755	388
9.76	388
9.765	389
9.77	389
9.775	389
9.78	389
9.785	389
9.79	389
9.795	390
9.8	390
9.805	390
9.81	390
9.815	390
9.82	390
9.825	391
9.83	391
9.835	391
9.84	391
9.845	391
9.85	391
9.855	392
9.86	392
9.865	392
9.87	392
9.875	392
9.88	392
9.885	393
9.89	393
9.895	393
9.9	393
9.905	393
9.91	393
9.915	394
9.92	394
9.925	394
9.93	394
9.935	394
9.94	394
9.945	395
9.95	395
9.955	395
9.96	395
9.965	395
9.97	395
9.975	396
9.98	396
9.985	396
9.99	396
9.995	396
10	396
