	0
0.005	0.0599788
0.01	0.0977526
0.015	0.122475
0.02	0.139332
0.025	0.151315
0.03	0.160181
0.035	0.166985
0.04	0.172377
0.045	0.176771
0.05	0.180435
0.055	0.183551
0.06	0.186242
0.065	0.188597
0.07	0.190682
0.075	0.192547
0.08	0.194227
0.085	0.195751
0.09	0.197141
0.095	0.198417
0.1	0.199593
0.105	0.200681
0.11	0.201692
0.115	0.202634
0.12	0.203517
0.125	0.204345
0.13	0.205124
0.135	0.205859
0.14	0.206553
0.145	0.207209
0.15	0.207832
0.155	0.208424
0.16	0.208987
0.165	0.209523
0.17	0.210036
0.175	0.210528
0.18	0.210999
0.185	0.21145
0.19	0.211882
0.195	0.212298
0.2	0.212698
0.205	0.213083
0.21	0.213453
0.215	0.21381
0.22	0.214155
0.225	0.214488
0.23	0.214812
0.235	0.215126
0.24	0.215429
0.245	0.215723
0.25	0.216008
0.255	0.216284
0.26	0.216552
0.265	0.216813
0.27	0.217066
0.275	0.217311
0.28	0.217551
0.285	0.217785
0.29	0.218014
0.295	0.218237
0.3	0.218454
0.305	0.218666
0.31	0.218873
0.315	0.219074
0.32	0.219271
0.325	0.219464
0.33	0.219652
0.335	0.219835
0.34	0.220015
0.345	0.220191
0.35	0.220363
0.355	0.220533
0.36	0.220699
0.365	0.220862
0.37	0.221022
0.375	0.221178
0.38	0.221331
0.385	0.221482
0.39	0.221629
0.395	0.221773
0.4	0.221915
0.405	0.222054
0.41	0.22219
0.415	0.222324
0.42	0.222456
0.425	0.222585
0.43	0.222712
0.435	0.222836
0.44	0.222959
0.445	0.223079
0.45	0.223197
0.455	0.223314
0.46	0.223429
0.465	0.223543
0.47	0.223654
0.475	0.223764
0.48	0.223872
0.485	0.223978
0.49	0.224083
0.495	0.224186
0.5	0.224287
0.505	0.224387
0.51	0.224485
0.515	0.224582
0.52	0.224677
0.525	0.224771
0.53	0.224863
0.535	0.224954
0.54	0.225044
0.545	0.225132
0.55	0.225219
0.555	0.225305
0.56	0.22539
0.565	0.225473
0.57	0.225555
0.575	0.225637
0.58	0.225717
0.585	0.225796
0.59	0.225873
0.595	0.22595
0.6	0.226026
0.605	0.2261
0.61	0.226174
0.615	0.226247
0.62	0.226319
0.625	0.226389
0.63	0.226459
0.635	0.226528
0.64	0.226596
0.645	0.226663
0.65	0.22673
0.655	0.226795
0.66	0.22686
0.665	0.226923
0.67	0.226986
0.675	0.227048
0.68	0.22711
0.685	0.22717
0.69	0.22723
0.695	0.227289
0.7	0.227348
0.705	0.227405
0.71	0.227462
0.715	0.227519
0.72	0.227574
0.725	0.227629
0.73	0.227683
0.735	0.227737
0.74	0.22779
0.745	0.227842
0.75	0.227894
0.755	0.227945
0.76	0.227995
0.765	0.228045
0.77	0.228095
0.775	0.228143
0.78	0.228192
0.785	0.228239
0.79	0.228286
0.795	0.228333
0.8	0.228379
0.805	0.228424
0.81	0.228469
0.815	0.228513
0.82	0.228557
0.825	0.228601
0.83	0.228644
0.835	0.228686
0.84	0.228728
0.845	0.228769
0.85	0.22881
0.855	0.228851
0.86	0.228891
0.865	0.228931
0.87	0.22897
0.875	0.229009
0.88	0.229047
0.885	0.229085
0.89	0.229122
0.895	0.22916
0.9	0.229196
0.905	0.229232
0.91	0.229268
0.915	0.229304
0.92	0.229339
0.925	0.229374
0.93	0.229408
0.935	0.229442
0.94	0.229476
0.945	0.229509
0.95	0.229542
0.955	0.229574
0.96	0.229606
0.965	0.229638
0.97	0.22967
0.975	0.229701
0.98	0.229732
0.985	0.229763
0.99	0.229793
0.995	0.229823
1	0.229853
1.005	0.229882
1.01	0.229911
1.015	0.22994
1.02	0.229968
1.025	0.229997
1.03	0.230024
1.035	0.230052
1.04	0.230079
1.045	0.230106
1.05	0.230133
1.055	0.23016
1.06	0.230186
1.065	0.230212
1.07	0.230237
1.075	0.230263
1.08	0.230288
1.085	0.230313
1.09	0.230337
1.095	0.230361
1.1	0.230386
1.105	0.230409
1.11	0.230433
1.115	0.230456
1.12	0.230479
1.125	0.230502
1.13	0.230525
1.135	0.230547
1.14	0.23057
1.145	0.230592
1.15	0.230613
1.155	0.230635
1.16	0.230656
1.165	0.230677
1.17	0.230698
1.175	0.230719
1.18	0.230739
1.185	0.230759
1.19	0.230779
1.195	0.230799
1.2	0.230819
1.205	0.230838
1.21	0.230857
1.215	0.230877
1.22	0.230895
1.225	0.230914
1.23	0.230932
1.235	0.230951
1.24	0.230969
1.245	0.230988
1.25	0.231006
1.255	0.231024
1.26	0.231042
1.265	0.23106
1.27	0.231077
1.275	0.231095
1.28	0.231112
1.285	0.231129
1.29	0.231146
1.295	0.231163
1.3	0.231179
1.305	0.231196
1.31	0.231212
1.315	0.231228
1.32	0.231244
1.325	0.23126
1.33	0.231275
1.335	0.231291
1.34	0.231306
1.345	0.231322
1.35	0.231337
1.355	0.231352
1.36	0.231366
1.365	0.231381
1.37	0.231395
1.375	0.23141
1.38	0.231424
1.385	0.231438
1.39	0.231452
1.395	0.231466
1.4	0.231479
1.405	0.231493
1.41	0.231506
1.415	0.23152
1.42	0.231533
1.425	0.231546
1.43	0.231559
1.435	0.231572
1.44	0.231584
1.445	0.231597
1.45	0.231609
1.455	0.231622
1.46	0.231634
1.465	0.231646
1.47	0.231658
1.475	0.23167
1.48	0.231682
1.485	0.231693
1.49	0.231705
1.495	0.231716
1.5	0.231727
1.505	0.231739
1.51	0.23175
1.515	0.231761
1.52	0.231772
1.525	0.231783
1.53	0.231793
1.535	0.231804
1.54	0.231814
1.545	0.231825
1.55	0.231835
1.555	0.231845
1.56	0.231855
1.565	0.231865
1.57	0.231875
1.575	0.231885
1.58	0.231895
1.585	0.231905
1.59	0.231914
1.595	0.231924
1.6	0.231933
1.605	0.231942
1.61	0.231951
1.615	0.231961
1.62	0.23197
1.625	0.231979
1.63	0.231987
1.635	0.231996
1.64	0.232005
1.645	0.232014
1.65	0.232022
1.655	0.232031
1.66	0.232039
1.665	0.232047
1.67	0.232056
1.675	0.232064
1.68	0.232072
1.685	0.23208
1.69	0.232088
1.695	0.232096
1.7	0.232104
1.705	0.232111
1.71	0.232119
1.715	0.232127
1.72	0.232134
1.725	0.232142
1.73	0.232149
1.735	0.232156
1.74	0.232164
1.745	0.232171
1.75	0.232178
1.755	0.232185
1.76	0.232192
1.765	0.232199
1.77	0.232206
1.775	0.232213
1.78	0.232219
1.785	0.232226
1.79	0.232233
1.795	0.232239
1.8	0.232246
1.805	0.232252
1.81	0.232259
1.815	0.232265
1.82	0.232271
1.825	0.232278
1.83	0.232284
1.835	0.23229
1.84	0.232296
1.845	0.232302
1.85	0.232308
1.855	0.232314
1.86	0.23232
1.865	0.232326
1.87	0.232331
1.875	0.232337
1.88	0.232343
1.885	0.232348
1.89	0.232354
1.895	0.232359
1.9	0.232365
1.905	0.23237
1.91	0.232376
1.915	0.232381
1.92	0.232386
1.925	0.232391
1.93	0.232397
1.935	0.232402
1.94	0.232407
1.945	0.232412
1.95	0.232417
1.955	0.232422
1.96	0.232427
1.965	0.232432
1.97	0.232436
1.975	0.232441
1.98	0.232446
1.985	0.232451
1.99	0.232455
1.995	0.23246
2	0.232465
2.005	0.232469
2.01	0.232474
2.015	0.232478
2.02	0.232483
2.025	0.232487
2.03	0.232491
2.035	0.232496
2.04	0.2325
2.045	0.232504
2.05	0.232508
2.055	0.232513
2.06	0.232517
2.065	0.232521
2.07	0.232525
2.075	0.232529
2.08	0.232533
2.085	0.232537
2.09	0.232541
2.095	0.232545
2.1	0.232549
2.105	0.232552
2.11	0.232556
2.115	0.23256
2.12	0.232564
2.125	0.232567
2.13	0.232571
2.135	0.232575
2.14	0.232578
2.145	0.232582
2.15	0.232586
2.155	0.232589
2.16	0.232593
2.165	0.232596
2.17	0.2326
2.175	0.232603
2.18	0.232606
2.185	0.23261
2.19	0.232613
2.195	0.232616
2.2	0.23262
2.205	0.232623
2.21	0.232626
2.215	0.232629
2.22	0.232633
2.225	0.232636
2.23	0.232639
2.235	0.232642
2.24	0.232645
2.245	0.232648
2.25	0.232651
2.255	0.232654
2.26	0.232657
2.265	0.23266
2.27	0.232663
2.275	0.232666
2.28	0.232669
2.285	0.232672
2.29	0.232674
2.295	0.232677
2.3	0.23268
2.305	0.232683
2.31	0.232686
2.315	0.232688
2.32	0.232691
2.325	0.232694
2.33	0.232696
2.335	0.232699
2.34	0.232702
2.345	0.232704
2.35	0.232707
2.355	0.232709
2.36	0.232712
2.365	0.232714
2.37	0.232717
2.375	0.232719
2.38	0.232722
2.385	0.232724
2.39	0.232727
2.395	0.232729
2.4	0.232732
2.405	0.232734
2.41	0.232736
2.415	0.232739
2.42	0.232741
2.425	0.232743
2.43	0.232746
2.435	0.232748
2.44	0.23275
2.445	0.232752
2.45	0.232754
2.455	0.232757
2.46	0.232759
2.465	0.232761
2.47	0.232763
2.475	0.232765
2.48	0.232767
2.485	0.232769
2.49	0.232772
2.495	0.232774
2.5	0.232776
2.505	0.232778
2.51	0.23278
2.515	0.232782
2.52	0.232784
2.525	0.232786
2.53	0.232788
2.535	0.23279
2.54	0.232792
2.545	0.232793
2.55	0.232795
2.555	0.232797
2.56	0.232799
2.565	0.232801
2.57	0.232803
2.575	0.232805
2.58	0.232807
2.585	0.232808
2.59	0.23281
2.595	0.232812
2.6	0.232814
2.605	0.232815
2.61	0.232817
2.615	0.232819
2.62	0.232821
2.625	0.232822
2.63	0.232824
2.635	0.232826
2.64	0.232827
2.645	0.232829
2.65	0.232831
2.655	0.232832
2.66	0.232834
2.665	0.232836
2.67	0.232837
2.675	0.232839
2.68	0.23284
2.685	0.232842
2.69	0.232843
2.695	0.232845
2.7	0.232847
2.705	0.232848
2.71	0.23285
2.715	0.232851
2.72	0.232853
2.725	0.232854
2.73	0.232856
2.735	0.232857
2.74	0.232858
2.745	0.23286
2.75	0.232861
2.755	0.232863
2.76	0.232864
2.765	0.232866
2.77	0.232867
2.775	0.232868
2.78	0.23287
2.785	0.232871
2.79	0.232872
2.795	0.232874
2.8	0.232875
2.805	0.232876
2.81	0.232878
2.815	0.232879
2.82	0.23288
2.825	0.232882
2.83	0.232883
2.835	0.232884
2.84	0.232885
2.845	0.232887
2.85	0.232888
2.855	0.232889
2.86	0.23289
2.865	0.232892
2.87	0.232893
2.875	0.232894
2.88	0.232895
2.885	0.232896
2.89	0.232898
2.895	0.232899
2.9	0.2329
2.905	0.232901
2.91	0.232902
2.915	0.232903
2.92	0.232905
2.925	0.232906
2.93	0.232907
2.935	0.232908
2.94	0.232909
2.945	0.23291
2.95	0.232911
2.955	0.232912
2.96	0.232913
2.965	0.232914
2.97	0.232916
2.975	0.232917
2.98	0.232918
2.985	0.232919
2.99	0.23292
2.995	0.232921
3	0.232922
3.005	0.232923
3.01	0.232924
3.015	0.232925
3.02	0.232926
3.025	0.232927
3.03	0.232928
3.035	0.232929
3.04	0.23293
3.045	0.232931
3.05	0.232932
3.055	0.232933
3.06	0.232934
3.065	0.232935
3.07	0.232936
3.075	0.232936
3.08	0.232937
3.085	0.232938
3.09	0.232939
3.095	0.23294
3.1	0.232941
3.105	0.232942
3.11	0.232943
3.115	0.232944
3.12	0.232945
3.125	0.232945
3.13	0.232946
3.135	0.232947
3.14	0.232948
3.145	0.232949
3.15	0.23295
3.155	0.232951
3.16	0.232952
3.165	0.232953
3.17	0.232954
3.175	0.232955
3.18	0.232956
3.185	0.232957
3.19	0.232958
3.195	0.232959
3.2	0.23296
3.205	0.232961
3.21	0.232962
3.215	0.232963
3.22	0.232964
3.225	0.232965
3.23	0.232966
3.235	0.232967
3.24	0.232968
3.245	0.232969
3.25	0.23297
3.255	0.232971
3.26	0.232972
3.265	0.232973
3.27	0.232973
3.275	0.232974
3.28	0.232975
3.285	0.232976
3.29	0.232977
3.295	0.232978
3.3	0.232979
3.305	0.23298
3.31	0.23298
3.315	0.232981
3.32	0.232982
3.325	0.232983
3.33	0.232984
3.335	0.232985
3.34	0.232986
3.345	0.232986
3.35	0.232987
3.355	0.232988
3.36	0.232989
3.365	0.23299
3.37	0.23299
3.375	0.232991
3.38	0.232992
3.385	0.232993
3.39	0.232994
3.395	0.232994
3.4	0.232995
3.405	0.232996
3.41	0.232997
3.415	0.232998
3.42	0.232998
3.425	0.232999
3.43	0.233
3.435	0.233001
3.44	0.233001
3.445	0.233002
3.45	0.233003
3.455	0.233004
3.46	0.233004
3.465	0.233005
3.47	0.233006
3.475	0.233007
3.48	0.233007
3.485	0.233008
3.49	0.233009
3.495	0.233009
3.5	0.23301
3.505	0.233011
3.51	0.233012
3.515	0.233012
3.52	0.233013
3.525	0.233014
3.53	0.233014
3.535	0.233015
3.54	0.233016
3.545	0.233016
3.55	0.233017
3.555	0.233018
3.56	0.233018
3.565	0.233019
3.57	0.23302
3.575	0.23302
3.58	0.233021
3.585	0.233022
3.59	0.233022
3.595	0.233023
3.6	0.233024
3.605	0.233024
3.61	0.233025
3.615	0.233026
3.62	0.233026
3.625	0.233027
3.63	0.233027
3.635	0.233028
3.64	0.233029
3.645	0.233029
3.65	0.23303
3.655	0.233031
3.66	0.233031
3.665	0.233032
3.67	0.233032
3.675	0.233033
3.68	0.233034
3.685	0.233034
3.69	0.233035
3.695	0.233035
3.7	0.233036
3.705	0.233037
3.71	0.233037
3.715	0.233038
3.72	0.233038
3.725	0.233039
3.73	0.233039
3.735	0.23304
3.74	0.233041
3.745	0.233041
3.75	0.233042
3.755	0.233042
3.76	0.233043
3.765	0.233043
3.77	0.233044
3.775	0.233044
3.78	0.233045
3.785	0.233046
3.79	0.233046
3.795	0.233047
3.8	0.233047
3.805	0.233048
3.81	0.233048
3.815	0.233049
3.82	0.233049
3.825	0.23305
3.83	0.23305
3.835	0.233051
3.84	0.233051
3.845	0.233052
3.85	0.233052
3.855	0.233053
3.86	0.233053
3.865	0.233054
3.87	0.233054
3.875	0.233055
3.88	0.233055
3.885	0.233056
3.89	0.233056
3.895	0.233057
3.9	0.233057
3.905	0.233058
3.91	0.233058
3.915	0.233059
3.92	0.233059
3.925	0.23306
3.93	0.23306
3.935	0.233061
3.94	0.233061
3.945	0.233062
3.95	0.233062
3.955	0.233063
3.96	0.233063
3.965	0.233063
3.97	0.233064
3.975	0.233064
3.98	0.233065
3.985	0.233065
3.99	0.233066
3.995	0.233066
4	0.233067
4.005	0.233067
4.01	0.233067
4.015	0.233068
4.02	0.233068
4.025	0.233069
4.03	0.233069
4.035	0.23307
4.04	0.23307
4.045	0.233071
4.05	0.233071
4.055	0.233071
4.06	0.233072
4.065	0.233072
4.07	0.233073
4.075	0.233073
4.08	0.233073
4.085	0.233074
4.09	0.233074
4.095	0.233075
4.1	0.233075
4.105	0.233075
4.11	0.233076
4.115	0.233076
4.12	0.233077
4.125	0.233077
4.13	0.233077
4.135	0.233078
4.14	0.233078
4.145	0.233079
4.15	0.233079
4.155	0.233079
4.16	0.23308
4.165	0.23308
4.17	0.233081
4.175	0.233081
4.18	0.233081
4.185	0.233082
4.19	0.233082
4.195	0.233082
4.2	0.233083
4.205	0.233083
4.21	0.233084
4.215	0.233084
4.22	0.233084
4.225	0.233085
4.23	0.233085
4.235	0.233085
4.24	0.233086
4.245	0.233086
4.25	0.233086
4.255	0.233087
4.26	0.233087
4.265	0.233088
4.27	0.233088
4.275	0.233088
4.28	0.233089
4.285	0.233089
4.29	0.233089
4.295	0.23309
4.3	0.23309
4.305	0.23309
4.31	0.233091
4.315	0.233091
4.32	0.233091
4.325	0.233092
4.33	0.233092
4.335	0.233092
4.34	0.233093
4.345	0.233093
4.35	0.233093
4.355	0.233094
4.36	0.233094
4.365	0.233094
4.37	0.233095
4.375	0.233095
4.38	0.233095
4.385	0.233096
4.39	0.233096
4.395	0.233096
4.4	0.233096
4.405	0.233097
4.41	0.233097
4.415	0.233097
4.42	0.233098
4.425	0.233098
4.43	0.233098
4.435	0.233099
4.44	0.233099
4.445	0.233099
4.45	0.2331
4.455	0.2331
4.46	0.2331
4.465	0.2331
4.47	0.233101
4.475	0.233101
4.48	0.233101
4.485	0.233102
4.49	0.233102
4.495	0.233102
4.5	0.233102
4.505	0.233103
4.51	0.233103
4.515	0.233103
4.52	0.233104
4.525	0.233104
4.53	0.233104
4.535	0.233104
4.54	0.233105
4.545	0.233105
4.55	0.233105
4.555	0.233106
4.56	0.233106
4.565	0.233106
4.57	0.233106
4.575	0.233107
4.58	0.233107
4.585	0.233107
4.59	0.233107
4.595	0.233108
4.6	0.233108
4.605	0.233108
4.61	0.233108
4.615	0.233109
4.62	0.233109
4.625	0.233109
4.63	0.233109
4.635	0.23311
4.64	0.23311
4.645	0.23311
4.65	0.23311
4.655	0.233111
4.66	0.233111
4.665	0.233111
4.67	0.233111
4.675	0.233112
4.68	0.233112
4.685	0.233112
4.69	0.233112
4.695	0.233113
4.7	0.233113
4.705	0.233113
4.71	0.233113
4.715	0.233114
4.72	0.233114
4.725	0.233114
4.73	0.233114
4.735	0.233115
4.74	0.233115
4.745	0.233115
4.75	0.233115
4.755	0.233116
4.76	0.233116
4.765	0.233116
4.77	0.233116
4.775	0.233116
4.78	0.233117
4.785	0.233117
4.79	0.233117
4.795	0.233117
4.8	0.233118
4.805	0.233118
4.81	0.233118
4.815	0.233118
4.82	0.233118
4.825	0.233119
4.83	0.233119
4.835	0.233119
4.84	0.233119
4.845	0.233119
4.85	0.23312
4.855	0.23312
4.86	0.23312
4.865	0.23312
4.87	0.233121
4.875	0.233121
4.88	0.233121
4.885	0.233121
4.89	0.233121
4.895	0.233122
4.9	0.233122
4.905	0.233122
4.91	0.233122
4.915	0.233122
4.92	0.233123
4.925	0.233123
4.93	0.233123
4.935	0.233123
4.94	0.233123
4.945	0.233124
4.95	0.233124
4.955	0.233124
4.96	0.233124
4.965	0.233124
4.97	0.233125
4.975	0.233125
4.98	0.233125
4.985	0.233125
4.99	0.233125
4.995	0.233125
5	0.233126
5.005	0.233126
5.01	0.233126
5.015	0.233126
5.02	0.233126
5.025	0.233127
5.03	0.233127
5.035	0.233127
5.04	0.233127
5.045	0.233127
5.05	0.233127
5.055	0.233128
5.06	0.233128
5.065	0.233128
5.07	0.233128
5.075	0.233128
5.08	0.233128
5.085	0.233129
5.09	0.233129
5.095	0.233129
5.1	0.233129
5.105	0.233129
5.11	0.23313
5.115	0.23313
5.12	0.23313
5.125	0.23313
5.13	0.23313
5.135	0.23313
5.14	0.233131
5.145	0.233131
5.15	0.233131
5.155	0.233131
5.16	0.233131
5.165	0.233131
5.17	0.233132
5.175	0.233132
5.18	0.233132
5.185	0.233132
5.19	0.233132
5.195	0.233132
5.2	0.233133
5.205	0.233133
5.21	0.233133
5.215	0.233133
5.22	0.233133
5.225	0.233133
5.23	0.233134
5.235	0.233134
5.24	0.233134
5.245	0.233134
5.25	0.233134
5.255	0.233134
5.26	0.233135
5.265	0.233135
5.27	0.233135
5.275	0.233135
5.28	0.233135
5.285	0.233135
5.29	0.233135
5.295	0.233136
5.3	0.233136
5.305	0.233136
5.31	0.233136
5.315	0.233136
5.32	0.233136
5.325	0.233137
5.33	0.233137
5.335	0.233137
5.34	0.233137
5.345	0.233137
5.35	0.233137
5.355	0.233137
5.36	0.233138
5.365	0.233138
5.37	0.233138
5.375	0.233138
5.38	0.233138
5.385	0.233138
5.39	0.233138
5.395	0.233139
5.4	0.233139
5.405	0.233139
5.41	0.233139
5.415	0.233139
5.42	0.233139
5.425	0.233139
5.43	0.23314
5.435	0.23314
5.44	0.23314
5.445	0.23314
5.45	0.23314
5.455	0.23314
5.46	0.23314
5.465	0.23314
5.47	0.233141
5.475	0.233141
5.48	0.233141
5.485	0.233141
5.49	0.233141
5.495	0.233141
5.5	0.233141
5.505	0.233142
5.51	0.233142
5.515	0.233142
5.52	0.233142
5.525	0.233142
5.53	0.233142
5.535	0.233142
5.54	0.233142
5.545	0.233143
5.55	0.233143
5.555	0.233143
5.56	0.233143
5.565	0.233143
5.57	0.233143
5.575	0.233143
5.58	0.233143
5.585	0.233143
5.59	0.233144
5.595	0.233144
5.6	0.233144
5.605	0.233144
5.61	0.233144
5.615	0.233144
5.62	0.233144
5.625	0.233144
5.63	0.233145
5.635	0.233145
5.64	0.233145
5.645	0.233145
5.65	0.233145
5.655	0.233145
5.66	0.233145
5.665	0.233145
5.67	0.233145
5.675	0.233146
5.68	0.233146
5.685	0.233146
5.69	0.233146
5.695	0.233146
5.7	0.233146
5.705	0.233146
5.71	0.233146
5.715	0.233146
5.72	0.233147
5.725	0.233147
5.73	0.233147
5.735	0.233147
5.74	0.233147
5.745	0.233147
5.75	0.233147
5.755	0.233147
5.76	0.233147
5.765	0.233147
5.77	0.233148
5.775	0.233148
5.78	0.233148
5.785	0.233148
5.79	0.233148
5.795	0.233148
5.8	0.233148
5.805	0.233148
5.81	0.233148
5.815	0.233149
5.82	0.233149
5.825	0.233149
5.83	0.233149
5.835	0.233149
5.84	0.233149
5.845	0.233149
5.85	0.233149
5.855	0.233149
5.86	0.233149
5.865	0.233149
5.87	0.23315
5.875	0.23315
5.88	0.23315
5.885	0.23315
5.89	0.23315
5.895	0.23315
5.9	0.23315
5.905	0.23315
5.91	0.23315
5.915	0.23315
5.92	0.23315
5.925	0.233151
5.93	0.233151
5.935	0.233151
5.94	0.233151
5.945	0.233151
5.95	0.233151
5.955	0.233151
5.96	0.233151
5.965	0.233151
5.97	0.233151
5.975	0.233151
5.98	0.233152
5.985	0.233152
5.99	0.233152
5.995	0.233152
6	0.233152
6.005	0.233152
6.01	0.233152
6.015	0.233152
6.02	0.233152
6.025	0.233152
6.03	0.233152
6.035	0.233152
6.04	0.233153
6.045	0.233153
6.05	0.233153
6.055	0.233153
6.06	0.233153
6.065	0.233153
6.07	0.233153
6.075	0.233153
6.08	0.233153
6.085	0.233153
6.09	0.233153
6.095	0.233153
6.1	0.233154
6.105	0.233154
6.11	0.233154
6.115	0.233154
6.12	0.233154
6.125	0.233154
6.13	0.233154
6.135	0.233154
6.14	0.233154
6.145	0.233154
6.15	0.233154
6.155	0.233154
6.16	0.233154
6.165	0.233154
6.17	0.233155
6.175	0.233155
6.18	0.233155
6.185	0.233155
6.19	0.233155
6.195	0.233155
6.2	0.233155
6.205	0.233155
6.21	0.233155
6.215	0.233155
6.22	0.233155
6.225	0.233155
6.23	0.233155
6.235	0.233155
6.24	0.233156
6.245	0.233156
6.25	0.233156
6.255	0.233156
6.26	0.233156
6.265	0.233156
6.27	0.233156
6.275	0.233156
6.28	0.233156
6.285	0.233156
6.29	0.233156
6.295	0.233156
6.3	0.233156
6.305	0.233156
6.31	0.233156
6.315	0.233157
6.32	0.233157
6.325	0.233157
6.33	0.233157
6.335	0.233157
6.34	0.233157
6.345	0.233157
6.35	0.233157
6.355	0.233157
6.36	0.233157
6.365	0.233157
6.37	0.233157
6.375	0.233157
6.38	0.233157
6.385	0.233157
6.39	0.233157
6.395	0.233158
6.4	0.233158
6.405	0.233158
6.41	0.233158
6.415	0.233158
6.42	0.233158
6.425	0.233158
6.43	0.233158
6.435	0.233158
6.44	0.233158
6.445	0.233158
6.45	0.233158
6.455	0.233158
6.46	0.233158
6.465	0.233158
6.47	0.233158
6.475	0.233158
6.48	0.233159
6.485	0.233159
6.49	0.233159
6.495	0.233159
6.5	0.233159
6.505	0.233159
6.51	0.233159
6.515	0.233159
6.52	0.233159
6.525	0.233159
6.53	0.233159
6.535	0.233159
6.54	0.233159
6.545	0.233159
6.55	0.233159
6.555	0.233159
6.56	0.233159
6.565	0.233159
6.57	0.23316
6.575	0.23316
6.58	0.23316
6.585	0.23316
6.59	0.23316
6.595	0.23316
6.6	0.23316
6.605	0.23316
6.61	0.23316
6.615	0.23316
6.62	0.23316
6.625	0.23316
6.63	0.23316
6.635	0.23316
6.64	0.23316
6.645	0.23316
6.65	0.23316
6.655	0.23316
6.66	0.23316
6.665	0.23316
6.67	0.233161
6.675	0.233161
6.68	0.233161
6.685	0.233161
6.69	0.233161
6.695	0.233161
6.7	0.233161
6.705	0.233161
6.71	0.233161
6.715	0.233161
6.72	0.233161
6.725	0.233161
6.73	0.233161
6.735	0.233161
6.74	0.233161
6.745	0.233161
6.75	0.233161
6.755	0.233161
6.76	0.233161
6.765	0.233161
6.77	0.233161
6.775	0.233161
6.78	0.233162
6.785	0.233162
6.79	0.233162
6.795	0.233162
6.8	0.233162
6.805	0.233162
6.81	0.233162
6.815	0.233162
6.82	0.233162
6.825	0.233162
6.83	0.233162
6.835	0.233162
6.84	0.233162
6.845	0.233162
6.85	0.233162
6.855	0.233162
6.86	0.233162
6.865	0.233162
6.87	0.233162
6.875	0.233162
6.88	0.233162
6.885	0.233162
6.89	0.233162
6.895	0.233162
6.9	0.233163
6.905	0.233163
6.91	0.233163
6.915	0.233163
6.92	0.233163
6.925	0.233163
6.93	0.233163
6.935	0.233163
6.94	0.233163
6.945	0.233163
6.95	0.233163
6.955	0.233163
6.96	0.233163
6.965	0.233163
6.97	0.233163
6.975	0.233163
6.98	0.233163
6.985	0.233163
6.99	0.233163
6.995	0.233163
7	0.233163
7.005	0.233163
7.01	0.233163
7.015	0.233163
7.02	0.233163
7.025	0.233163
7.03	0.233164
7.035	0.233164
7.04	0.233164
7.045	0.233164
7.05	0.233164
7.055	0.233164
7.06	0.233164
7.065	0.233164
7.07	0.233164
7.075	0.233164
7.08	0.233164
7.085	0.233164
7.09	0.233164
7.095	0.233164
7.1	0.233164
7.105	0.233164
7.11	0.233164
7.115	0.233164
7.12	0.233164
7.125	0.233164
7.13	0.233164
7.135	0.233164
7.14	0.233164
7.145	0.233164
7.15	0.233164
7.155	0.233164
7.16	0.233164
7.165	0.233164
7.17	0.233164
7.175	0.233164
7.18	0.233165
7.185	0.233165
7.19	0.233165
7.195	0.233165
7.2	0.233165
7.205	0.233165
7.21	0.233165
7.215	0.233165
7.22	0.233165
7.225	0.233165
7.23	0.233165
7.235	0.233165
7.24	0.233165
7.245	0.233165
7.25	0.233165
7.255	0.233165
7.26	0.233165
7.265	0.233165
7.27	0.233165
7.275	0.233165
7.28	0.233165
7.285	0.233165
7.29	0.233165
7.295	0.233165
7.3	0.233165
7.305	0.233165
7.31	0.233165
7.315	0.233165
7.32	0.233165
7.325	0.233165
7.33	0.233165
7.335	0.233165
7.34	0.233165
7.345	0.233165
7.35	0.233166
7.355	0.233166
7.36	0.233166
7.365	0.233166
7.37	0.233166
7.375	0.233166
7.38	0.233166
7.385	0.233166
7.39	0.233166
7.395	0.233166
7.4	0.233166
7.405	0.233166
7.41	0.233166
7.415	0.233166
7.42	0.233166
7.425	0.233166
7.43	0.233166
7.435	0.233166
7.44	0.233166
7.445	0.233166
7.45	0.233166
7.455	0.233166
7.46	0.233166
7.465	0.233166
7.47	0.233166
7.475	0.233166
7.48	0.233166
7.485	0.233166
7.49	0.233166
7.495	0.233166
7.5	0.233166
7.505	0.233166
7.51	0.233166
7.515	0.233166
7.52	0.233166
7.525	0.233166
7.53	0.233166
7.535	0.233166
7.54	0.233166
7.545	0.233166
7.55	0.233167
7.555	0.233167
7.56	0.233167
7.565	0.233167
7.57	0.233167
7.575	0.233167
7.58	0.233167
7.585	0.233167
7.59	0.233167
7.595	0.233167
7.6	0.233167
7.605	0.233167
7.61	0.233167
7.615	0.233167
7.62	0.233167
7.625	0.233167
7.63	0.233167
7.635	0.233167
7.64	0.233167
7.645	0.233167
7.65	0.233167
7.655	0.233167
7.66	0.233167
7.665	0.233167
7.67	0.233167
7.675	0.233167
7.68	0.233167
7.685	0.233167
7.69	0.233167
7.695	0.233167
7.7	0.233167
7.705	0.233167
7.71	0.233167
7.715	0.233167
7.72	0.233167
7.725	0.233167
7.73	0.233167
7.735	0.233167
7.74	0.233167
7.745	0.233167
7.75	0.233167
7.755	0.233167
7.76	0.233167
7.765	0.233167
7.77	0.233167
7.775	0.233167
7.78	0.233167
7.785	0.233167
7.79	0.233168
7.795	0.233168
7.8	0.233168
7.805	0.233168
7.81	0.233168
7.815	0.233168
7.82	0.233168
7.825	0.233168
7.83	0.233168
7.835	0.233168
7.84	0.233168
7.845	0.233168
7.85	0.233168
7.855	0.233168
7.86	0.233168
7.865	0.233168
7.87	0.233168
7.875	0.233168
7.88	0.233168
7.885	0.233168
7.89	0.233168
7.895	0.233168
7.9	0.233168
7.905	0.233168
7.91	0.233168
7.915	0.233168
7.92	0.233168
7.925	0.233168
7.93	0.233168
7.935	0.233168
7.94	0.233168
7.945	0.233168
7.95	0.233168
7.955	0.233168
7.96	0.233168
7.965	0.233168
7.97	0.233168
7.975	0.233168
7.98	0.233168
7.985	0.233168
7.99	0.233168
7.995	0.233168
8	0.233168
8.005	0.233168
8.01	0.233168
8.015	0.233168
8.02	0.233168
8.025	0.233168
8.03	0.233168
8.035	0.233168
8.04	0.233168
8.045	0.233168
8.05	0.233168
8.055	0.233168
8.06	0.233168
8.065	0.233168
8.07	0.233168
8.075	0.233168
8.08	0.233168
8.085	0.233169
8.09	0.233169
8.095	0.233169
8.1	0.233169
8.105	0.233169
8.11	0.233169
8.115	0.233169
8.12	0.233169
8.125	0.233169
8.13	0.233169
8.135	0.233169
8.14	0.233169
8.145	0.233169
8.15	0.233169
8.155	0.233169
8.16	0.233169
8.165	0.233169
8.17	0.233169
8.175	0.233169
8.18	0.233169
8.185	0.233169
8.19	0.233169
8.195	0.233169
8.2	0.233169
8.205	0.233169
8.21	0.233169
8.215	0.233169
8.22	0.233169
8.225	0.233169
8.23	0.233169
8.235	0.233169
8.24	0.233169
8.245	0.233169
8.25	0.233169
8.255	0.233169
8.26	0.233169
8.265	0.233169
8.27	0.233169
8.275	0.233169
8.28	0.233169
8.285	0.233169
8.29	0.233169
8.295	0.233169
8.3	0.233169
8.305	0.233169
8.31	0.233169
8.315	0.233169
8.32	0.233169
8.325	0.233169
8.33	0.233169
8.335	0.233169
8.34	0.233169
8.345	0.233169
8.35	0.233169
8.355	0.233169
8.36	0.233169
8.365	0.233169
8.37	0.233169
8.375	0.233169
8.38	0.233169
8.385	0.233169
8.39	0.233169
8.395	0.233169
8.4	0.233169
8.405	0.233169
8.41	0.233169
8.415	0.233169
8.42	0.233169
8.425	0.233169
8.43	0.233169
8.435	0.233169
8.44	0.233169
8.445	0.233169
8.45	0.233169
8.455	0.233169
8.46	0.233169
8.465	0.233169
8.47	0.23317
8.475	0.23317
8.48	0.23317
8.485	0.23317
8.49	0.23317
8.495	0.23317
8.5	0.23317
8.505	0.23317
8.51	0.23317
8.515	0.23317
8.52	0.23317
8.525	0.23317
8.53	0.23317
8.535	0.23317
8.54	0.23317
8.545	0.23317
8.55	0.23317
8.555	0.23317
8.56	0.23317
8.565	0.23317
8.57	0.23317
8.575	0.23317
8.58	0.23317
8.585	0.23317
8.59	0.23317
8.595	0.23317
8.6	0.23317
8.605	0.23317
8.61	0.23317
8.615	0.23317
8.62	0.23317
8.625	0.23317
8.63	0.23317
8.635	0.23317
8.64	0.23317
8.645	0.23317
8.65	0.23317
8.655	0.23317
8.66	0.23317
8.665	0.23317
8.67	0.23317
8.675	0.23317
8.68	0.23317
8.685	0.23317
8.69	0.23317
8.695	0.23317
8.7	0.23317
8.705	0.23317
8.71	0.23317
8.715	0.23317
8.72	0.23317
8.725	0.23317
8.73	0.23317
8.735	0.23317
8.74	0.23317
8.745	0.23317
8.75	0.23317
8.755	0.23317
8.76	0.23317
8.765	0.23317
8.77	0.23317
8.775	0.23317
8.78	0.23317
8.785	0.23317
8.79	0.23317
8.795	0.23317
8.8	0.23317
8.805	0.23317
8.81	0.23317
8.815	0.23317
8.82	0.23317
8.825	0.23317
8.83	0.23317
8.835	0.23317
8.84	0.23317
8.845	0.23317
8.85	0.23317
8.855	0.23317
8.86	0.23317
8.865	0.23317
8.87	0.23317
8.875	0.23317
8.88	0.23317
8.885	0.23317
8.89	0.23317
8.895	0.23317
8.9	0.23317
8.905	0.23317
8.91	0.23317
8.915	0.23317
8.92	0.23317
8.925	0.23317
8.93	0.23317
8.935	0.23317
8.94	0.23317
8.945	0.23317
8.95	0.23317
8.955	0.23317
8.96	0.23317
8.965	0.23317
8.97	0.23317
8.975	0.23317
8.98	0.23317
8.985	0.23317
8.99	0.23317
8.995	0.23317
9	0.23317
9.005	0.23317
9.01	0.23317
9.015	0.23317
9.02	0.233171
9.025	0.233171
9.03	0.233171
9.035	0.233171
9.04	0.233171
9.045	0.233171
9.05	0.233171
9.055	0.233171
9.06	0.233171
9.065	0.233171
9.07	0.233171
9.075	0.233171
9.08	0.233171
9.085	0.233171
9.09	0.233171
9.095	0.233171
9.1	0.233171
9.105	0.233171
9.11	0.233171
9.115	0.233171
9.12	0.233171
9.125	0.233171
9.13	0.233171
9.135	0.233171
9.14	0.233171
9.145	0.233171
9.15	0.233171
9.155	0.233171
9.16	0.233171
9.165	0.233171
9.17	0.233171
9.175	0.233171
9.18	0.233171
9.185	0.233171
9.19	0.233171
9.195	0.233171
9.2	0.233171
9.205	0.233171
9.21	0.233171
9.215	0.233171
9.22	0.233171
9.225	0.233171
9.23	0.233171
9.235	0.233171
9.24	0.233171
9.245	0.233171
9.25	0.233171
9.255	0.233171
9.26	0.233171
9.265	0.233171
9.27	0.233171
9.275	0.233171
9.28	0.233171
9.285	0.233171
9.29	0.233171
9.295	0.233171
9.3	0.233171
9.305	0.233171
9.31	0.233171
9.315	0.233171
9.32	0.233171
9.325	0.233171
9.33	0.233171
9.335	0.233171
9.34	0.233171
9.345	0.233171
9.35	0.233171
9.355	0.233171
9.36	0.233171
9.365	0.233171
9.37	0.233171
9.375	0.233171
9.38	0.233171
9.385	0.233171
9.39	0.233171
9.395	0.233171
9.4	0.233171
9.405	0.233171
9.41	0.233171
9.415	0.233171
9.42	0.233171
9.425	0.233171
9.43	0.233171
9.435	0.233171
9.44	0.233171
9.445	0.233171
9.45	0.233171
9.455	0.233171
9.46	0.233171
9.465	0.233171
9.47	0.233171
9.475	0.233171
9.48	0.233171
9.485	0.233171
9.49	0.233171
9.495	0.233171
9.5	0.233171
9.505	0.233171
9.51	0.233171
9.515	0.233171
9.52	0.233171
9.525	0.233171
9.53	0.233171
9.535	0.233171
9.54	0.233171
9.545	0.233171
9.55	0.233171
9.555	0.233171
9.56	0.233171
9.565	0.233171
9.57	0.233171
9.575	0.233171
9.58	0.233171
9.585	0.233171
9.59	0.233171
9.595	0.233171
9.6	0.233171
9.605	0.233171
9.61	0.233171
9.615	0.233171
9.62	0.233171
9.625	0.233171
9.63	0.233171
9.635	0.233171
9.64	0.233171
9.645	0.233171
9.65	0.233171
9.655	0.233171
9.66	0.233171
9.665	0.233171
9.67	0.233171
9.675	0.233171
9.68	0.233171
9.685	0.233171
9.69	0.233171
9.695	0.233171
9.7	0.233171
9.705	0.233171
9.71	0.233171
9.715	0.233171
9.72	0.233171
9.725	0.233171
9.73	0.233171
9.735	0.233171
9.74	0.233171
9.745	0.233171
9.75	0.233171
9.755	0.233171
9.76	0.233171
9.765	0.233171
9.77	0.233171
9.775	0.233171
9.78	0.233171
9.785	0.233171
9.79	0.233171
9.795	0.233171
9.8	0.233171
9.805	0.233171
9.81	0.233171
9.815	0.233171
9.82	0.233171
9.825	0.233171
9.83	0.233171
9.835	0.233171
9.84	0.233171
9.845	0.233171
9.85	0.233171
9.855	0.233171
9.86	0.233171
9.865	0.233171
9.87	0.233171
9.875	0.233171
9.88	0.233171
9.885	0.233171
9.89	0.233171
9.895	0.233171
9.9	0.233171
9.905	0.233171
9.91	0.233171
9.915	0.233171
9.92	0.233171
9.925	0.233171
9.93	0.233171
9.935	0.233171
9.94	0.233171
9.945	0.233171
9.95	0.233171
9.955	0.233171
9.96	0.233171
9.965	0.233171
9.97	0.233171
9.975	0.233171
9.98	0.233171
9.985	0.233171
9.99	0.233171
9.995	0.233172
