0.005	0.41
0.01	0.68
0.015	0.96
0.02	1.23
0.025	1.5
0.03	1.77
0.035	2.05
0.04	2.32
0.045	2.59
0.05	2.86
0.055	3.13
0.06	3.4
0.065	3.68
0.07	3.89
0.075	4.16
0.08	4.36
0.085	4.63
0.09	4.84
0.095	5.1
0.1	5.31
0.105	5.59
0.11	5.79
0.115	6.07
0.12	6.27
0.125	6.53
0.13	6.74
0.135	7
0.14	7.23
0.145	7.5
0.15	7.71
0.155	7.97
0.16	8.18
0.165	8.45
0.17	8.65
0.175	8.91
0.18	9.12
0.185	9.39
0.19	9.59
0.195	9.86
0.2	10.07
0.205	10.33
0.21	10.55
0.215	10.81
0.22	11.01
0.225	11.27
0.23	11.48
0.235	11.74
0.24	11.95
0.245	12.21
0.25	12.42
0.255	12.69
0.26	12.89
0.265	13.16
0.27	13.36
0.275	13.63
0.28	13.83
0.285	14.1
0.29	14.31
0.295	14.57
0.3	14.77
0.305	15.03
0.31	15.24
0.315	15.51
0.32	15.71
0.325	15.97
0.33	16.17
0.335	16.44
0.34	16.63
0.345	16.9
0.35	17.11
0.355	17.31
0.36	17.59
0.365	17.79
0.37	17.99
0.375	18.26
0.38	18.46
0.385	18.67
0.39	18.94
0.395	19.14
0.4	19.35
0.405	19.62
0.41	19.82
0.415	20.03
0.42	20.3
0.425	20.5
0.43	20.71
0.435	20.97
0.44	21.18
0.445	21.38
0.45	21.64
0.455	21.85
0.46	22.06
0.465	22.33
0.47	22.53
0.475	22.73
0.48	23
0.485	23.2
0.49	23.41
0.495	23.62
0.5	23.88
0.505	24.08
0.51	24.28
0.515	24.49
0.52	24.75
0.525	24.95
0.53	25.16
0.535	25.36
0.54	25.62
0.545	25.83
0.55	26.03
0.555	26.23
0.56	26.49
0.565	26.69
0.57	26.9
0.575	27.09
0.58	27.36
0.585	27.57
0.59	27.76
0.595	27.96
0.6	28.24
0.605	28.43
0.61	28.64
0.615	28.83
0.62	29.09
0.625	29.3
0.63	29.5
0.635	29.7
0.64	29.91
0.645	30.18
0.65	30.37
0.655	30.58
0.66	30.78
0.665	30.98
0.67	31.24
0.675	31.44
0.68	31.64
0.685	31.85
0.69	32.05
0.695	32.31
0.7	32.51
0.705	32.71
0.71	32.92
0.715	33.11
0.72	33.37
0.725	33.57
0.73	33.77
0.735	33.97
0.74	34.18
0.745	34.44
0.75	34.64
0.755	34.83
0.76	35.04
0.765	35.24
0.77	35.49
0.775	35.69
0.78	35.9
0.785	36.09
0.79	36.29
0.795	36.5
0.8	36.75
0.805	36.95
0.81	37.15
0.815	37.35
0.82	37.55
0.825	37.75
0.83	38.01
0.835	38.21
0.84	38.41
0.845	38.61
0.85	38.81
0.855	39.01
0.86	39.27
0.865	39.48
0.87	39.67
0.875	39.87
0.88	40.07
0.885	40.27
0.89	40.53
0.895	40.73
0.9	40.92
0.905	41.12
0.91	41.33
0.915	41.54
0.92	41.8
0.925	42
0.93	42.21
0.935	42.4
0.94	42.6
0.945	42.8
0.95	43.06
0.955	43.25
0.96	43.46
0.965	43.66
0.97	43.86
0.975	44.06
0.98	44.25
0.985	44.52
0.99	44.71
0.995	44.91
1	45.1
1.005	45.3
1.01	45.5
1.015	45.7
1.02	45.97
1.025	46.16
1.03	46.36
1.035	46.55
1.04	46.75
1.045	46.95
1.05	47.15
1.055	47.41
1.06	47.61
1.065	47.8
1.07	48
1.075	48.2
1.08	48.39
1.085	48.58
1.09	48.85
1.095	49.04
1.1	49.24
1.105	49.43
1.11	49.63
1.115	49.82
1.12	50.02
1.125	50.23
1.13	50.48
1.135	50.68
1.14	50.88
1.145	51.07
1.15	51.26
1.155	51.46
1.16	51.66
1.165	51.85
1.17	52.11
1.175	52.3
1.18	52.49
1.185	52.69
1.19	52.89
1.195	53.08
1.2	53.28
1.205	53.49
1.21	53.74
1.215	53.93
1.22	54.13
1.225	54.33
1.23	54.52
1.235	54.72
1.24	54.92
1.245	55.12
1.25	55.39
1.255	55.58
1.26	55.78
1.265	55.98
1.27	56.18
1.275	56.37
1.28	56.56
1.285	56.76
1.29	57.02
1.295	57.21
1.3	57.41
1.305	57.61
1.31	57.81
1.315	58
1.32	58.2
1.325	58.4
1.33	58.6
1.335	58.85
1.34	59.05
1.345	59.24
1.35	59.43
1.355	59.63
1.36	59.82
1.365	60.03
1.37	60.21
1.375	60.42
1.38	60.68
1.385	60.86
1.39	61.06
1.395	61.26
1.4	61.45
1.405	61.65
1.41	61.84
1.415	62.04
1.42	62.23
1.425	62.49
1.43	62.69
1.435	62.88
1.44	63.08
1.445	63.28
1.45	63.49
1.455	63.68
1.46	63.88
1.465	64.08
1.47	64.35
1.475	64.54
1.48	64.73
1.485	64.92
1.49	65.11
1.495	65.3
1.5	65.5
1.505	65.69
1.51	65.88
1.515	66.08
1.52	66.33
1.525	66.53
1.53	66.72
1.535	66.92
1.54	67.11
1.545	67.3
1.55	67.5
1.555	67.7
1.56	67.89
1.565	68.09
1.57	68.34
1.575	68.55
1.58	68.74
1.585	68.93
1.59	69.12
1.595	69.31
1.6	69.5
1.605	69.68
1.61	69.88
1.615	70.08
1.62	70.34
1.625	70.53
1.63	70.72
1.635	70.92
1.64	71.1
1.645	71.29
1.65	71.49
1.655	71.68
1.66	71.87
1.665	72.07
1.67	72.32
1.675	72.52
1.68	72.71
1.685	72.91
1.69	73.1
1.695	73.29
1.7	73.47
1.705	73.67
1.71	73.87
1.715	74.06
1.72	74.31
1.725	74.5
1.73	74.68
1.735	74.87
1.74	75.05
1.745	75.24
1.75	75.43
1.755	75.62
1.76	75.82
1.765	76.01
1.77	76.27
1.775	76.46
1.78	76.65
1.785	76.84
1.79	77.02
1.795	77.2
1.8	77.39
1.805	77.58
1.81	77.77
1.815	77.96
1.82	78.21
1.825	78.4
1.83	78.58
1.835	78.76
1.84	78.95
1.845	79.14
1.85	79.32
1.855	79.51
1.86	79.69
1.865	79.88
1.87	80.12
1.875	80.31
1.88	80.49
1.885	80.67
1.89	80.85
1.895	81.04
1.9	81.22
1.905	81.4
1.91	81.58
1.915	81.77
1.92	81.96
1.925	82.2
1.93	82.38
1.935	82.57
1.94	82.75
1.945	82.93
1.95	83.11
1.955	83.29
1.96	83.47
1.965	83.65
1.97	83.83
1.975	84.02
1.98	84.19
1.985	84.44
1.99	84.63
1.995	84.81
2	84.99
2.005	85.17
2.01	85.35
2.015	85.54
2.02	85.71
2.025	85.9
2.03	86.08
2.035	86.26
2.04	86.44
2.045	86.62
2.05	86.8
2.055	87.05
2.06	87.23
2.065	87.41
2.07	87.59
2.075	87.77
2.08	87.94
2.085	88.12
2.09	88.3
2.095	88.48
2.1	88.66
2.105	88.84
2.11	89.03
2.115	89.2
2.12	89.39
2.125	89.57
2.13	89.81
2.135	90.01
2.14	90.19
2.145	90.36
2.15	90.54
2.155	90.73
2.16	90.9
2.165	91.08
2.17	91.27
2.175	91.45
2.18	91.62
2.185	91.8
2.19	91.99
2.195	92.16
2.2	92.34
2.205	92.52
2.21	92.77
2.215	92.95
2.22	93.13
2.225	93.31
2.23	93.49
2.235	93.67
2.24	93.85
2.245	94.03
2.25	94.21
2.255	94.38
2.26	94.56
2.265	94.74
2.27	94.93
2.275	95.11
2.28	95.29
2.285	95.47
2.29	95.65
2.295	95.9
2.3	96.08
2.305	96.26
2.31	96.44
2.315	96.61
2.32	96.79
2.325	96.97
2.33	97.14
2.335	97.32
2.34	97.49
2.345	97.67
2.35	97.85
2.355	98.04
2.36	98.21
2.365	98.39
2.37	98.57
2.375	98.75
2.38	99
2.385	99.18
2.39	99.35
2.395	99.53
2.4	99.7
2.405	99.88
2.41	100.07
2.415	100.25
2.42	100.42
2.425	100.6
2.43	100.77
2.435	100.96
2.44	101.13
2.445	101.31
2.45	101.49
2.455	101.67
2.46	101.85
2.465	102.08
2.47	102.26
2.475	102.44
2.48	102.62
2.485	102.8
2.49	102.98
2.495	103.15
2.5	103.33
2.505	103.51
2.51	103.68
2.515	103.87
2.52	104.04
2.525	104.21
2.53	104.4
2.535	104.58
2.54	104.76
2.545	104.93
2.55	105.18
2.555	105.35
2.56	105.53
2.565	105.71
2.57	105.89
2.575	106.07
2.58	106.24
2.585	106.43
2.59	106.6
2.595	106.78
2.6	106.95
2.605	107.13
2.61	107.31
2.615	107.49
2.62	107.66
2.625	107.85
2.63	108.02
2.635	108.27
2.64	108.44
2.645	108.62
2.65	108.8
2.655	108.97
2.66	109.14
2.665	109.33
2.67	109.51
2.675	109.69
2.68	109.86
2.685	110.04
2.69	110.22
2.695	110.4
2.7	110.58
2.705	110.76
2.71	110.93
2.715	111.11
2.72	111.36
2.725	111.54
2.73	111.71
2.735	111.89
2.74	112.06
2.745	112.24
2.75	112.42
2.755	112.6
2.76	112.77
2.765	112.95
2.77	113.13
2.775	113.31
2.78	113.48
2.785	113.66
2.79	113.84
2.795	114.01
2.8	114.19
2.805	114.37
2.81	114.62
2.815	114.79
2.82	114.98
2.825	115.15
2.83	115.32
2.835	115.5
2.84	115.68
2.845	115.86
2.85	116.04
2.855	116.21
2.86	116.39
2.865	116.57
2.87	116.74
2.875	116.92
2.88	117.1
2.885	117.28
2.89	117.46
2.895	117.64
2.9	117.88
2.905	118.06
2.91	118.24
2.915	118.41
2.92	118.59
2.925	118.76
2.93	118.94
2.935	119.12
2.94	119.29
2.945	119.47
2.95	119.65
2.955	119.82
2.96	120
2.965	120.17
2.97	120.35
2.975	120.53
2.98	120.71
2.985	120.89
2.99	121.13
2.995	121.31
3	121.48
3.005	121.66
3.01	121.83
3.015	122.01
3.02	122.18
3.025	122.36
3.03	122.53
3.035	122.71
3.04	122.89
3.045	123.07
3.05	123.24
3.055	123.42
3.06	123.6
3.065	123.77
3.07	123.96
3.075	124.13
3.08	124.31
3.085	124.54
3.09	124.72
3.095	124.9
3.1	125.07
3.105	125.25
3.11	125.43
3.115	125.61
3.12	125.78
3.125	125.96
3.13	126.14
3.135	126.31
3.14	126.48
3.145	126.66
3.15	126.83
3.155	127.01
3.16	127.18
3.165	127.37
3.17	127.54
3.175	127.72
3.18	127.89
3.185	128.13
3.19	128.31
3.195	128.49
3.2	128.66
3.205	128.84
3.21	129.01
3.215	129.19
3.22	129.37
3.225	129.55
3.23	129.72
3.235	129.9
3.24	130.07
3.245	130.25
3.25	130.42
3.255	130.59
3.26	130.78
3.265	130.95
3.27	131.12
3.275	131.31
3.28	131.49
3.285	131.67
3.29	131.91
3.295	132.09
3.3	132.27
3.305	132.44
3.31	132.62
3.315	132.79
3.32	132.97
3.325	133.14
3.33	133.31
3.335	133.48
3.34	133.66
3.345	133.83
3.35	134.01
3.355	134.19
3.36	134.36
3.365	134.54
3.37	134.71
3.375	134.89
3.38	135.06
3.385	135.24
3.39	135.42
3.395	135.67
3.4	135.85
3.405	136.03
3.41	136.2
3.415	136.37
3.42	136.55
3.425	136.72
3.43	136.89
3.435	137.07
3.44	137.24
3.445	137.43
3.45	137.61
3.455	137.8
3.46	137.98
3.465	138.15
3.47	138.32
3.475	138.5
3.48	138.67
3.485	138.85
3.49	139.03
3.495	139.21
3.5	139.39
3.505	139.62
3.51	139.79
3.515	139.97
3.52	140.15
3.525	140.32
3.53	140.5
3.535	140.67
3.54	140.85
3.545	141.03
3.55	141.2
3.555	141.37
3.56	141.55
3.565	141.73
3.57	141.9
3.575	142.07
3.58	142.25
3.585	142.43
3.59	142.6
3.595	142.77
3.6	142.94
3.605	143.12
3.61	143.3
3.615	143.48
3.62	143.71
3.625	143.89
3.63	144.06
3.635	144.23
3.64	144.4
3.645	144.57
3.65	144.75
3.655	144.92
3.66	145.1
3.665	145.27
3.67	145.44
3.675	145.61
3.68	145.78
3.685	145.95
3.69	146.13
3.695	146.31
3.7	146.48
3.705	146.65
3.71	146.83
3.715	147.01
3.72	147.19
3.725	147.36
3.73	147.54
3.735	147.72
3.74	147.9
3.745	148.13
3.75	148.31
3.755	148.47
3.76	148.64
3.765	148.81
3.77	148.98
3.775	149.15
3.78	149.32
3.785	149.5
3.79	149.67
3.795	149.84
3.8	150.01
3.805	150.17
3.81	150.35
3.815	150.52
3.82	150.69
3.825	150.86
3.83	151.03
3.835	151.21
3.84	151.38
3.845	151.54
3.85	151.72
3.855	151.9
3.86	152.07
3.865	152.26
3.87	152.44
3.875	152.67
3.88	152.84
3.885	153.01
3.89	153.18
3.895	153.35
3.9	153.52
3.905	153.68
3.91	153.86
3.915	154.02
3.92	154.19
3.925	154.37
3.93	154.53
3.935	154.7
3.94	154.87
3.945	155.04
3.95	155.21
3.955	155.38
3.96	155.55
3.965	155.72
3.97	155.9
3.975	156.07
3.98	156.24
3.985	156.41
3.99	156.58
3.995	156.75
4	156.92
4.005	157.1
4.01	157.29
4.015	157.51
4.02	157.67
4.025	157.85
4.03	158.01
4.035	158.19
4.04	158.35
4.045	158.52
4.05	158.69
4.055	158.87
4.06	159.04
4.065	159.21
4.07	159.38
4.075	159.54
4.08	159.72
4.085	159.88
4.09	160.06
4.095	160.23
4.1	160.4
4.105	160.56
4.11	160.74
4.115	160.9
4.12	161.07
4.125	161.24
4.13	161.41
4.135	161.58
4.14	161.75
4.145	161.92
4.15	162.1
4.155	162.27
4.16	162.44
4.165	162.67
4.17	162.84
4.175	163
4.18	163.17
4.185	163.34
4.19	163.51
4.195	163.68
4.2	163.85
4.205	164.01
4.21	164.18
4.215	164.34
4.22	164.51
4.225	164.67
4.23	164.84
4.235	165.01
4.24	165.17
4.245	165.33
4.25	165.51
4.255	165.67
4.26	165.83
4.265	166
4.27	166.17
4.275	166.33
4.28	166.5
4.285	166.67
4.29	166.83
4.295	167
4.3	167.16
4.305	167.33
4.31	167.51
4.315	167.67
4.32	167.84
4.325	168.01
4.33	168.24
4.335	168.41
4.34	168.57
4.345	168.74
4.35	168.9
4.355	169.07
4.36	169.24
4.365	169.41
4.37	169.58
4.375	169.76
4.38	169.92
4.385	170.08
4.39	170.25
4.395	170.42
4.4	170.59
4.405	170.75
4.41	170.92
4.415	171.08
4.42	171.25
4.425	171.42
4.43	171.58
4.435	171.75
4.44	171.92
4.445	172.08
4.45	172.25
4.455	172.42
4.46	172.59
4.465	172.75
4.47	172.92
4.475	173.08
4.48	173.25
4.485	173.42
4.49	173.59
4.495	173.75
4.5	173.93
4.505	174.09
4.51	174.26
4.515	174.42
4.52	174.65
4.525	174.81
4.53	174.98
4.535	175.14
4.54	175.3
4.545	175.47
4.55	175.64
4.555	175.8
4.56	175.97
4.565	176.14
4.57	176.3
4.575	176.47
4.58	176.64
4.585	176.8
4.59	176.96
4.595	177.13
4.6	177.3
4.605	177.46
4.61	177.63
4.615	177.8
4.62	177.97
4.625	178.13
4.63	178.29
4.635	178.45
4.64	178.62
4.645	178.78
4.65	178.94
4.655	179.11
4.66	179.27
4.665	179.45
4.67	179.61
4.675	179.77
4.68	179.94
4.685	180.1
4.69	180.27
4.695	180.43
4.7	180.59
4.705	180.76
4.71	180.92
4.715	181.08
4.72	181.25
4.725	181.41
4.73	181.58
4.735	181.75
4.74	181.93
4.745	182.09
4.75	182.25
4.755	182.43
4.76	182.64
4.765	182.81
4.77	182.97
4.775	183.13
4.78	183.3
4.785	183.46
4.79	183.63
4.795	183.8
4.8	183.96
4.805	184.13
4.81	184.3
4.815	184.45
4.82	184.62
4.825	184.78
4.83	184.94
4.835	185.11
4.84	185.27
4.845	185.44
4.85	185.6
4.855	185.76
4.86	185.93
4.865	186.09
4.87	186.25
4.875	186.42
4.88	186.58
4.885	186.75
4.89	186.91
4.895	187.08
4.9	187.24
4.905	187.41
4.91	187.57
4.915	187.74
4.92	187.9
4.925	188.06
4.93	188.23
4.935	188.39
4.94	188.55
4.945	188.72
4.95	188.88
4.955	189.04
4.96	189.21
4.965	189.37
4.97	189.54
4.975	189.7
4.98	189.87
4.985	190.04
4.99	190.2
4.995	190.37
5	190.54
5.005	190.7
5.01	190.86
5.015	191.03
5.02	191.19
5.025	191.36
5.03	191.52
5.035	191.69
5.04	191.86
5.045	192.02
5.05	192.19
5.055	192.34
5.06	192.57
5.065	192.73
5.07	192.89
5.075	193.05
5.08	193.21
5.085	193.37
5.09	193.53
5.095	193.71
5.1	193.87
5.105	194.03
5.11	194.19
5.115	194.36
5.12	194.52
5.125	194.69
5.13	194.85
5.135	195.01
5.14	195.17
5.145	195.34
5.15	195.51
5.155	195.67
5.16	195.83
5.165	195.99
5.17	196.16
5.175	196.33
5.18	196.49
5.185	196.66
5.19	196.82
5.195	196.98
5.2	197.14
5.205	197.31
5.21	197.47
5.215	197.64
5.22	197.79
5.225	197.96
5.23	198.12
5.235	198.28
5.24	198.44
5.245	198.61
5.25	198.78
5.255	198.94
5.26	199.1
5.265	199.27
5.27	199.43
5.275	199.6
5.28	199.75
5.285	199.93
5.29	200.09
5.295	200.25
5.3	200.42
5.305	200.57
5.31	200.74
5.315	200.9
5.32	201.07
5.325	201.23
5.33	201.4
5.335	201.56
5.34	201.73
5.345	201.89
5.35	202.06
5.355	202.22
5.36	202.38
5.365	202.54
5.37	202.7
5.375	202.86
5.38	203.02
5.385	203.18
5.39	203.36
5.395	203.52
5.4	203.68
5.405	203.85
5.41	204.01
5.415	204.17
5.42	204.34
5.425	204.51
5.43	204.73
5.435	204.89
5.44	205.05
5.445	205.2
5.45	205.36
5.455	205.52
5.46	205.68
5.465	205.83
5.47	206
5.475	206.14
5.48	206.31
5.485	206.46
5.49	206.62
5.495	206.77
5.5	206.94
5.505	207.1
5.51	207.25
5.515	207.41
5.52	207.57
5.525	207.72
5.53	207.88
5.535	208.03
5.54	208.2
5.545	208.35
5.55	208.51
5.555	208.66
5.56	208.83
5.565	208.97
5.57	209.14
5.575	209.29
5.58	209.44
5.585	209.59
5.59	209.76
5.595	209.91
5.6	210.07
5.605	210.21
5.61	210.39
5.615	210.54
5.62	210.7
5.625	210.84
5.63	211
5.635	211.16
5.64	211.32
5.645	211.47
5.65	211.63
5.655	211.78
5.66	211.95
5.665	212.09
5.67	212.27
5.675	212.4
5.68	212.57
5.685	212.73
5.69	212.89
5.695	213.03
5.7	213.2
5.705	213.35
5.71	213.51
5.715	213.67
5.72	213.83
5.725	213.98
5.73	214.15
5.735	214.3
5.74	214.47
5.745	214.61
5.75	214.78
5.755	214.93
5.76	215.09
5.765	215.25
5.77	215.41
5.775	215.56
5.78	215.73
5.785	215.88
5.79	216.04
5.795	216.19
5.8	216.35
5.805	216.5
5.81	216.66
5.815	216.81
5.82	216.97
5.825	217.13
5.83	217.29
5.835	217.44
5.84	217.6
5.845	217.76
5.85	217.92
5.855	218.08
5.86	218.25
5.865	218.39
5.87	218.56
5.875	218.71
5.88	218.87
5.885	219.02
5.89	219.19
5.895	219.34
5.9	219.5
5.905	219.65
5.91	219.81
5.915	219.97
5.92	220.13
5.925	220.28
5.93	220.44
5.935	220.6
5.94	220.75
5.945	220.91
5.95	221.07
5.955	221.22
5.96	221.39
5.965	221.54
5.97	221.7
5.975	221.85
5.98	222.06
5.985	222.22
5.99	222.36
5.995	222.53
6	222.67
6.005	222.84
6.01	222.99
6.015	223.14
6.02	223.29
6.025	223.44
6.03	223.6
6.035	223.76
6.04	223.91
6.045	224.06
6.05	224.21
6.055	224.37
6.06	224.52
6.065	224.69
6.07	224.84
6.075	224.99
6.08	225.15
6.085	225.31
6.09	225.45
6.095	225.61
6.1	225.76
6.105	225.91
6.11	226.07
6.115	226.22
6.12	226.37
6.125	226.52
6.13	226.68
6.135	226.84
6.14	226.98
6.145	227.14
6.15	227.29
6.155	227.43
6.16	227.59
6.165	227.74
6.17	227.89
6.175	228.05
6.18	228.2
6.185	228.35
6.19	228.5
6.195	228.66
6.2	228.81
6.205	228.95
6.21	229.1
6.215	229.25
6.22	229.41
6.225	229.56
6.23	229.72
6.235	229.86
6.24	230.01
6.245	230.16
6.25	230.31
6.255	230.46
6.26	230.62
6.265	230.77
6.27	230.92
6.275	231.08
6.28	231.22
6.285	231.38
6.29	231.53
6.295	231.68
6.3	231.83
6.305	231.98
6.31	232.13
6.315	232.28
6.32	232.43
6.325	232.58
6.33	232.74
6.335	232.89
6.34	233.04
6.345	233.19
6.35	233.34
6.355	233.49
6.36	233.64
6.365	233.79
6.37	233.94
6.375	234.09
6.38	234.25
6.385	234.4
6.39	234.55
6.395	234.69
6.4	234.85
6.405	235
6.41	235.15
6.415	235.3
6.42	235.45
6.425	235.61
6.43	235.76
6.435	235.9
6.44	236.05
6.445	236.21
6.45	236.36
6.455	236.51
6.46	236.67
6.465	236.81
6.47	236.96
6.475	237.11
6.48	237.26
6.485	237.4
6.49	237.56
6.495	237.71
6.5	237.86
6.505	238.01
6.51	238.17
6.515	238.31
6.52	238.46
6.525	238.61
6.53	238.76
6.535	238.91
6.54	239.06
6.545	239.21
6.55	239.36
6.555	239.51
6.56	239.66
6.565	239.81
6.57	239.96
6.575	240.12
6.58	240.26
6.585	240.42
6.59	240.57
6.595	240.72
6.6	240.87
6.605	241.02
6.61	241.17
6.615	241.32
6.62	241.48
6.625	241.62
6.63	241.77
6.635	241.92
6.64	242.07
6.645	242.22
6.65	242.38
6.655	242.52
6.66	242.67
6.665	242.83
6.67	242.97
6.675	243.12
6.68	243.27
6.685	243.42
6.69	243.57
6.695	243.73
6.7	243.87
6.705	244.02
6.71	244.18
6.715	244.33
6.72	244.48
6.725	244.63
6.73	244.78
6.735	244.93
6.74	245.08
6.745	245.23
6.75	245.38
6.755	245.53
6.76	245.68
6.765	245.83
6.77	245.98
6.775	246.13
6.78	246.28
6.785	246.44
6.79	246.59
6.795	246.73
6.8	246.88
6.805	247.04
6.81	247.18
6.815	247.33
6.82	247.49
6.825	247.63
6.83	247.78
6.835	247.94
6.84	248.09
6.845	248.3
6.85	248.44
6.855	248.59
6.86	248.74
6.865	248.9
6.87	249.04
6.875	249.19
6.88	249.34
6.885	249.48
6.89	249.63
6.895	249.78
6.9	249.92
6.905	250.07
6.91	250.22
6.915	250.37
6.92	250.52
6.925	250.66
6.93	250.81
6.935	250.95
6.94	251.1
6.945	251.25
6.95	251.39
6.955	251.54
6.96	251.69
6.965	251.84
6.97	251.99
6.975	252.14
6.98	252.29
6.985	252.43
6.99	252.57
6.995	252.73
7	252.87
7.005	253.02
7.01	253.16
7.015	253.31
7.02	253.46
7.025	253.6
7.03	253.75
7.035	253.9
7.04	254.04
7.045	254.18
7.05	254.33
7.055	254.48
7.06	254.62
7.065	254.77
7.07	254.92
7.075	255.06
7.08	255.21
7.085	255.35
7.09	255.5
7.095	255.64
7.1	255.79
7.105	255.93
7.11	256.08
7.115	256.23
7.12	256.37
7.125	256.52
7.13	256.66
7.135	256.8
7.14	256.95
7.145	257.09
7.15	257.24
7.155	257.39
7.16	257.53
7.165	257.68
7.17	257.82
7.175	257.96
7.18	258.11
7.185	258.26
7.19	258.4
7.195	258.55
7.2	258.68
7.205	258.84
7.21	258.98
7.215	259.13
7.22	259.28
7.225	259.42
7.23	259.56
7.235	259.71
7.24	259.86
7.245	260
7.25	260.15
7.255	260.3
7.26	260.45
7.265	260.59
7.27	260.73
7.275	260.88
7.28	261.02
7.285	261.17
7.29	261.32
7.295	261.46
7.3	261.6
7.305	261.75
7.31	261.9
7.315	262.03
7.32	262.19
7.325	262.33
7.33	262.46
7.335	262.61
7.34	262.75
7.345	262.9
7.35	263.04
7.355	263.19
7.36	263.34
7.365	263.47
7.37	263.61
7.375	263.75
7.38	263.9
7.385	264.04
7.39	264.19
7.395	264.33
7.4	264.48
7.405	264.62
7.41	264.76
7.415	264.9
7.42	265.05
7.425	265.19
7.43	265.33
7.435	265.48
7.44	265.62
7.445	265.77
7.45	265.91
7.455	266.05
7.46	266.2
7.465	266.34
7.47	266.48
7.475	266.63
7.48	266.77
7.485	266.91
7.49	267.06
7.495	267.2
7.5	267.35
7.505	267.49
7.51	267.64
7.515	267.78
7.52	267.93
7.525	268.07
7.53	268.21
7.535	268.36
7.54	268.5
7.545	268.65
7.55	268.8
7.555	268.94
7.56	269.09
7.565	269.22
7.57	269.37
7.575	269.51
7.58	269.65
7.585	269.79
7.59	269.94
7.595	270.08
7.6	270.22
7.605	270.38
7.61	270.51
7.615	270.66
7.62	270.8
7.625	270.95
7.63	271.09
7.635	271.24
7.64	271.37
7.645	271.52
7.65	271.66
7.655	271.8
7.66	271.94
7.665	272.09
7.67	272.22
7.675	272.37
7.68	272.51
7.685	272.66
7.69	272.79
7.695	272.94
7.7	273.07
7.705	273.22
7.71	273.36
7.715	273.5
7.72	273.64
7.725	273.78
7.73	273.92
7.735	274.06
7.74	274.2
7.745	274.35
7.75	274.49
7.755	274.63
7.76	274.77
7.765	274.91
7.77	275.05
7.775	275.19
7.78	275.32
7.785	275.48
7.79	275.61
7.795	275.75
7.8	275.89
7.805	276.04
7.81	276.18
7.815	276.33
7.82	276.47
7.825	276.61
7.83	276.75
7.835	276.9
7.84	277.03
7.845	277.18
7.85	277.32
7.855	277.46
7.86	277.6
7.865	277.74
7.87	277.88
7.875	278.03
7.88	278.17
7.885	278.31
7.89	278.45
7.895	278.59
7.9	278.73
7.905	278.88
7.91	279.02
7.915	279.15
7.92	279.3
7.925	279.44
7.93	279.57
7.935	279.71
7.94	279.86
7.945	280
7.95	280.15
7.955	280.28
7.96	280.42
7.965	280.57
7.97	280.71
7.975	280.85
7.98	281
7.985	281.12
7.99	281.27
7.995	281.41
8	281.55
8.005	281.69
8.01	281.83
8.015	281.97
8.02	282.11
8.025	282.25
8.03	282.39
8.035	282.54
8.04	282.68
8.045	282.82
8.05	282.95
8.055	283.1
8.06	283.24
8.065	283.39
8.07	283.52
8.075	283.66
8.08	283.81
8.085	283.95
8.09	284.1
8.095	284.24
8.1	284.38
8.105	284.52
8.11	284.66
8.115	284.8
8.12	284.95
8.125	285.08
8.13	285.23
8.135	285.37
8.14	285.5
8.145	285.65
8.15	285.78
8.155	285.93
8.16	286.06
8.165	286.2
8.17	286.35
8.175	286.49
8.18	286.63
8.185	286.77
8.19	286.92
8.195	287.04
8.2	287.19
8.205	287.33
8.21	287.47
8.215	287.6
8.22	287.75
8.225	287.88
8.23	288.03
8.235	288.16
8.24	288.31
8.245	288.44
8.25	288.59
8.255	288.72
8.26	288.87
8.265	289.01
8.27	289.15
8.275	289.29
8.28	289.43
8.285	289.57
8.29	289.71
8.295	289.85
8.3	289.99
8.305	290.13
8.31	290.27
8.315	290.41
8.32	290.54
8.325	290.69
8.33	290.83
8.335	290.97
8.34	291.12
8.345	291.25
8.35	291.4
8.355	291.54
8.36	291.69
8.365	291.83
8.37	291.96
8.375	292.1
8.38	292.25
8.385	292.39
8.39	292.52
8.395	292.66
8.4	292.81
8.405	292.94
8.41	293.09
8.415	293.23
8.42	293.37
8.425	293.51
8.43	293.65
8.435	293.8
8.44	293.93
8.445	294.07
8.45	294.21
8.455	294.35
8.46	294.49
8.465	294.63
8.47	294.77
8.475	294.9
8.48	295.05
8.485	295.18
8.49	295.32
8.495	295.45
8.5	295.6
8.505	295.74
8.51	295.88
8.515	296.02
8.52	296.16
8.525	296.3
8.53	296.44
8.535	296.58
8.54	296.71
8.545	296.85
8.55	296.99
8.555	297.14
8.56	297.27
8.565	297.41
8.57	297.56
8.575	297.69
8.58	297.84
8.585	297.98
8.59	298.12
8.595	298.26
8.6	298.41
8.605	298.55
8.61	298.68
8.615	298.82
8.62	298.96
8.625	299.1
8.63	299.24
8.635	299.39
8.64	299.53
8.645	299.67
8.65	299.8
8.655	299.94
8.66	300.09
8.665	300.22
8.67	300.36
8.675	300.5
8.68	300.64
8.685	300.78
8.69	300.92
8.695	301.07
8.7	301.2
8.705	301.35
8.71	301.49
8.715	301.62
8.72	301.76
8.725	301.9
8.73	302.05
8.735	302.18
8.74	302.32
8.745	302.47
8.75	302.6
8.755	302.75
8.76	302.88
8.765	303.02
8.77	303.16
8.775	303.29
8.78	303.44
8.785	303.58
8.79	303.71
8.795	303.85
8.8	303.99
8.805	304.12
8.81	304.27
8.815	304.4
8.82	304.55
8.825	304.69
8.83	304.82
8.835	304.96
8.84	305.1
8.845	305.24
8.85	305.38
8.855	305.52
8.86	305.65
8.865	305.79
8.87	305.92
8.875	306.07
8.88	306.2
8.885	306.34
8.89	306.47
8.895	306.61
8.9	306.77
8.905	306.9
8.91	307.03
8.915	307.17
8.92	307.31
8.925	307.44
8.93	307.59
8.935	307.72
8.94	307.86
8.945	308
8.95	308.13
8.955	308.28
8.96	308.41
8.965	308.54
8.97	308.69
8.975	308.82
8.98	308.95
8.985	309.1
8.99	309.24
8.995	309.37
9	309.51
9.005	309.65
9.01	309.78
9.015	309.93
9.02	310.07
9.025	310.2
9.03	310.33
9.035	310.48
9.04	310.62
9.045	310.75
9.05	310.89
9.055	311.04
9.06	311.17
9.065	311.32
9.07	311.46
9.075	311.59
9.08	311.73
9.085	311.86
9.09	312.01
9.095	312.14
9.1	312.29
9.105	312.42
9.11	312.56
9.115	312.7
9.12	312.83
9.125	312.97
9.13	313.11
9.135	313.25
9.14	313.38
9.145	313.52
9.15	313.67
9.155	313.8
9.16	313.94
9.165	314.07
9.17	314.21
9.175	314.36
9.18	314.49
9.185	314.62
9.19	314.76
9.195	314.89
9.2	315.04
9.205	315.17
9.21	315.31
9.215	315.45
9.22	315.59
9.225	315.72
9.23	315.86
9.235	316.01
9.24	316.13
9.245	316.27
9.25	316.41
9.255	316.55
9.26	316.69
9.265	316.82
9.27	316.97
9.275	317.11
9.28	317.24
9.285	317.38
9.29	317.52
9.295	317.65
9.3	317.79
9.305	317.94
9.31	318.07
9.315	318.2
9.32	318.33
9.325	318.47
9.33	318.62
9.335	318.75
9.34	318.89
9.345	319.04
9.35	319.17
9.355	319.3
9.36	319.44
9.365	319.57
9.37	319.72
9.375	319.85
9.38	319.98
9.385	320.12
9.39	320.26
9.395	320.4
9.4	320.52
9.405	320.68
9.41	320.81
9.415	320.95
9.42	321.08
9.425	321.22
9.43	321.36
9.435	321.5
9.44	321.63
9.445	321.77
9.45	321.91
9.455	322.05
9.46	322.18
9.465	322.31
9.47	322.46
9.475	322.59
9.48	322.74
9.485	322.88
9.49	323.02
9.495	323.17
9.5	323.31
9.505	323.44
9.51	323.58
9.515	323.72
9.52	323.85
9.525	324.01
9.53	324.14
9.535	324.28
9.54	324.42
9.545	324.55
9.55	324.7
9.555	324.83
9.56	324.97
9.565	325.11
9.57	325.25
9.575	325.39
9.58	325.53
9.585	325.66
9.59	325.8
9.595	325.94
9.6	326.08
9.605	326.21
9.61	326.34
9.615	326.5
9.62	326.64
9.625	326.79
9.63	326.93
9.635	327.07
9.64	327.21
9.645	327.35
9.65	327.5
9.655	327.64
9.66	327.79
9.665	327.92
9.67	328.07
9.675	328.21
9.68	328.35
9.685	328.48
9.69	328.62
9.695	328.77
9.7	328.91
9.705	329.05
9.71	329.19
9.715	329.34
9.72	329.47
9.725	329.61
9.73	329.75
9.735	329.9
9.74	330.03
9.745	330.17
9.75	330.38
9.755	330.51
9.76	330.67
9.765	330.82
9.77	330.94
9.775	331.09
9.78	331.22
9.785	331.37
9.79	331.51
9.795	331.64
9.8	331.79
9.805	331.92
9.81	332.06
9.815	332.2
9.82	332.34
9.825	332.46
9.83	332.61
9.835	332.74
9.84	332.88
9.845	333.03
9.85	333.17
9.855	333.3
9.86	333.43
9.865	333.58
9.87	333.72
9.875	333.85
9.88	333.99
9.885	334.14
9.89	334.27
9.895	334.4
9.9	334.54
9.905	334.67
9.91	334.82
9.915	334.95
9.92	335.09
9.925	335.23
9.93	335.37
9.935	335.5
9.94	335.64
9.945	335.78
9.95	335.91
9.955	336.04
9.96	336.18
9.965	336.32
9.97	336.46
9.975	336.59
9.98	336.72
9.985	336.86
9.99	337
9.995	337.14
10	337.27
