0.005	0.000826934
0.01	0.000153328
0.015	7.98587e-05
0.02	4.73026e-05
0.025	3.2794e-05
0.03	2.366e-05
0.035	1.82707e-05
0.04	1.43568e-05
0.045	1.14202e-05
0.05	9.59362e-06
0.055	1.08288e-05
0.06	7.14574e-06
0.065	8.30712e-06
0.07	7.57478e-06
0.075	5.60092e-06
0.08	5.44055e-06
0.085	5.68586e-06
0.09	4.6873e-06
0.095	4.84478e-06
0.1	3.92247e-06
0.105	4.07378e-06
0.11	3.43242e-06
0.115	3.77574e-06
0.12	3.03889e-06
0.125	3.41991e-06
0.13	2.73051e-06
0.135	2.94525e-06
0.14	2.47432e-06
0.145	2.52327e-06
0.15	2.75004e-06
0.155	2.63974e-06
0.16	2.5203e-06
0.165	2.41586e-06
0.17	2.32106e-06
0.175	2.2013e-06
0.18	2.14833e-06
0.185	2.00979e-06
0.19	1.99654e-06
0.195	1.84732e-06
0.2	1.86177e-06
0.205	1.71293e-06
0.21	1.74175e-06
0.215	1.60227e-06
0.22	1.63441e-06
0.225	1.51185e-06
0.23	1.53878e-06
0.235	1.43934e-06
0.24	1.45428e-06
0.245	1.38178e-06
0.25	1.38062e-06
0.255	1.33641e-06
0.26	1.31734e-06
0.265	1.30122e-06
0.27	1.26364e-06
0.275	1.27358e-06
0.28	1.21829e-06
0.285	1.25184e-06
0.29	1.17935e-06
0.295	1.23455e-06
0.3	1.1455e-06
0.305	1.01904e-06
0.31	1.11524e-06
0.315	1.00598e-06
0.32	1.08781e-06
0.325	9.94309e-07
0.33	1.06213e-06
0.335	9.82603e-07
0.34	1.03764e-06
0.345	9.70832e-07
0.35	1.01391e-06
0.355	1.00639e-06
0.36	9.42949e-07
0.365	9.40472e-07
0.37	8.78579e-07
0.375	9.19681e-07
0.38	9.21498e-07
0.385	8.85334e-07
0.39	8.96112e-07
0.395	8.85335e-07
0.4	8.16942e-07
0.405	8.72648e-07
0.41	8.556e-07
0.415	7.82524e-07
0.42	8.49418e-07
0.425	8.23556e-07
0.43	9.82761e-07
0.435	8.2584e-07
0.44	7.91779e-07
0.445	9.43861e-07
0.45	8.04613e-07
0.455	7.6126e-07
0.46	9.05217e-07
0.465	7.8432e-07
0.47	9.73043e-07
0.475	8.48988e-07
0.48	7.66133e-07
0.485	9.44866e-07
0.49	8.13957e-07
0.495	9.67766e-07
0.5	7.38557e-07
0.505	8.97434e-07
0.51	9.31001e-07
0.515	9.18854e-07
0.52	9.70656e-07
0.525	8.59337e-07
0.53	9.12167e-07
0.535	9.25694e-07
0.54	9.38837e-07
0.545	9.93994e-07
0.55	8.90771e-07
0.555	8.45372e-07
0.56	9.07269e-07
0.565	9.61346e-07
0.57	8.57068e-07
0.575	9.93693e-07
0.58	8.72312e-07
0.585	9.28689e-07
0.59	9.88414e-07
0.595	9.75254e-07
0.6	8.42854e-07
0.605	8.98306e-07
0.61	9.57073e-07
0.615	9.35707e-07
0.62	8.1247e-07
0.625	8.67319e-07
0.63	9.24236e-07
0.635	8.97677e-07
0.64	9.93742e-07
0.645	7.75135e-07
0.65	8.2859e-07
0.655	8.57727e-07
0.66	9.26583e-07
0.665	9.80141e-07
0.67	9.92483e-07
0.675	9.87076e-07
0.68	9.95401e-07
0.685	9.23928e-07
0.69	9.8188e-07
0.695	9.59325e-07
0.7	9.44898e-07
0.705	9.50452e-07
0.71	8.7088e-07
0.715	9.14054e-07
0.72	9.2793e-07
0.725	9.04833e-07
0.73	9.12137e-07
0.735	8.36234e-07
0.74	9.76682e-07
0.745	8.97986e-07
0.75	8.68214e-07
0.755	8.70491e-07
0.76	9.59693e-07
0.765	9.25254e-07
0.77	8.69411e-07
0.775	8.30491e-07
0.78	8.40858e-07
0.785	9.24843e-07
0.79	8.85054e-07
0.795	9.63359e-07
0.8	8.34437e-07
0.805	9.9953e-07
0.81	8.1495e-07
0.815	8.18188e-07
0.82	9.29918e-07
0.825	9.45598e-07
0.83	8.02367e-07
0.835	9.5002e-07
0.84	9.78013e-07
0.845	8.16857e-07
0.85	8.8601e-07
0.855	9.63629e-07
0.86	9.86254e-07
0.865	9.11697e-07
0.87	9.14689e-07
0.875	9.60123e-07
0.88	8.54709e-07
0.885	9.7814e-07
0.89	9.46462e-07
0.895	8.69602e-07
0.9	8.69768e-07
0.905	9.20144e-07
0.91	9.78534e-07
0.915	9.62806e-07
0.92	9.10048e-07
0.925	8.28463e-07
0.93	8.47099e-07
0.935	8.75425e-07
0.94	9.38432e-07
0.945	9.17392e-07
0.95	8.75477e-07
0.955	9.9105e-07
0.96	9.78248e-07
0.965	8.52785e-07
0.97	8.8812e-07
0.975	8.83681e-07
0.98	9.87632e-07
0.985	8.3783e-07
0.99	9.44334e-07
0.995	9.31306e-07
1	9.65339e-07
1.005	9.7455e-07
1.01	9.22127e-07
1.015	9.1893e-07
1.02	7.99453e-07
1.025	8.95532e-07
1.03	8.8284e-07
1.035	9.22574e-07
1.04	9.38698e-07
1.045	9.04613e-07
1.05	9.17036e-07
1.055	7.63126e-07
1.06	8.50876e-07
1.065	8.37815e-07
1.07	8.72544e-07
1.075	8.86531e-07
1.08	9.7474e-07
1.085	9.64402e-07
1.09	9.778e-07
1.095	8.07151e-07
1.1	7.97008e-07
1.105	8.27793e-07
1.11	8.4471e-07
1.115	9.30815e-07
1.12	9.31737e-07
1.125	9.87104e-07
1.13	9.21731e-07
1.135	9.70307e-07
1.14	9.67186e-07
1.145	9.7597e-07
1.15	9.81908e-07
1.155	8.41467e-07
1.16	9.0856e-07
1.165	9.78924e-07
1.17	8.66519e-07
1.175	9.14126e-07
1.18	8.93445e-07
1.185	9.23603e-07
1.19	9.34537e-07
1.195	9.85628e-07
1.2	8.94911e-07
1.205	9.6024e-07
1.21	8.12174e-07
1.215	8.58809e-07
1.22	8.62872e-07
1.225	8.68303e-07
1.23	8.80416e-07
1.235	9.27363e-07
1.24	9.92881e-07
1.245	9.51963e-07
1.25	7.58128e-07
1.255	8.11939e-07
1.26	8.11297e-07
1.265	8.2303e-07
1.27	8.33644e-07
1.275	8.83078e-07
1.28	9.47917e-07
1.285	9.14274e-07
1.29	9.57018e-07
1.295	7.65213e-07
1.3	9.94599e-07
1.305	7.8498e-07
1.31	7.72608e-07
1.315	8.37903e-07
1.32	8.92922e-07
1.325	9.94486e-07
1.33	9.847e-07
1.335	8.9514e-07
1.34	9.64957e-07
1.345	9.37649e-07
1.35	9.57304e-07
1.355	9.46676e-07
1.36	9.91056e-07
1.365	8.26325e-07
1.37	8.97037e-07
1.375	9.03288e-07
1.38	8.26756e-07
1.385	9.09675e-07
1.39	8.97003e-07
1.395	8.84905e-07
1.4	9.07026e-07
1.405	9.42118e-07
1.41	9.89784e-07
1.415	8.96283e-07
1.42	9.81591e-07
1.425	9.99716e-07
1.43	8.58329e-07
1.435	8.41042e-07
1.44	8.24885e-07
1.445	8.54607e-07
1.45	8.76573e-07
1.455	9.41064e-07
1.46	8.39526e-07
1.465	9.38137e-07
1.47	9.26485e-07
1.475	9.75021e-07
1.48	9.50082e-07
1.485	9.47157e-07
1.49	9.48312e-07
1.495	9.81104e-07
1.5	8.89903e-07
1.505	9.63423e-07
1.51	9.30827e-07
1.515	9.81811e-07
1.52	9.8535e-07
1.525	9.11066e-07
1.53	8.84238e-07
1.535	8.80003e-07
1.54	8.71788e-07
1.545	8.97284e-07
1.55	9.35419e-07
1.555	9.99278e-07
1.56	9.69912e-07
1.565	9.59753e-07
1.57	8.87396e-07
1.575	9.95707e-07
1.58	9.50516e-07
1.585	9.41699e-07
1.59	9.41472e-07
1.595	9.66112e-07
1.6	8.92144e-07
1.605	9.57177e-07
1.61	9.48023e-07
1.615	9.72001e-07
1.62	9.56622e-07
1.625	9.30784e-07
1.63	9.03095e-07
1.635	8.87266e-07
1.64	8.67812e-07
1.645	8.92563e-07
1.65	9.31547e-07
1.655	9.97785e-07
1.66	9.983e-07
1.665	9.34865e-07
1.67	9.14809e-07
1.675	8.51879e-07
1.68	8.09646e-07
1.685	7.98484e-07
1.69	7.98177e-07
1.695	8.25785e-07
1.7	8.69022e-07
1.705	9.41025e-07
1.71	9.62228e-07
1.715	9.30716e-07
1.72	9.28409e-07
1.725	9.92383e-07
1.73	9.62416e-07
1.735	9.98297e-07
1.74	9.87303e-07
1.745	9.49625e-07
1.75	9.9624e-07
1.755	8.7937e-07
1.76	9.83223e-07
1.765	9.43345e-07
1.77	9.3895e-07
1.775	9.89256e-07
1.78	9.16489e-07
1.785	9.06367e-07
1.79	8.99248e-07
1.795	9.08974e-07
1.8	9.32654e-07
1.805	9.75828e-07
1.81	9.32697e-07
1.815	9.46796e-07
1.82	9.73053e-07
1.825	9.02778e-07
1.83	9.46169e-07
1.835	9.37254e-07
1.84	9.32787e-07
1.845	9.32979e-07
1.85	9.47853e-07
1.855	9.73061e-07
1.86	9.85204e-07
1.865	9.94036e-07
1.87	8.78538e-07
1.875	9.8614e-07
1.88	9.08738e-07
1.885	9.29453e-07
1.89	9.09745e-07
1.895	9.14572e-07
1.9	9.25765e-07
1.905	9.45448e-07
1.91	9.73214e-07
1.915	9.34895e-07
1.92	9.8576e-07
1.925	8.01856e-07
1.93	9.50348e-07
1.935	7.84289e-07
1.94	8.05924e-07
1.945	7.83428e-07
1.95	7.87564e-07
1.955	7.94503e-07
1.96	8.11902e-07
1.965	8.38103e-07
1.97	8.73769e-07
1.975	9.18493e-07
1.98	9.7222e-07
1.985	9.19395e-07
1.99	8.21087e-07
1.995	9.04155e-07
2	9.06496e-07
2.005	8.82688e-07
2.01	8.88482e-07
2.015	8.99021e-07
2.02	9.13032e-07
2.025	9.35606e-07
2.03	9.61361e-07
2.035	9.99714e-07
2.04	8.57489e-07
2.045	9.20164e-07
2.05	9.89853e-07
2.055	8.34564e-07
2.06	9.17992e-07
2.065	9.66344e-07
2.07	9.62177e-07
2.075	9.37933e-07
2.08	9.43944e-07
2.085	8.78907e-07
2.09	9.31045e-07
2.095	9.37211e-07
2.1	9.52035e-07
2.105	9.86852e-07
2.11	9.0268e-07
2.115	9.4926e-07
2.12	8.49019e-07
2.125	9.23791e-07
2.13	7.54015e-07
2.135	9.42615e-07
2.14	8.69135e-07
2.145	8.55666e-07
2.15	8.47432e-07
2.155	8.53761e-07
2.16	8.50323e-07
2.165	8.31092e-07
2.17	8.62769e-07
2.175	8.87161e-07
2.18	9.06552e-07
2.185	9.22143e-07
2.19	9.695e-07
2.195	9.22336e-07
2.2	9.85418e-07
2.205	9.42212e-07
2.21	9.01349e-07
2.215	8.50769e-07
2.22	7.94165e-07
2.225	7.80231e-07
2.23	7.75461e-07
2.235	7.78794e-07
2.24	7.72827e-07
2.245	7.46371e-07
2.25	7.85262e-07
2.255	8.01289e-07
2.26	8.25226e-07
2.265	8.51375e-07
2.27	8.8514e-07
2.275	9.27225e-07
2.28	9.72807e-07
2.285	9.71186e-07
2.29	9.61771e-07
2.295	8.29726e-07
2.3	7.763e-07
2.305	7.37869e-07
2.31	7.24421e-07
2.315	9.9747e-07
2.32	7.35379e-07
2.325	9.79955e-07
2.33	7.37766e-07
2.335	9.93746e-07
2.34	7.62552e-07
2.345	7.58589e-07
2.35	7.93111e-07
2.355	8.26148e-07
2.36	8.6108e-07
2.365	9.12517e-07
2.37	9.61999e-07
2.375	9.90198e-07
2.38	7.66868e-07
2.385	9.80606e-07
2.39	9.63153e-07
2.395	9.70021e-07
2.4	9.62957e-07
2.405	9.63524e-07
2.41	9.60379e-07
2.415	9.66155e-07
2.42	9.71792e-07
2.425	9.88705e-07
2.43	7.47898e-07
2.435	7.62587e-07
2.44	8.00828e-07
2.445	7.86037e-07
2.45	8.70474e-07
2.455	9.28888e-07
2.46	9.96629e-07
2.465	9.41881e-07
2.47	9.34863e-07
2.475	9.2168e-07
2.48	9.3222e-07
2.485	9.24239e-07
2.49	9.23686e-07
2.495	9.19808e-07
2.5	9.25915e-07
2.505	9.32758e-07
2.51	9.48657e-07
2.515	9.66077e-07
2.52	9.92254e-07
2.525	7.85903e-07
2.53	8.13202e-07
2.535	8.60897e-07
2.54	9.10946e-07
2.545	9.68233e-07
2.55	8.69479e-07
2.555	9.02043e-07
2.56	8.8445e-07
2.565	9.02321e-07
2.57	8.93163e-07
2.575	8.94099e-07
2.58	8.90619e-07
2.585	8.97408e-07
2.59	9.04599e-07
2.595	9.209e-07
2.6	9.38535e-07
2.605	9.64919e-07
2.61	9.92796e-07
2.615	8.11986e-07
2.62	8.46393e-07
2.625	8.9422e-07
2.63	9.53614e-07
2.635	8.09594e-07
2.64	8.769e-07
2.645	8.53383e-07
2.65	8.77988e-07
2.655	8.68706e-07
2.66	8.70568e-07
2.665	8.68684e-07
2.67	8.73761e-07
2.675	8.83119e-07
2.68	8.97295e-07
2.685	9.17001e-07
2.69	9.41166e-07
2.695	9.70865e-07
2.7	8.00322e-07
2.705	8.36238e-07
2.71	8.75716e-07
2.715	9.39329e-07
2.72	7.57482e-07
2.725	9.97642e-07
2.73	9.49537e-07
2.735	9.79833e-07
2.74	9.75357e-07
2.745	9.6317e-07
2.75	9.73164e-07
2.755	9.75989e-07
2.76	9.75958e-07
2.765	9.93743e-07
2.77	8.94908e-07
2.775	9.25104e-07
2.78	9.53221e-07
2.785	9.85007e-07
2.79	8.35126e-07
2.795	8.75996e-07
2.8	8.66174e-07
2.805	9.68717e-07
2.81	9.83316e-07
2.815	9.61999e-07
2.82	9.25356e-07
2.825	9.52573e-07
2.83	9.43852e-07
2.835	9.41369e-07
2.84	9.33834e-07
2.845	9.44666e-07
2.85	9.32673e-07
2.855	9.58802e-07
2.86	9.67355e-07
2.865	9.77095e-07
2.87	9.12761e-07
2.875	9.54445e-07
2.88	9.87381e-07
2.885	8.47934e-07
2.89	8.92548e-07
2.895	9.47994e-07
2.9	9.16821e-07
2.905	9.31994e-07
2.91	8.85936e-07
2.915	9.20413e-07
2.92	9.09334e-07
2.925	8.91209e-07
2.93	8.97048e-07
2.935	9.14922e-07
2.94	9.03072e-07
2.945	9.2938e-07
2.95	9.40454e-07
2.955	9.50068e-07
2.96	9.80287e-07
2.965	9.36226e-07
2.97	9.79555e-07
2.975	8.45188e-07
2.98	8.90227e-07
2.985	9.43532e-07
2.99	8.56387e-07
2.995	8.97187e-07
3	9.58766e-07
3.005	9.79148e-07
3.01	8.96635e-07
3.015	9.66435e-07
3.02	9.99492e-07
3.025	8.97433e-07
3.03	9.65995e-07
3.035	9.06355e-07
3.04	9.99893e-07
3.045	9.36698e-07
3.05	9.13671e-07
3.055	9.60855e-07
3.06	9.9529e-07
3.065	9.57171e-07
3.07	8.76891e-07
3.075	9.23318e-07
3.08	9.7699e-07
3.085	7.95933e-07
3.09	9.75179e-07
3.095	9.40565e-07
3.1	9.75691e-07
3.105	9.68017e-07
3.11	9.69926e-07
3.115	9.66985e-07
3.12	9.65576e-07
3.125	9.69383e-07
3.13	9.73937e-07
3.135	9.84259e-07
3.14	9.95425e-07
3.145	9.20351e-07
3.15	9.74467e-07
3.155	9.56467e-07
3.16	9.56346e-07
3.165	9.66577e-07
3.17	8.84303e-07
3.175	9.28306e-07
3.18	9.88486e-07
3.185	7.38489e-07
3.19	9.28919e-07
3.195	9.02704e-07
3.2	9.40984e-07
3.205	9.33084e-07
3.21	9.30023e-07
3.215	9.24786e-07
3.22	9.25333e-07
3.225	9.25266e-07
3.23	9.31991e-07
3.235	9.38243e-07
3.24	9.51322e-07
3.245	9.6408e-07
3.25	9.83494e-07
3.255	9.27597e-07
3.26	9.41702e-07
3.265	9.68649e-07
3.27	9.89572e-07
3.275	8.8212e-07
3.28	9.32047e-07
3.285	9.95602e-07
3.29	9.58327e-07
3.295	8.88741e-07
3.3	8.63899e-07
3.305	8.9397e-07
3.31	8.91509e-07
3.315	8.88455e-07
3.32	8.84226e-07
3.325	8.81285e-07
3.33	8.83246e-07
3.335	8.85663e-07
3.34	8.93933e-07
3.345	9.02582e-07
3.35	9.17064e-07
3.355	9.32032e-07
3.36	9.52644e-07
3.365	9.73891e-07
3.37	9.40598e-07
3.375	9.7003e-07
3.38	9.70032e-07
3.385	9.91008e-07
3.39	9.47261e-07
3.395	8.73885e-07
3.4	8.39762e-07
3.405	8.30429e-07
3.41	8.4884e-07
3.415	8.48145e-07
3.42	8.47486e-07
3.425	8.41621e-07
3.43	8.41541e-07
3.435	8.41576e-07
3.44	8.46658e-07
3.445	8.52945e-07
3.45	8.63943e-07
3.455	8.76369e-07
3.46	8.934e-07
3.465	9.11865e-07
3.47	9.34893e-07
3.475	9.59368e-07
3.48	9.88336e-07
3.485	9.77068e-07
3.49	9.88967e-07
3.495	8.97815e-07
3.5	9.53153e-07
3.505	9.51116e-07
3.51	9.82694e-07
3.515	9.99433e-07
3.52	8.01425e-07
3.525	8.16165e-07
3.53	8.07131e-07
3.535	8.01051e-07
3.54	7.9985e-07
3.545	9.97695e-07
3.55	9.83427e-07
3.555	7.88452e-07
3.56	9.76067e-07
3.565	8.0546e-07
3.57	8.07917e-07
3.575	8.26802e-07
3.58	8.81622e-07
3.585	8.96776e-07
3.59	9.2673e-07
3.595	9.55267e-07
3.6	9.86054e-07
3.605	9.93398e-07
3.61	9.59029e-07
3.615	9.27362e-07
3.62	9.82938e-07
3.625	9.81716e-07
3.63	9.53039e-07
3.635	9.83296e-07
3.64	9.44665e-07
3.645	9.72644e-07
3.65	9.48952e-07
3.655	9.80124e-07
3.66	9.50566e-07
3.665	9.68967e-07
3.67	9.59482e-07
3.675	9.76014e-07
3.68	9.74631e-07
3.685	9.85001e-07
3.69	7.96497e-07
3.695	9.82759e-07
3.7	8.13154e-07
3.705	8.76305e-07
3.71	9.06803e-07
3.715	9.29438e-07
3.72	9.65131e-07
3.725	9.99376e-07
3.73	8.80939e-07
3.735	9.44059e-07
3.74	9.93636e-07
3.745	9.7502e-07
3.75	9.17728e-07
3.755	9.54395e-07
3.76	9.31252e-07
3.765	9.32987e-07
3.77	9.2923e-07
3.775	9.93639e-07
3.78	9.15996e-07
3.785	9.0724e-07
3.79	9.99428e-07
3.795	9.2781e-07
3.8	9.06775e-07
3.805	9.85566e-07
3.81	9.29697e-07
3.815	9.22622e-07
3.82	9.18128e-07
3.825	9.51842e-07
3.83	9.4666e-07
3.835	9.6832e-07
3.84	9.85017e-07
3.845	8.65378e-07
3.85	9.85163e-07
3.855	9.00778e-07
3.86	9.93641e-07
3.865	8.91279e-07
3.87	9.48794e-07
3.875	9.15919e-07
3.88	9.22056e-07
3.885	8.81648e-07
3.89	9.23091e-07
3.895	9.71108e-07
3.9	9.53544e-07
3.905	9.49629e-07
3.91	9.45294e-07
3.915	9.38565e-07
3.92	9.38091e-07
3.925	9.34664e-07
3.93	9.37204e-07
3.935	9.36453e-07
3.94	9.42184e-07
3.945	9.44137e-07
3.95	9.53036e-07
3.955	9.57726e-07
3.96	9.69766e-07
3.965	9.77219e-07
3.97	9.92364e-07
3.975	9.27267e-07
3.98	9.47442e-07
3.985	9.31808e-07
3.99	9.73745e-07
3.995	9.7416e-07
4	9.79865e-07
4.005	9.99785e-07
4.01	9.78636e-07
4.015	9.95158e-07
4.02	9.9662e-07
4.025	9.33602e-07
4.03	9.54527e-07
4.035	9.97606e-07
4.04	9.80389e-07
4.045	9.64074e-07
4.05	9.72292e-07
4.055	9.52152e-07
4.06	9.57926e-07
4.065	9.45368e-07
4.07	9.49442e-07
4.075	9.95816e-07
4.08	9.7806e-07
4.085	9.4891e-07
4.09	9.97204e-07
4.095	9.92668e-07
4.1	9.58443e-07
4.105	9.69052e-07
4.11	9.86792e-07
4.115	9.85249e-07
4.12	9.2409e-07
4.125	9.85265e-07
4.13	9.49902e-07
4.135	9.91714e-07
4.14	9.68387e-07
4.145	9.88811e-07
4.15	9.62447e-07
4.155	9.92606e-07
4.16	9.87832e-07
4.165	9.88786e-07
4.17	9.9135e-07
4.175	9.80991e-07
4.18	9.64624e-07
4.185	9.58327e-07
4.19	9.67113e-07
4.195	9.48141e-07
4.2	9.66579e-07
4.205	9.71974e-07
4.21	9.6422e-07
4.215	9.60468e-07
4.22	9.59607e-07
4.225	9.54341e-07
4.23	9.55102e-07
4.235	9.49943e-07
4.24	9.5376e-07
4.245	9.47881e-07
4.25	9.55041e-07
4.255	9.49251e-07
4.26	9.59186e-07
4.265	9.54591e-07
4.27	9.66383e-07
4.275	9.63689e-07
4.28	9.77123e-07
4.285	9.76165e-07
4.29	9.91089e-07
4.295	9.92084e-07
4.3	9.93427e-07
4.305	9.69866e-07
4.31	9.81692e-07
4.315	9.73925e-07
4.32	9.9673e-07
4.325	9.79226e-07
4.33	9.97198e-07
4.335	8.6408e-07
4.34	9.72936e-07
4.345	8.96385e-07
4.35	8.8353e-07
4.355	8.89798e-07
4.36	8.7522e-07
4.365	8.70953e-07
4.37	8.66064e-07
4.375	8.54626e-07
4.38	9.97157e-07
4.385	8.6943e-07
4.39	9.9787e-07
4.395	9.91262e-07
4.4	9.98059e-07
4.405	8.60313e-07
4.41	8.56574e-07
4.415	9.96478e-07
4.42	8.69136e-07
4.425	8.62151e-07
4.43	9.75577e-07
4.435	8.83333e-07
4.44	8.66843e-07
4.445	9.88433e-07
4.45	8.96655e-07
4.455	8.77514e-07
4.46	9.9862e-07
4.465	9.16252e-07
4.47	8.93843e-07
4.475	9.09006e-07
4.48	9.14448e-07
4.485	9.2819e-07
4.49	9.35204e-07
4.495	9.48955e-07
4.5	9.57292e-07
4.505	9.72333e-07
4.51	9.81937e-07
4.515	9.98327e-07
4.52	9.56587e-07
4.525	9.62804e-07
4.53	9.97739e-07
4.535	9.47008e-07
4.54	9.21036e-07
4.545	9.19112e-07
4.55	9.21497e-07
4.555	8.93649e-07
4.56	9.07517e-07
4.565	8.71445e-07
4.57	8.90957e-07
4.575	8.68961e-07
4.58	8.89463e-07
4.585	8.78762e-07
4.59	8.77842e-07
4.595	8.49985e-07
4.6	8.79516e-07
4.605	8.64432e-07
4.61	8.86521e-07
4.615	8.84687e-07
4.62	8.79952e-07
4.625	8.80326e-07
4.63	8.79271e-07
4.635	8.8245e-07
4.64	8.83218e-07
4.645	8.87797e-07
4.65	8.89525e-07
4.655	8.95405e-07
4.66	8.97836e-07
4.665	9.05079e-07
4.67	9.08119e-07
4.675	9.16777e-07
4.68	9.20363e-07
4.685	9.30486e-07
4.69	9.34556e-07
4.695	9.46214e-07
4.7	9.50689e-07
4.705	9.63978e-07
4.71	9.6875e-07
4.715	9.83799e-07
4.72	9.88683e-07
4.725	9.12497e-07
4.73	9.44891e-07
4.735	9.89017e-07
4.74	9.68833e-07
4.745	9.60311e-07
4.75	9.8806e-07
4.755	9.80665e-07
4.76	9.25873e-07
4.765	9.54136e-07
4.77	8.46275e-07
4.775	8.26946e-07
4.78	7.83503e-07
4.785	7.92982e-07
4.79	7.90576e-07
4.795	9.92861e-07
4.8	7.83301e-07
4.805	9.9124e-07
4.81	9.7547e-07
4.815	9.90865e-07
4.82	9.68351e-07
4.825	9.76168e-07
4.83	9.65825e-07
4.835	9.72147e-07
4.84	9.52792e-07
4.845	9.67527e-07
4.85	9.4484e-07
4.855	9.61359e-07
4.86	9.4025e-07
4.865	9.54623e-07
4.87	9.37446e-07
4.875	9.47615e-07
4.88	9.35736e-07
4.885	9.42002e-07
4.89	9.35543e-07
4.895	9.39173e-07
4.9	9.37073e-07
4.905	9.39955e-07
4.91	9.40886e-07
4.915	9.43941e-07
4.92	9.4659e-07
4.925	9.50097e-07
4.93	9.54467e-07
4.935	9.58443e-07
4.94	9.64107e-07
4.945	9.68646e-07
4.95	9.75572e-07
4.955	9.80667e-07
4.96	9.88912e-07
4.965	9.94288e-07
4.97	8.17487e-07
4.975	8.14841e-07
4.98	8.20252e-07
4.985	8.41995e-07
4.99	8.44213e-07
4.995	8.62456e-07
5	8.62849e-07
5.005	8.85362e-07
5.01	8.78935e-07
5.015	9.09629e-07
5.02	8.8883e-07
5.025	9.30937e-07
5.03	9.25066e-07
5.035	9.73453e-07
5.04	9.59502e-07
5.045	9.58317e-07
5.05	9.96859e-07
5.055	9.84627e-07
5.06	9.58601e-07
5.065	9.21693e-07
5.07	9.58397e-07
5.075	8.76216e-07
5.08	9.96933e-07
5.085	8.86042e-07
5.09	8.35175e-07
5.095	8.22639e-07
5.1	8.17268e-07
5.105	8.1095e-07
5.11	7.99802e-07
5.115	7.94635e-07
5.12	7.87335e-07
5.125	9.93552e-07
5.13	8.16163e-07
5.135	9.64786e-07
5.14	7.97948e-07
5.145	9.54764e-07
5.15	7.93538e-07
5.155	9.58135e-07
5.16	7.84275e-07
5.165	9.49501e-07
5.17	7.74065e-07
5.175	9.41971e-07
5.18	9.98527e-07
5.185	9.99034e-07
5.19	9.98775e-07
5.195	9.93558e-07
5.2	9.99494e-07
5.205	9.92337e-07
5.21	9.96623e-07
5.215	9.91515e-07
5.22	9.95853e-07
5.225	9.91266e-07
5.23	9.96877e-07
5.235	9.91944e-07
5.24	9.99503e-07
5.245	9.93222e-07
5.25	7.90388e-07
5.255	9.59004e-07
5.26	8.00007e-07
5.265	9.5106e-07
5.27	8.07818e-07
5.275	9.76571e-07
5.28	8.22366e-07
5.285	9.62922e-07
5.29	8.24547e-07
5.295	9.96219e-07
5.3	8.4203e-07
5.305	9.99743e-07
5.31	8.54389e-07
5.315	8.61383e-07
5.32	8.54418e-07
5.325	8.64014e-07
5.33	8.78568e-07
5.335	8.7958e-07
5.34	8.93745e-07
5.345	8.98801e-07
5.35	9.1161e-07
5.355	9.20768e-07
5.36	9.32501e-07
5.365	9.45585e-07
5.37	9.56174e-07
5.375	9.72439e-07
5.38	9.82149e-07
5.385	8.65597e-07
5.39	8.82429e-07
5.395	8.83186e-07
5.4	9.0718e-07
5.405	9.13973e-07
5.41	9.42151e-07
5.415	9.2068e-07
5.42	9.76623e-07
5.425	9.69785e-07
5.43	8.87502e-07
5.435	9.32868e-07
5.44	9.88994e-07
5.445	9.6034e-07
5.45	8.39611e-07
5.455	8.51054e-07
5.46	9.4386e-07
5.465	8.86455e-07
5.47	9.82902e-07
5.475	9.11027e-07
5.48	9.60248e-07
5.485	9.33491e-07
5.49	9.48504e-07
5.495	9.03023e-07
5.5	9.18739e-07
5.505	9.35845e-07
5.51	9.24683e-07
5.515	8.88805e-07
5.52	9.06702e-07
5.525	9.16044e-07
5.53	8.93405e-07
5.535	8.75345e-07
5.54	8.97997e-07
5.545	8.93885e-07
5.55	8.66888e-07
5.555	8.54714e-07
5.56	8.63322e-07
5.565	8.93275e-07
5.57	8.62018e-07
5.575	9.85159e-07
5.58	8.82783e-07
5.585	9.91132e-07
5.59	8.814e-07
5.595	9.68936e-07
5.6	8.74555e-07
5.605	9.81563e-07
5.61	8.63939e-07
5.615	9.66107e-07
5.62	8.64327e-07
5.625	9.59985e-07
5.63	8.60512e-07
5.635	9.60159e-07
5.64	8.65482e-07
5.645	9.385e-07
5.65	8.72406e-07
5.655	9.43008e-07
5.66	8.73547e-07
5.665	9.25271e-07
5.67	8.80503e-07
5.675	9.36186e-07
5.68	8.72852e-07
5.685	9.1583e-07
5.69	8.75266e-07
5.695	9.29201e-07
5.7	8.44924e-07
5.705	9.24169e-07
5.71	8.8997e-07
5.715	8.97652e-07
5.72	9.01057e-07
5.725	9.05263e-07
5.73	9.03073e-07
5.735	8.89723e-07
5.74	9.16988e-07
5.745	8.96722e-07
5.75	9.01695e-07
5.755	8.93063e-07
5.76	9.14608e-07
5.765	8.85494e-07
5.77	9.25075e-07
5.775	8.93538e-07
5.78	9.33952e-07
5.785	8.74755e-07
5.79	9.44541e-07
5.795	8.78471e-07
5.8	9.52647e-07
5.805	8.81182e-07
5.81	9.67911e-07
5.815	8.62103e-07
5.82	9.94054e-07
5.825	8.81159e-07
5.83	9.97018e-07
5.835	8.59922e-07
5.84	8.81397e-07
5.845	8.44947e-07
5.85	8.73109e-07
5.855	8.50369e-07
5.86	9.1308e-07
5.865	8.4828e-07
5.87	9.21548e-07
5.875	8.43977e-07
5.88	9.5429e-07
5.885	8.46918e-07
5.89	9.40903e-07
5.895	8.54439e-07
5.9	9.7549e-07
5.905	8.4635e-07
5.91	9.6879e-07
5.915	8.51292e-07
5.92	8.8596e-07
5.925	8.35883e-07
5.93	9.05715e-07
5.935	8.58933e-07
5.94	9.31085e-07
5.945	8.3372e-07
5.95	9.39381e-07
5.955	8.61183e-07
5.96	9.77404e-07
5.965	8.37988e-07
5.97	9.8637e-07
5.975	8.61871e-07
5.98	8.05082e-07
5.985	9.59152e-07
5.99	8.55142e-07
5.995	9.92341e-07
6	9.9419e-07
6.005	9.05819e-07
6.01	8.22941e-07
6.015	9.04405e-07
6.02	9.57329e-07
6.025	9.64553e-07
6.03	8.98759e-07
6.035	9.09699e-07
6.04	9.09646e-07
6.045	9.342e-07
6.05	8.82812e-07
6.055	9.02511e-07
6.06	8.9399e-07
6.065	8.89925e-07
6.07	8.80828e-07
6.075	8.91781e-07
6.08	8.71654e-07
6.085	9.81754e-07
6.09	9.68341e-07
6.095	8.9351e-07
6.1	8.24001e-07
6.105	9.71691e-07
6.11	9.80733e-07
6.115	8.58895e-07
6.12	9.62151e-07
6.125	9.46763e-07
6.13	8.99093e-07
6.135	9.47987e-07
6.14	9.56122e-07
6.145	9.62698e-07
6.15	8.6317e-07
6.155	9.11784e-07
6.16	9.66973e-07
6.165	9.52722e-07
6.17	9.30628e-07
6.175	8.55695e-07
6.18	9.31408e-07
6.185	9.15267e-07
6.19	9.12896e-07
6.195	9.0082e-07
6.2	9.99859e-07
6.205	9.55182e-07
6.21	9.90751e-07
6.215	9.11468e-07
6.22	8.12132e-07
6.225	9.76444e-07
6.23	9.47688e-07
6.235	8.26447e-07
6.24	9.92742e-07
6.245	9.33726e-07
6.25	8.30212e-07
6.255	9.89021e-07
6.26	9.32249e-07
6.265	8.18541e-07
6.27	9.87417e-07
6.275	9.25113e-07
6.28	8.17618e-07
6.285	9.78359e-07
6.29	9.20132e-07
6.295	8.05954e-07
6.3	9.72153e-07
6.305	9.13069e-07
6.31	9.97576e-07
6.315	9.46938e-07
6.32	9.10449e-07
6.325	9.92008e-07
6.33	9.95359e-07
6.335	8.99619e-07
6.34	9.75337e-07
6.345	9.90596e-07
6.35	8.97259e-07
6.355	9.61552e-07
6.36	9.80561e-07
6.365	8.91147e-07
6.37	9.60908e-07
6.375	9.77572e-07
6.38	8.87768e-07
6.385	9.47721e-07
6.39	9.67536e-07
6.395	8.82501e-07
6.4	9.47237e-07
6.405	9.64779e-07
6.41	8.7967e-07
6.415	9.35643e-07
6.42	9.55565e-07
6.425	8.75488e-07
6.43	9.34436e-07
6.435	9.96615e-07
6.44	9.54939e-07
6.445	8.93451e-07
6.45	9.64661e-07
6.455	9.33556e-07
6.46	8.60957e-07
6.465	9.51911e-07
6.47	9.88568e-07
6.475	9.40409e-07
6.48	9.33027e-07
6.485	9.64641e-07
6.49	9.04998e-07
6.495	9.58385e-07
6.5	9.47637e-07
6.505	9.33615e-07
6.51	9.1519e-07
6.515	9.63634e-07
6.52	8.98653e-07
6.525	9.43778e-07
6.53	9.70303e-07
6.535	9.17427e-07
6.54	8.9927e-07
6.545	9.7303e-07
6.55	8.93023e-07
6.555	9.3489e-07
6.56	9.87617e-07
6.565	9.06888e-07
6.57	8.9241e-07
6.575	9.85641e-07
6.58	8.89527e-07
6.585	9.29961e-07
6.59	9.94231e-07
6.595	9.01568e-07
6.6	8.87513e-07
6.605	9.95833e-07
6.61	8.86752e-07
6.615	9.26983e-07
6.62	9.64862e-07
6.625	8.65691e-07
6.63	9.24035e-07
6.635	9.49627e-07
6.64	8.3536e-07
6.645	9.24089e-07
6.65	9.90747e-07
6.655	8.92934e-07
6.66	8.91856e-07
6.665	9.8074e-07
6.67	8.94685e-07
6.675	9.23036e-07
6.68	9.82483e-07
6.685	8.55142e-07
6.69	9.44854e-07
6.695	9.56303e-07
6.7	8.33363e-07
6.705	9.36639e-07
6.71	9.40548e-07
6.715	8.6092e-07
6.72	9.08199e-07
6.725	9.58323e-07
6.73	8.57099e-07
6.735	9.19498e-07
6.74	9.43028e-07
6.745	8.66574e-07
6.75	9.17683e-07
6.755	9.71961e-07
6.76	8.45529e-07
6.765	9.34601e-07
6.77	9.56463e-07
6.775	8.73676e-07
6.78	9.24828e-07
6.785	9.84898e-07
6.79	8.44647e-07
6.795	9.30671e-07
6.8	9.542e-07
6.805	8.81381e-07
6.81	8.98589e-07
6.815	9.93006e-07
6.82	8.82598e-07
6.825	9.50793e-07
6.83	9.32498e-07
6.835	9.08502e-07
6.84	9.18236e-07
6.845	7.86995e-07
6.85	8.575e-07
6.855	9.72379e-07
6.86	8.25327e-07
6.865	8.12142e-07
6.87	9.11827e-07
6.875	9.86313e-07
6.88	9.47319e-07
6.885	9.23802e-07
6.89	8.16549e-07
6.895	8.58685e-07
6.9	8.74801e-07
6.905	9.79452e-07
6.91	9.18796e-07
6.915	8.00204e-07
6.92	8.57588e-07
6.925	8.75025e-07
6.93	8.11653e-07
6.935	8.5656e-07
6.94	8.8399e-07
6.945	7.89144e-07
6.95	8.76001e-07
6.955	8.52157e-07
6.96	7.99227e-07
6.965	9.98085e-07
6.97	9.4794e-07
6.975	8.93491e-07
6.98	9.37976e-07
6.985	9.10159e-07
6.99	8.32553e-07
6.995	9.01768e-07
7	9.02141e-07
7.005	8.4856e-07
7.01	9.10731e-07
7.015	9.00496e-07
7.02	8.17464e-07
7.025	8.87793e-07
7.03	8.79919e-07
7.035	8.31256e-07
7.04	8.84235e-07
7.045	8.79339e-07
7.05	9.97293e-07
7.055	8.76419e-07
7.06	8.2998e-07
7.065	9.32808e-07
7.07	8.65047e-07
7.075	8.34293e-07
7.08	9.23615e-07
7.085	8.58525e-07
7.09	8.23049e-07
7.095	9.147e-07
7.1	8.35071e-07
7.105	8.15703e-07
7.11	9.22217e-07
7.115	8.28723e-07
7.12	8.03009e-07
7.125	8.99275e-07
7.13	8.04534e-07
7.135	7.96717e-07
7.14	9.89139e-07
7.145	9.66214e-07
7.15	7.94078e-07
7.155	9.48482e-07
7.16	8.98849e-07
7.165	8.07948e-07
7.17	9.12872e-07
7.175	9.72213e-07
7.18	8.93561e-07
7.185	9.49756e-07
7.19	8.33733e-07
7.195	9.81904e-07
7.2	8.8903e-07
7.205	9.41419e-07
7.21	9.03439e-07
7.215	9.1444e-07
7.22	8.4432e-07
7.225	9.9767e-07
7.23	8.87199e-07
7.235	9.03118e-07
7.24	9.01903e-07
7.245	8.7879e-07
7.25	8.30956e-07
7.255	9.74808e-07
7.26	8.56443e-07
7.265	8.71418e-07
7.27	8.9471e-07
7.275	8.61908e-07
7.28	8.15074e-07
7.285	9.41432e-07
7.29	8.32819e-07
7.295	8.48081e-07
7.3	9.96446e-07
7.305	9.48735e-07
7.31	9.51051e-07
7.315	9.59493e-07
7.32	7.98409e-07
7.325	9.84621e-07
7.33	9.69418e-07
7.335	8.77691e-07
7.34	8.89294e-07
7.345	9.02576e-07
7.35	8.4692e-07
7.355	7.57394e-07
7.36	8.19172e-07
7.365	9.78198e-07
7.37	9.96403e-07
7.375	9.96928e-07
7.38	9.04242e-07
7.385	9.33268e-07
7.39	9.54141e-07
7.395	9.22721e-07
7.4	9.65837e-07
7.405	8.51994e-07
7.41	8.48024e-07
7.415	9.70872e-07
7.42	8.84237e-07
7.425	8.61883e-07
7.43	9.91528e-07
7.435	9.90856e-07
7.44	8.35103e-07
7.445	9.38687e-07
7.45	9.63582e-07
7.455	9.49815e-07
7.46	8.91197e-07
7.465	9.84537e-07
7.47	7.652e-07
7.475	9.98985e-07
7.48	8.54606e-07
7.485	8.96887e-07
7.49	9.41675e-07
7.495	8.1261e-07
7.5	9.22076e-07
7.505	9.92975e-07
7.51	8.16276e-07
7.515	9.42759e-07
7.52	7.14276e-07
7.525	7.50116e-07
7.53	8.04997e-07
7.535	7.4522e-07
7.54	8.9307e-07
7.545	9.17793e-07
7.55	9.15607e-07
7.555	7.15839e-07
7.56	9.16143e-07
7.565	7.93984e-07
7.57	8.60785e-07
7.575	9.51813e-07
7.58	9.44062e-07
7.585	9.17621e-07
7.59	9.14824e-07
7.595	9.36006e-07
7.6	7.15275e-07
7.605	9.87774e-07
7.61	9.96199e-07
7.615	9.925e-07
7.62	9.1107e-07
7.625	9.84368e-07
7.63	9.95868e-07
7.635	9.79289e-07
7.64	9.1855e-07
7.645	8.87717e-07
7.65	8.83968e-07
7.655	9.00548e-07
7.66	9.67614e-07
7.665	6.36264e-07
7.67	9.76488e-07
7.675	9.56648e-07
7.68	9.36658e-07
7.685	9.27991e-07
7.69	8.2786e-07
7.695	9.22375e-07
7.7	8.93181e-07
7.705	8.66437e-07
7.71	9.52187e-07
7.715	8.63386e-07
7.72	8.75923e-07
7.725	8.70353e-07
7.73	9.3933e-07
7.735	9.59191e-07
7.74	9.01655e-07
7.745	7.85879e-07
7.75	8.2866e-07
7.755	9.75959e-07
7.76	9.53662e-07
7.765	9.46963e-07
7.77	9.19495e-07
7.775	8.23715e-07
7.78	8.11411e-07
7.785	9.342e-07
7.79	9.62353e-07
7.795	9.47381e-07
7.8	8.81892e-07
7.805	7.7116e-07
7.81	9.64507e-07
7.815	6.58767e-07
7.82	9.23957e-07
7.825	8.06082e-07
7.83	8.74523e-07
7.835	9.23715e-07
7.84	9.18268e-07
7.845	9.72561e-07
7.85	9.31797e-07
7.855	8.92006e-07
7.86	9.49181e-07
7.865	9.97112e-07
7.87	9.45904e-07
7.875	7.49839e-07
7.88	7.40912e-07
7.885	9.38267e-07
7.89	8.84897e-07
7.895	8.7894e-07
7.9	8.08252e-07
7.905	9.08286e-07
7.91	9.28694e-07
7.915	9.4306e-07
7.92	9.0962e-07
7.925	9.55502e-07
7.93	9.47275e-07
7.935	9.98847e-07
7.94	9.94717e-07
7.945	8.2075e-07
7.95	8.49516e-07
7.955	8.14867e-07
7.96	8.81776e-07
7.965	9.89958e-07
7.97	9.31037e-07
7.975	8.39986e-07
7.98	6.97966e-07
7.985	8.05903e-07
7.99	9.75778e-07
7.995	8.53452e-07
8	6.8667e-07
8.005	8.79273e-07
8.01	8.6579e-07
8.015	8.95204e-07
8.02	9.14908e-07
8.025	9.36921e-07
8.03	7.89902e-07
8.035	9.914e-07
8.04	8.42151e-07
8.045	9.23194e-07
8.05	9.13357e-07
8.055	9.91921e-07
8.06	7.79175e-07
8.065	7.07439e-07
8.07	9.05965e-07
8.075	9.8384e-07
8.08	9.61232e-07
8.085	7.81509e-07
8.09	8.45527e-07
8.095	9.36404e-07
8.1	9.60967e-07
8.105	9.12331e-07
8.11	9.7708e-07
8.115	7.88738e-07
8.12	8.26998e-07
8.125	8.58674e-07
8.13	9.06656e-07
8.135	7.80702e-07
8.14	8.76544e-07
8.145	8.78365e-07
8.15	8.19403e-07
8.155	7.34876e-07
8.16	9.93022e-07
8.165	9.46107e-07
8.17	9.77215e-07
8.175	8.40163e-07
8.18	7.11303e-07
8.185	9.6665e-07
8.19	8.729e-07
8.195	8.87708e-07
8.2	8.922e-07
8.205	9.15479e-07
8.21	9.9111e-07
8.215	9.8698e-07
8.22	8.26749e-07
8.225	8.5913e-07
8.23	8.69383e-07
8.235	9.76432e-07
8.24	9.01904e-07
8.245	7.41588e-07
8.25	9.62188e-07
8.255	9.64949e-07
8.26	8.01249e-07
8.265	9.70911e-07
8.27	9.07373e-07
8.275	9.76729e-07
8.28	9.45529e-07
8.285	9.15415e-07
8.29	6.99324e-07
8.295	9.57356e-07
8.3	8.91341e-07
8.305	7.8157e-07
8.31	9.08073e-07
8.315	8.52288e-07
8.32	9.01024e-07
8.325	9.58454e-07
8.33	7.79539e-07
8.335	8.90287e-07
8.34	9.17476e-07
8.345	9.70457e-07
8.35	8.49036e-07
8.355	7.49492e-07
8.36	8.87226e-07
8.365	7.05111e-07
8.37	8.76161e-07
8.375	9.23563e-07
8.38	9.30843e-07
8.385	7.29186e-07
8.39	6.9919e-07
8.395	7.91732e-07
8.4	9.96059e-07
8.405	9.29396e-07
8.41	8.22029e-07
8.415	7.71954e-07
8.42	7.46496e-07
8.425	9.31187e-07
8.43	7.68691e-07
8.435	7.9775e-07
8.44	6.52684e-07
8.445	9.73879e-07
8.45	9.1606e-07
8.455	8.24196e-07
8.46	7.87625e-07
8.465	8.9839e-07
8.47	9.66009e-07
8.475	7.24786e-07
8.48	9.70958e-07
8.485	7.27595e-07
8.49	9.5101e-07
8.495	9.3408e-07
8.5	8.04452e-07
8.505	9.35416e-07
8.51	8.59408e-07
8.515	7.74432e-07
8.52	8.46321e-07
8.525	9.28222e-07
8.53	9.15927e-07
8.535	8.11085e-07
8.54	9.64015e-07
8.545	9.33133e-07
8.55	9.90356e-07
8.555	9.28936e-07
8.56	8.02308e-07
8.565	8.21036e-07
8.57	9.8244e-07
8.575	8.58294e-07
8.58	9.03177e-07
8.585	9.34251e-07
8.59	9.59968e-07
8.595	9.31117e-07
8.6	9.10993e-07
8.605	9.76275e-07
8.61	9.02356e-07
8.615	8.76681e-07
8.62	9.69311e-07
8.625	9.64981e-07
8.63	8.88062e-07
8.635	9.57109e-07
8.64	6.9939e-07
8.645	8.81749e-07
8.65	8.25177e-07
8.655	9.69104e-07
8.66	6.96785e-07
8.665	8.45648e-07
8.67	7.92549e-07
8.675	9.83714e-07
8.68	8.05386e-07
8.685	9.50089e-07
8.69	7.76465e-07
8.695	8.81403e-07
8.7	6.93625e-07
8.705	9.51628e-07
8.71	9.64254e-07
8.715	8.38361e-07
8.72	9.31901e-07
8.725	7.57211e-07
8.73	8.9745e-07
8.735	9.91592e-07
8.74	9.28605e-07
8.745	8.93318e-07
8.75	7.74446e-07
8.755	8.22949e-07
8.76	9.1471e-07
8.765	8.96905e-07
8.77	7.25131e-07
8.775	8.33331e-07
8.78	8.9756e-07
8.785	9.72682e-07
8.79	9.38576e-07
8.795	9.85923e-07
8.8	9.26829e-07
8.805	9.91208e-07
8.81	8.99216e-07
8.815	8.87897e-07
8.82	8.48302e-07
8.825	9.05802e-07
8.83	9.42319e-07
8.835	9.02041e-07
8.84	7.23827e-07
8.845	9.77497e-07
8.85	8.06729e-07
8.855	9.50391e-07
8.86	9.20412e-07
8.865	9.01292e-07
8.87	8.99964e-07
8.875	9.84338e-07
8.88	7.26908e-07
8.885	8.67768e-07
8.89	8.74895e-07
8.895	8.94615e-07
8.9	6.62277e-07
8.905	8.35363e-07
8.91	9.3857e-07
8.915	9.96478e-07
8.92	9.43337e-07
8.925	8.74659e-07
8.93	9.89447e-07
8.935	9.5067e-07
8.94	9.63433e-07
8.945	9.15643e-07
8.95	8.4102e-07
8.955	9.96316e-07
8.96	7.20107e-07
8.965	9.35088e-07
8.97	9.42764e-07
8.975	8.9509e-07
8.98	8.95617e-07
8.985	9.6159e-07
8.99	9.11496e-07
8.995	8.32828e-07
9	9.55129e-07
9.005	8.72355e-07
9.01	9.6663e-07
9.015	9.07273e-07
9.02	9.53961e-07
9.025	6.4285e-07
9.03	9.23618e-07
9.035	9.8802e-07
9.04	9.39284e-07
9.045	8.35311e-07
9.05	9.07232e-07
9.055	9.63742e-07
9.06	6.78286e-07
9.065	9.08547e-07
9.07	9.54967e-07
9.075	9.33068e-07
9.08	9.66073e-07
9.085	8.22881e-07
9.09	8.27004e-07
9.095	8.6223e-07
9.1	7.69063e-07
9.105	8.13952e-07
9.11	9.67856e-07
9.115	8.70919e-07
9.12	6.76419e-07
9.125	7.81853e-07
9.13	9.90457e-07
9.135	9.29206e-07
9.14	9.26611e-07
9.145	7.25006e-07
9.15	9.10922e-07
9.155	8.13676e-07
9.16	9.15775e-07
9.165	8.9485e-07
9.17	9.06106e-07
9.175	8.50797e-07
9.18	8.57417e-07
9.185	7.13655e-07
9.19	9.03522e-07
9.195	9.76034e-07
9.2	9.84139e-07
9.205	9.74093e-07
9.21	7.60473e-07
9.215	8.6383e-07
9.22	8.79651e-07
9.225	6.9095e-07
9.23	9.6322e-07
9.235	8.04207e-07
9.24	8.57465e-07
9.245	9.50626e-07
9.25	9.16988e-07
9.255	9.05569e-07
9.26	9.58619e-07
9.265	9.74727e-07
9.27	8.36907e-07
9.275	7.19949e-07
9.28	9.94497e-07
9.285	6.51376e-07
9.29	9.05671e-07
9.295	8.83589e-07
9.3	9.20176e-07
9.305	8.09508e-07
9.31	8.56223e-07
9.315	9.24865e-07
9.32	7.97024e-07
9.325	9.97502e-07
9.33	8.47045e-07
9.335	8.90697e-07
9.34	8.29028e-07
9.345	7.13458e-07
9.35	9.55311e-07
9.355	8.54532e-07
9.36	9.12251e-07
9.365	9.98368e-07
9.37	8.74785e-07
9.375	8.49672e-07
9.38	9.82939e-07
9.385	9.79896e-07
9.39	9.81656e-07
9.395	6.84792e-07
9.4	9.16351e-07
9.405	8.90755e-07
9.41	9.93845e-07
9.415	9.40575e-07
9.42	9.40051e-07
9.425	9.86634e-07
9.43	8.96279e-07
9.435	8.87322e-07
9.44	7.54261e-07
9.445	9.4551e-07
9.45	9.38733e-07
9.455	7.64614e-07
9.46	9.95528e-07
9.465	9.4342e-07
9.47	9.18107e-07
9.475	8.16284e-07
9.48	8.59046e-07
9.485	9.23981e-07
9.49	8.65453e-07
9.495	9.20339e-07
9.5	6.57228e-07
9.505	9.31745e-07
9.51	9.88407e-07
9.515	8.74517e-07
9.52	8.81648e-07
9.525	8.49971e-07
9.53	9.87699e-07
9.535	9.91886e-07
9.54	8.74686e-07
9.545	8.78308e-07
9.55	9.31594e-07
9.555	7.3717e-07
9.56	8.11862e-07
9.565	9.30258e-07
9.57	9.20319e-07
9.575	8.64096e-07
9.58	6.91933e-07
9.585	9.26902e-07
9.59	9.99189e-07
9.595	7.9336e-07
9.6	9.70877e-07
9.605	9.05145e-07
9.61	9.759e-07
9.615	8.85787e-07
9.62	8.37522e-07
9.625	9.89913e-07
9.63	8.51798e-07
9.635	9.2699e-07
9.64	9.92678e-07
9.645	8.78589e-07
9.65	9.26255e-07
9.655	8.21962e-07
9.66	8.59632e-07
9.665	8.76874e-07
9.67	7.75163e-07
9.675	9.91573e-07
9.68	9.68832e-07
9.685	6.87454e-07
9.69	8.14082e-07
9.695	9.25869e-07
9.7	9.57005e-07
9.705	9.66507e-07
9.71	7.27777e-07
9.715	9.19251e-07
9.72	8.48308e-07
9.725	9.91553e-07
9.73	8.67474e-07
9.735	8.70556e-07
9.74	7.88597e-07
9.745	9.56454e-07
9.75	8.10003e-07
9.755	9.76984e-07
9.76	9.27589e-07
9.765	7.39735e-07
9.77	9.47351e-07
9.775	9.97759e-07
9.78	9.74386e-07
9.785	9.83807e-07
9.79	7.73398e-07
9.795	8.05245e-07
9.8	8.57407e-07
9.805	9.12204e-07
9.81	7.55198e-07
9.815	8.86639e-07
9.82	9.29985e-07
9.825	9.45584e-07
9.83	9.68814e-07
9.835	7.75784e-07
9.84	9.55112e-07
9.845	7.37968e-07
9.85	7.67549e-07
9.855	7.53059e-07
9.86	7.91745e-07
9.865	7.92642e-07
9.87	8.36715e-07
9.875	7.93667e-07
9.88	9.60449e-07
9.885	9.12696e-07
9.89	9.30745e-07
9.895	9.67292e-07
9.9	8.53009e-07
9.905	9.80107e-07
9.91	6.09548e-07
9.915	8.89439e-07
9.92	6.72049e-07
9.925	7.52721e-07
9.93	8.8562e-07
9.935	8.77391e-07
9.94	6.2842e-07
9.945	9.58521e-07
9.95	9.56169e-07
9.955	6.99168e-07
9.96	5.69608e-07
9.965	9.0083e-07
9.97	8.61855e-07
9.975	7.4789e-07
9.98	7.01085e-07
9.985	8.61462e-07
9.99	9.95361e-07
9.995	9.22646e-07
10	9.94439e-07
