0.00010000000000000000479
9.8163265306122464166e-05
9.6326530612244909988e-05
9.4489795918367355809e-05
9.2653061224489801631e-05
9.0816326530612247452e-05
8.8979591836734706826e-05
8.7142857142857152648e-05
8.5306122448979598469e-05
8.3469387755102044291e-05
8.1632653061224490112e-05
7.9795918367346949486e-05
7.7959183673469395308e-05
7.6122448979591841129e-05
7.4285714285714286951e-05
7.2448979591836746325e-05
7.0612244897959192146e-05
6.8775510204081637968e-05
6.6938775510204083789e-05
6.5102040816326543164e-05
6.3265306122448988985e-05
6.1428571428571434807e-05
5.9591836734693880628e-05
5.7755102040816333226e-05
5.5918367346938779047e-05
5.4081632653061231645e-05
5.2244897959183677467e-05
5.0408163265306123288e-05
4.8571428571428575886e-05
4.6734693877551021707e-05
4.4897959183673474305e-05
4.3061224489795920127e-05
4.1224489795918372724e-05
3.9387755102040818546e-05
3.7551020408163271144e-05
3.5714285714285716965e-05
3.3877551020408169563e-05
3.2040816326530615385e-05
3.0204081632653061206e-05
2.8367346938775513804e-05
2.6530612244897959625e-05
2.4693877551020412223e-05
2.2857142857142858045e-05
2.1020408163265310642e-05
1.9183673469387756464e-05
1.7346938775510205674e-05
1.5510204081632654883e-05
1.3673469387755104093e-05
1.1836734693877551608e-05
1.0000000000000000818e-05
