/*--------------------------------*- C++ -*----------------------------------*\
| =========                 |                                                 |
| \\      /  F ield         | OpenFOAM: The Open Source CFD Toolbox           |
|  \\    /   O peration     | Version:  2412                                  |
|   \\  /    A nd           | Website:  www.openfoam.com                      |
|    \\/     M anipulation  |                                                 |
\*---------------------------------------------------------------------------*/
FoamFile
{
    version     2.0;
    format      ascii;
    arch        "LSB;label=32;scalar=64";
    class       faceList;
    location    "constant/polyMesh";
    object      faces;
}
// * * * * * * * * * * * * * * * * * * * * * * * * * * * * * * * * * * * * * //


3548
(
3(390 474 430)
4(68 3 430 474)
4(48 68 474 390)
4(48 390 430 3)
3(391 475 431)
4(474 430 431 475)
4(390 474 475 391)
4(390 391 431 430)
4(475 431 155 156)
4(391 475 156 154)
4(391 154 155 431)
3(154 156 155)
3(392 308 390)
4(49 113 308 392)
4(113 48 390 308)
4(49 392 390 48)
3(393 309 391)
4(392 308 309 393)
4(308 390 391 309)
4(392 393 391 390)
4(393 309 158 157)
4(309 391 154 158)
4(393 157 154 391)
3(157 158 154)
3(394 310 392)
4(114 49 392 310)
4(50 114 310 394)
4(50 394 392 49)
3(395 311 393)
4(310 392 393 311)
4(394 310 311 395)
4(394 395 393 392)
4(311 393 157 160)
4(395 311 160 159)
4(395 159 157 393)
3(159 160 157)
3(392 310 308)
4(114 113 308 310)
3(393 311 309)
4(310 308 309 311)
4(311 309 158 160)
3(157 160 158)
3(396 312 394)
4(115 50 394 312)
4(51 115 312 396)
4(51 396 394 50)
3(397 313 395)
4(312 394 395 313)
4(396 312 313 397)
4(396 397 395 394)
4(313 395 159 162)
4(397 313 162 161)
4(397 161 159 395)
3(161 162 159)
3(394 312 310)
4(115 114 310 312)
3(395 313 311)
4(312 310 311 313)
4(313 311 160 162)
3(159 162 160)
3(398 314 396)
4(116 51 396 314)
4(52 116 314 398)
4(52 398 396 51)
3(399 315 397)
4(314 396 397 315)
4(398 314 315 399)
4(398 399 397 396)
4(315 397 161 164)
4(399 315 164 163)
4(399 163 161 397)
3(163 164 161)
3(396 314 312)
4(116 115 312 314)
3(397 315 313)
4(314 312 313 315)
4(315 313 162 164)
3(161 164 162)
3(400 316 398)
4(117 52 398 316)
4(53 117 316 400)
4(53 400 398 52)
3(401 317 399)
4(316 398 399 317)
4(400 316 317 401)
4(400 401 399 398)
4(317 399 163 166)
4(401 317 166 165)
4(401 165 163 399)
3(165 166 163)
3(398 316 314)
4(117 116 314 316)
3(399 317 315)
4(316 314 315 317)
4(317 315 164 166)
3(163 166 164)
3(402 318 400)
4(118 53 400 318)
4(54 118 318 402)
4(54 402 400 53)
3(403 319 401)
4(318 400 401 319)
4(402 318 319 403)
4(402 403 401 400)
4(319 401 165 168)
4(403 319 168 167)
4(403 167 165 401)
3(167 168 165)
3(400 318 316)
4(118 117 316 318)
3(401 319 317)
4(318 316 317 319)
4(319 317 166 168)
3(165 168 166)
3(404 320 402)
4(119 54 402 320)
4(55 119 320 404)
4(55 404 402 54)
3(405 321 403)
4(320 402 403 321)
4(404 320 321 405)
4(404 405 403 402)
4(321 403 167 170)
4(405 321 170 169)
4(405 169 167 403)
3(169 170 167)
3(402 320 318)
4(119 118 318 320)
3(403 321 319)
4(320 318 319 321)
4(321 319 168 170)
3(167 170 168)
3(406 322 404)
4(120 55 404 322)
4(56 120 322 406)
4(56 406 404 55)
3(407 323 405)
4(322 404 405 323)
4(406 322 323 407)
4(406 407 405 404)
4(323 405 169 172)
4(407 323 172 171)
4(407 171 169 405)
3(171 172 169)
3(404 322 320)
4(120 119 320 322)
3(405 323 321)
4(322 320 321 323)
4(323 321 170 172)
3(169 172 170)
3(408 324 406)
4(121 56 406 324)
4(57 121 324 408)
4(57 408 406 56)
3(409 325 407)
4(324 406 407 325)
4(408 324 325 409)
4(408 409 407 406)
4(325 407 171 174)
4(409 325 174 173)
4(409 173 171 407)
3(173 174 171)
3(406 324 322)
4(121 120 322 324)
3(407 325 323)
4(324 322 323 325)
4(325 323 172 174)
3(171 174 172)
3(410 326 408)
4(122 57 408 326)
4(58 122 326 410)
4(58 410 408 57)
3(411 327 409)
4(326 408 409 327)
4(410 326 327 411)
4(410 411 409 408)
4(327 409 173 176)
4(411 327 176 175)
4(411 175 173 409)
3(175 176 173)
3(408 326 324)
4(122 121 324 326)
3(409 327 325)
4(326 324 325 327)
4(327 325 174 176)
3(173 176 174)
3(412 328 410)
4(123 58 410 328)
4(59 123 328 412)
4(59 412 410 58)
3(413 329 411)
4(328 410 411 329)
4(412 328 329 413)
4(412 413 411 410)
4(329 411 175 178)
4(413 329 178 177)
4(413 177 175 411)
3(177 178 175)
3(410 328 326)
4(123 122 326 328)
3(411 329 327)
4(328 326 327 329)
4(329 327 176 178)
3(175 178 176)
3(414 330 412)
4(124 59 412 330)
4(60 124 330 414)
4(60 414 412 59)
3(415 331 413)
4(330 412 413 331)
4(414 330 331 415)
4(414 415 413 412)
4(331 413 177 180)
4(415 331 180 179)
4(415 179 177 413)
3(179 180 177)
3(412 330 328)
4(124 123 328 330)
3(413 331 329)
4(330 328 329 331)
4(331 329 178 180)
3(177 180 178)
3(416 332 414)
4(125 60 414 332)
4(61 125 332 416)
4(61 416 414 60)
3(417 333 415)
4(332 414 415 333)
4(416 332 333 417)
4(416 417 415 414)
4(333 415 179 182)
4(417 333 182 181)
4(417 181 179 415)
3(181 182 179)
3(414 332 330)
4(125 124 330 332)
3(415 333 331)
4(332 330 331 333)
4(333 331 180 182)
3(179 182 180)
3(418 334 416)
4(126 61 416 334)
4(62 126 334 418)
4(62 418 416 61)
3(419 335 417)
4(334 416 417 335)
4(418 334 335 419)
4(418 419 417 416)
4(335 417 181 184)
4(419 335 184 183)
4(419 183 181 417)
3(183 184 181)
3(416 334 332)
4(126 125 332 334)
3(417 335 333)
4(334 332 333 335)
4(335 333 182 184)
3(181 184 182)
3(420 336 418)
4(127 62 418 336)
4(63 127 336 420)
4(63 420 418 62)
3(421 337 419)
4(336 418 419 337)
4(420 336 337 421)
4(420 421 419 418)
4(337 419 183 186)
4(421 337 186 185)
4(421 185 183 419)
3(185 186 183)
3(418 336 334)
4(127 126 334 336)
3(419 337 335)
4(336 334 335 337)
4(337 335 184 186)
3(183 186 184)
3(422 338 420)
4(128 63 420 338)
4(64 128 338 422)
4(64 422 420 63)
3(423 339 421)
4(338 420 421 339)
4(422 338 339 423)
4(422 423 421 420)
4(339 421 185 188)
4(423 339 188 187)
4(423 187 185 421)
3(187 188 185)
3(420 338 336)
4(128 127 336 338)
3(421 339 337)
4(338 336 337 339)
4(339 337 186 188)
3(185 188 186)
3(424 340 422)
4(129 64 422 340)
4(65 129 340 424)
4(65 424 422 64)
3(425 341 423)
4(340 422 423 341)
4(424 340 341 425)
4(424 425 423 422)
4(341 423 187 190)
4(425 341 190 189)
4(425 189 187 423)
3(189 190 187)
3(422 340 338)
4(129 128 338 340)
3(423 341 339)
4(340 338 339 341)
4(341 339 188 190)
3(187 190 188)
3(426 342 424)
4(130 65 424 342)
4(66 130 342 426)
4(66 426 424 65)
3(427 343 425)
4(342 424 425 343)
4(426 342 343 427)
4(426 427 425 424)
4(343 425 189 192)
4(427 343 192 191)
4(427 191 189 425)
3(191 192 189)
3(424 342 340)
4(130 129 340 342)
3(425 343 341)
4(342 340 341 343)
4(343 341 190 192)
3(189 192 190)
3(428 344 426)
4(131 66 426 344)
4(67 131 344 428)
4(67 428 426 66)
3(429 345 427)
4(344 426 427 345)
4(428 344 345 429)
4(428 429 427 426)
4(345 427 191 194)
4(429 345 194 193)
4(429 193 191 427)
3(193 194 191)
3(426 344 342)
4(131 130 342 344)
3(427 345 343)
4(344 342 343 345)
4(345 343 192 194)
3(191 194 192)
3(430 346 428)
4(3 132 346 430)
4(132 67 428 346)
4(3 430 428 67)
3(431 347 429)
4(430 346 347 431)
4(346 428 429 347)
4(430 431 429 428)
4(431 347 195 155)
4(347 429 193 195)
4(431 155 193 429)
3(155 195 193)
3(474 346 430)
4(68 132 346 474)
3(475 347 431)
4(474 346 347 475)
4(475 347 195 156)
3(156 195 155)
3(428 346 344)
4(132 131 344 346)
3(429 347 345)
4(346 344 345 347)
4(347 345 194 195)
3(193 195 194)
3(472 476 432)
4(2 69 476 472)
4(69 4 432 476)
4(2 472 432 4)
3(473 477 433)
4(472 476 477 473)
4(476 432 433 477)
4(472 473 433 432)
4(473 477 198 196)
4(477 433 197 198)
4(473 196 197 433)
3(196 198 197)
3(432 348 434)
4(4 133 348 432)
4(133 5 434 348)
4(4 432 434 5)
3(433 349 435)
4(432 348 349 433)
4(348 434 435 349)
4(432 433 435 434)
4(433 349 200 197)
4(349 435 199 200)
4(433 197 199 435)
3(197 200 199)
3(436 350 438)
4(6 134 350 436)
4(134 7 438 350)
4(6 436 438 7)
3(437 351 439)
4(436 350 351 437)
4(350 438 439 351)
4(436 437 439 438)
4(437 351 203 201)
4(351 439 202 203)
4(437 201 202 439)
3(201 203 202)
3(440 352 442)
4(135 9 442 352)
4(8 135 352 440)
4(8 440 442 9)
3(441 353 443)
4(352 442 443 353)
4(440 352 353 441)
4(440 441 443 442)
4(353 443 205 206)
4(441 353 206 204)
4(441 204 205 443)
3(204 206 205)
3(444 354 446)
4(10 136 354 444)
4(136 11 446 354)
4(10 444 446 11)
3(445 355 447)
4(444 354 355 445)
4(354 446 447 355)
4(444 445 447 446)
4(445 355 209 207)
4(355 447 208 209)
4(445 207 208 447)
3(207 209 208)
3(448 356 450)
4(137 13 450 356)
4(12 137 356 448)
4(12 448 450 13)
3(449 357 451)
4(356 450 451 357)
4(448 356 357 449)
4(448 449 451 450)
4(357 451 211 212)
4(449 357 212 210)
4(449 210 211 451)
3(210 212 211)
3(452 358 454)
4(138 15 454 358)
4(14 138 358 452)
4(14 452 454 15)
3(453 359 455)
4(358 454 455 359)
4(452 358 359 453)
4(452 453 455 454)
4(359 455 214 215)
4(453 359 215 213)
4(453 213 214 455)
3(213 215 214)
3(456 360 458)
4(139 17 458 360)
4(16 139 360 456)
4(16 456 458 17)
3(457 361 459)
4(360 458 459 361)
4(456 360 361 457)
4(456 457 459 458)
4(361 459 217 218)
4(457 361 218 216)
4(457 216 217 459)
3(216 218 217)
3(460 362 462)
4(18 140 362 460)
4(140 19 462 362)
4(18 460 462 19)
3(461 363 463)
4(460 362 363 461)
4(362 462 463 363)
4(460 461 463 462)
4(461 363 221 219)
4(363 463 220 221)
4(461 219 220 463)
3(219 221 220)
3(464 364 466)
4(141 21 466 364)
4(20 141 364 464)
4(20 464 466 21)
3(465 365 467)
4(364 466 467 365)
4(464 364 365 465)
4(464 465 467 466)
4(365 467 223 224)
4(465 365 224 222)
4(465 222 223 467)
3(222 224 223)
3(468 366 470)
4(142 23 470 366)
4(22 142 366 468)
4(22 468 470 23)
3(469 367 471)
4(366 470 471 367)
4(468 366 367 469)
4(468 469 471 470)
4(367 471 226 227)
4(469 367 227 225)
4(469 225 226 471)
3(225 227 226)
3(470 368 472)
4(23 143 368 470)
4(143 2 472 368)
4(23 470 472 2)
3(471 369 473)
4(470 368 369 471)
4(368 472 473 369)
4(470 471 473 472)
4(471 369 228 226)
4(369 473 196 228)
4(471 226 196 473)
3(226 228 196)
3(366 368 470)
4(142 143 368 366)
3(367 369 471)
4(366 368 369 367)
4(367 369 228 227)
3(227 228 226)
3(472 368 476)
4(143 69 476 368)
3(473 369 477)
4(368 476 477 369)
4(369 477 198 228)
3(196 228 198)
3(476 348 432)
4(69 133 348 476)
3(477 349 433)
4(476 348 349 477)
4(477 349 200 198)
3(198 200 197)
3(476 370 474)
4(69 144 370 476)
4(144 68 474 370)
4(69 476 474 68)
3(477 371 475)
4(476 370 371 477)
4(370 474 475 371)
4(476 477 475 474)
4(477 371 229 198)
4(371 475 156 229)
4(477 198 156 475)
3(198 229 156)
3(368 370 476)
4(143 144 370 368)
3(369 371 477)
4(368 370 371 369)
4(369 371 229 228)
3(228 229 198)
3(474 370 346)
4(144 132 346 370)
3(475 371 347)
4(370 346 347 371)
4(371 347 195 229)
3(156 229 195)
3(390 308 474)
4(113 68 474 308)
3(391 309 475)
4(308 474 475 309)
4(309 475 156 158)
3(154 158 156)
3(308 348 474)
4(113 133 348 308)
4(133 68 474 348)
3(309 349 475)
4(308 348 349 309)
4(348 474 475 349)
4(309 349 200 158)
4(349 475 156 200)
3(158 200 156)
3(352 372 442)
4(145 9 442 372)
4(135 145 372 352)
3(353 373 443)
4(372 442 443 373)
4(352 372 373 353)
4(373 443 205 230)
4(353 373 230 206)
3(206 230 205)
3(442 372 444)
4(145 10 444 372)
4(9 442 444 10)
3(443 373 445)
4(372 444 445 373)
4(442 443 445 444)
4(373 445 207 230)
4(443 205 207 445)
3(205 230 207)
3(348 374 434)
4(133 146 374 348)
4(146 5 434 374)
3(349 375 435)
4(348 374 375 349)
4(374 434 435 375)
4(349 375 231 200)
4(375 435 199 231)
3(200 231 199)
3(308 374 348)
4(113 146 374 308)
3(309 375 349)
4(308 374 375 309)
4(309 375 231 158)
3(158 231 200)
3(434 374 436)
4(146 6 436 374)
4(5 434 436 6)
3(435 375 437)
4(374 436 437 375)
4(434 435 437 436)
4(375 437 201 231)
4(435 199 201 437)
3(199 231 201)
3(436 374 350)
4(146 134 350 374)
3(437 375 351)
4(374 350 351 375)
4(375 351 203 231)
3(201 231 203)
3(438 376 440)
4(7 147 376 438)
4(147 8 440 376)
4(7 438 440 8)
3(439 377 441)
4(438 376 377 439)
4(376 440 441 377)
4(438 439 441 440)
4(439 377 232 202)
4(377 441 204 232)
4(439 202 204 441)
3(202 232 204)
3(444 372 354)
4(145 136 354 372)
3(445 373 355)
4(372 354 355 373)
4(373 355 209 230)
3(207 230 209)
3(446 378 448)
4(11 148 378 446)
4(148 12 448 378)
4(11 446 448 12)
3(447 379 449)
4(446 378 379 447)
4(378 448 449 379)
4(446 447 449 448)
4(447 379 233 208)
4(379 449 210 233)
4(447 208 210 449)
3(208 233 210)
3(450 380 452)
4(13 149 380 450)
4(149 14 452 380)
4(13 450 452 14)
3(451 381 453)
4(450 380 381 451)
4(380 452 453 381)
4(450 451 453 452)
4(451 381 234 211)
4(381 453 213 234)
4(451 211 213 453)
3(211 234 213)
3(454 382 456)
4(15 150 382 454)
4(150 16 456 382)
4(15 454 456 16)
3(455 383 457)
4(454 382 383 455)
4(382 456 457 383)
4(454 455 457 456)
4(455 383 235 214)
4(383 457 216 235)
4(455 214 216 457)
3(214 235 216)
3(458 384 460)
4(151 18 460 384)
4(17 151 384 458)
4(17 458 460 18)
3(459 385 461)
4(384 460 461 385)
4(458 384 385 459)
4(458 459 461 460)
4(385 461 219 236)
4(459 385 236 217)
4(459 217 219 461)
3(217 236 219)
3(462 386 464)
4(19 152 386 462)
4(152 20 464 386)
4(19 462 464 20)
3(463 387 465)
4(462 386 387 463)
4(386 464 465 387)
4(462 463 465 464)
4(463 387 237 220)
4(387 465 222 237)
4(463 220 222 465)
3(220 237 222)
3(466 388 468)
4(153 22 468 388)
4(21 153 388 466)
4(21 466 468 22)
3(467 389 469)
4(388 468 469 389)
4(466 388 389 467)
4(466 467 469 468)
4(389 469 225 238)
4(467 389 238 223)
4(467 223 225 469)
3(223 238 225)
3(388 366 468)
4(153 142 366 388)
3(389 367 469)
4(388 366 367 389)
4(389 367 227 238)
3(238 227 225)
3(474 348 476)
3(475 349 477)
3(156 200 198)
3(350 376 438)
4(134 147 376 350)
3(351 377 439)
4(350 376 377 351)
4(351 377 232 203)
3(203 232 202)
3(384 362 460)
4(151 140 362 384)
3(385 363 461)
4(384 362 363 385)
4(385 363 221 236)
3(236 221 219)
3(354 378 446)
4(136 148 378 354)
3(355 379 447)
4(354 378 379 355)
4(355 379 233 209)
3(209 233 208)
3(356 380 450)
4(137 149 380 356)
3(357 381 451)
4(356 380 381 357)
4(357 381 234 212)
3(212 234 211)
3(358 382 454)
4(138 150 382 358)
3(359 383 455)
4(358 382 383 359)
4(359 383 235 215)
3(215 235 214)
3(360 384 458)
4(139 151 384 360)
3(361 385 459)
4(360 384 385 361)
4(361 385 236 218)
3(218 236 217)
3(362 386 462)
4(140 152 386 362)
3(363 387 463)
4(362 386 387 363)
4(363 387 237 221)
3(221 237 220)
3(364 388 466)
4(141 153 388 364)
3(365 389 467)
4(364 388 389 365)
4(365 389 238 224)
3(224 238 223)
3(386 364 464)
4(152 141 364 386)
3(387 365 465)
4(386 364 365 387)
4(387 365 224 237)
3(237 224 222)
3(380 358 452)
4(149 138 358 380)
3(381 359 453)
4(380 358 359 381)
4(381 359 215 234)
3(234 215 213)
3(382 360 456)
4(150 139 360 382)
3(383 361 457)
4(382 360 361 383)
4(383 361 218 235)
3(235 218 216)
3(376 352 440)
4(147 135 352 376)
3(377 353 441)
4(376 352 353 377)
4(377 353 206 232)
3(232 206 204)
3(378 356 448)
4(148 137 356 378)
3(379 357 449)
4(378 356 357 379)
4(379 357 212 233)
3(233 212 210)
3(352 318 372)
4(135 118 318 352)
4(118 145 372 318)
3(353 319 373)
4(352 318 319 353)
4(318 372 373 319)
4(353 319 168 206)
4(319 373 230 168)
3(206 168 230)
3(312 350 310)
4(115 134 350 312)
4(134 114 310 350)
3(313 351 311)
4(312 350 351 313)
4(350 310 311 351)
4(313 351 203 162)
4(351 311 160 203)
3(162 203 160)
3(314 350 312)
4(116 134 350 314)
3(315 351 313)
4(314 350 351 315)
4(315 351 203 164)
3(164 203 162)
3(316 376 314)
4(117 147 376 316)
4(147 116 314 376)
3(317 377 315)
4(316 376 377 317)
4(376 314 315 377)
4(317 377 232 166)
4(377 315 164 232)
3(166 232 164)
3(318 352 316)
4(135 117 316 352)
3(319 353 317)
4(352 316 317 353)
4(353 317 166 206)
3(168 206 166)
3(320 372 318)
4(119 145 372 320)
3(321 373 319)
4(320 372 373 321)
4(321 373 230 170)
3(170 230 168)
3(322 354 320)
4(136 119 320 354)
4(120 136 354 322)
3(323 355 321)
4(354 320 321 355)
4(322 354 355 323)
4(355 321 170 209)
4(323 355 209 172)
3(172 209 170)
3(322 324 378)
4(121 148 378 324)
4(120 322 378 148)
3(323 325 379)
4(324 378 379 325)
4(322 323 379 378)
4(325 379 233 174)
4(323 172 233 379)
3(172 174 233)
3(326 356 324)
4(122 137 356 326)
4(137 121 324 356)
3(327 357 325)
4(326 356 357 327)
4(356 324 325 357)
4(327 357 212 176)
4(357 325 174 212)
3(176 212 174)
3(328 380 326)
4(123 149 380 328)
4(149 122 326 380)
3(329 381 327)
4(328 380 381 329)
4(380 326 327 381)
4(329 381 234 178)
4(381 327 176 234)
3(178 234 176)
3(330 358 328)
4(138 123 328 358)
4(124 138 358 330)
3(331 359 329)
4(358 328 329 359)
4(330 358 359 331)
4(359 329 178 215)
4(331 359 215 180)
3(180 215 178)
3(330 332 382)
4(125 150 382 332)
4(124 330 382 150)
3(331 333 383)
4(332 382 383 333)
4(330 331 383 382)
4(333 383 235 182)
4(331 180 235 383)
3(180 182 235)
3(334 360 332)
4(126 139 360 334)
4(139 125 332 360)
3(335 361 333)
4(334 360 361 335)
4(360 332 333 361)
4(335 361 218 184)
4(361 333 182 218)
3(184 218 182)
3(336 384 334)
4(151 126 334 384)
4(127 151 384 336)
3(337 385 335)
4(384 334 335 385)
4(336 384 385 337)
4(385 335 184 236)
4(337 385 236 186)
3(186 236 184)
3(336 338 362)
4(127 336 362 140)
4(128 140 362 338)
3(337 339 363)
4(336 337 363 362)
4(338 362 363 339)
4(337 186 221 363)
4(339 363 221 188)
3(186 188 221)
3(340 386 338)
4(129 152 386 340)
4(152 128 338 386)
3(341 387 339)
4(340 386 387 341)
4(386 338 339 387)
4(341 387 237 190)
4(387 339 188 237)
3(190 237 188)
3(342 364 340)
4(130 141 364 342)
4(141 129 340 364)
3(343 365 341)
4(342 364 365 343)
4(364 340 341 365)
4(343 365 224 192)
4(365 341 190 224)
3(192 224 190)
3(344 388 342)
4(153 130 342 388)
4(131 153 388 344)
3(345 389 343)
4(388 342 343 389)
4(344 388 389 345)
4(389 343 192 238)
4(345 389 238 194)
3(194 238 192)
3(346 370 344)
4(144 131 344 370)
3(347 371 345)
4(370 344 345 371)
4(371 345 194 229)
3(195 229 194)
3(358 380 328)
3(359 381 329)
3(215 234 178)
3(350 374 310)
4(146 114 310 374)
3(351 375 311)
4(374 310 311 375)
4(375 311 160 231)
3(203 231 160)
3(372 320 354)
3(373 321 355)
3(230 170 209)
3(308 310 374)
3(309 311 375)
3(158 160 231)
3(360 334 384)
3(361 335 385)
3(218 184 236)
3(376 316 352)
3(377 317 353)
3(232 166 206)
3(364 342 388)
3(365 343 389)
3(224 192 238)
3(386 340 364)
3(387 341 365)
3(237 190 224)
3(366 370 368)
4(142 144 370 366)
3(367 371 369)
4(366 370 371 367)
4(367 371 229 227)
3(227 229 228)
3(350 314 376)
3(351 315 377)
3(203 164 232)
3(356 326 380)
3(357 327 381)
3(212 176 234)
3(360 382 332)
3(361 383 333)
3(218 235 182)
3(356 378 324)
3(357 379 325)
3(212 233 174)
3(382 358 330)
3(383 359 331)
3(235 215 180)
3(378 354 322)
3(379 355 323)
3(233 209 172)
3(336 362 384)
3(337 363 385)
3(186 221 236)
3(366 344 370)
4(142 131 344 366)
3(367 345 371)
4(366 344 345 367)
4(367 345 194 227)
3(227 194 229)
3(344 366 388)
3(345 367 389)
3(194 227 238)
3(386 362 338)
3(387 363 339)
3(237 221 188)
3(502 478 524)
4(101 1 524 478)
4(35 101 478 502)
4(35 502 524 1)
3(503 479 525)
4(478 524 525 479)
4(502 478 479 503)
4(502 503 525 524)
4(479 525 240 241)
4(503 479 241 239)
4(503 239 240 525)
3(239 241 240)
3(504 480 502)
4(36 102 480 504)
4(102 35 502 480)
4(36 504 502 35)
3(505 481 503)
4(504 480 481 505)
4(480 502 503 481)
4(504 505 503 502)
4(505 481 243 242)
4(481 503 239 243)
4(505 242 239 503)
3(242 243 239)
3(506 482 504)
4(103 36 504 482)
4(37 103 482 506)
4(37 506 504 36)
3(507 483 505)
4(482 504 505 483)
4(506 482 483 507)
4(506 507 505 504)
4(483 505 242 245)
4(507 483 245 244)
4(507 244 242 505)
3(244 245 242)
3(508 484 506)
4(104 37 506 484)
4(38 104 484 508)
4(38 508 506 37)
3(509 485 507)
4(484 506 507 485)
4(508 484 485 509)
4(508 509 507 506)
4(485 507 244 247)
4(509 485 247 246)
4(509 246 244 507)
3(246 247 244)
3(510 486 508)
4(39 105 486 510)
4(105 38 508 486)
4(39 510 508 38)
3(511 487 509)
4(510 486 487 511)
4(486 508 509 487)
4(510 511 509 508)
4(511 487 249 248)
4(487 509 246 249)
4(511 248 246 509)
3(248 249 246)
3(512 488 510)
4(106 39 510 488)
4(40 106 488 512)
4(40 512 510 39)
3(513 489 511)
4(488 510 511 489)
4(512 488 489 513)
4(512 513 511 510)
4(489 511 248 251)
4(513 489 251 250)
4(513 250 248 511)
3(250 251 248)
3(514 490 512)
4(107 40 512 490)
4(41 107 490 514)
4(41 514 512 40)
3(515 491 513)
4(490 512 513 491)
4(514 490 491 515)
4(514 515 513 512)
4(491 513 250 253)
4(515 491 253 252)
4(515 252 250 513)
3(252 253 250)
3(516 492 514)
4(108 41 514 492)
4(42 108 492 516)
4(42 516 514 41)
3(517 493 515)
4(492 514 515 493)
4(516 492 493 517)
4(516 517 515 514)
4(493 515 252 255)
4(517 493 255 254)
4(517 254 252 515)
3(254 255 252)
3(518 494 516)
4(43 109 494 518)
4(109 42 516 494)
4(43 518 516 42)
3(519 495 517)
4(518 494 495 519)
4(494 516 517 495)
4(518 519 517 516)
4(519 495 257 256)
4(495 517 254 257)
4(519 256 254 517)
3(256 257 254)
3(520 496 518)
4(110 43 518 496)
4(44 110 496 520)
4(44 520 518 43)
3(521 497 519)
4(496 518 519 497)
4(520 496 497 521)
4(520 521 519 518)
4(497 519 256 259)
4(521 497 259 258)
4(521 258 256 519)
3(258 259 256)
3(522 498 520)
4(111 44 520 498)
4(45 111 498 522)
4(45 522 520 44)
3(523 499 521)
4(498 520 521 499)
4(522 498 499 523)
4(522 523 521 520)
4(499 521 258 261)
4(523 499 261 260)
4(523 260 258 521)
3(260 261 258)
3(524 500 522)
4(1 112 500 524)
4(112 45 522 500)
4(1 524 522 45)
3(525 501 523)
4(524 500 501 525)
4(500 522 523 501)
4(524 525 523 522)
4(525 501 262 240)
4(501 523 260 262)
4(525 240 260 523)
3(240 262 260)
3(430 478 390)
4(101 48 390 478)
4(3 101 478 430)
3(431 479 391)
4(478 390 391 479)
4(430 478 479 431)
4(479 391 154 241)
4(431 479 241 155)
3(155 241 154)
3(390 478 392)
4(101 49 392 478)
3(391 479 393)
4(478 392 393 479)
4(479 393 157 241)
3(154 241 157)
3(392 480 394)
4(49 102 480 392)
4(102 50 394 480)
3(393 481 395)
4(392 480 481 393)
4(480 394 395 481)
4(393 481 243 157)
4(481 395 159 243)
3(157 243 159)
3(394 482 396)
4(103 51 396 482)
4(50 103 482 394)
3(395 483 397)
4(482 396 397 483)
4(394 482 483 395)
4(483 397 161 245)
4(395 483 245 159)
3(159 245 161)
3(396 482 398)
4(103 52 398 482)
3(397 483 399)
4(482 398 399 483)
4(483 399 163 245)
3(161 245 163)
3(398 484 400)
4(104 53 400 484)
4(52 104 484 398)
3(399 485 401)
4(484 400 401 485)
4(398 484 485 399)
4(485 401 165 247)
4(399 485 247 163)
3(163 247 165)
3(400 484 402)
4(104 54 402 484)
3(401 485 403)
4(484 402 403 485)
4(485 403 167 247)
3(165 247 167)
3(402 486 404)
4(105 55 404 486)
4(54 105 486 402)
3(403 487 405)
4(486 404 405 487)
4(402 486 487 403)
4(487 405 169 249)
4(403 487 249 167)
3(167 249 169)
3(404 486 406)
4(105 56 406 486)
3(405 487 407)
4(486 406 407 487)
4(487 407 171 249)
3(169 249 171)
3(406 488 408)
4(56 106 488 406)
4(106 57 408 488)
3(407 489 409)
4(406 488 489 407)
4(488 408 409 489)
4(407 489 251 171)
4(489 409 173 251)
3(171 251 173)
3(408 490 410)
4(107 58 410 490)
4(57 107 490 408)
3(409 491 411)
4(490 410 411 491)
4(408 490 491 409)
4(491 411 175 253)
4(409 491 253 173)
3(173 253 175)
3(410 490 412)
4(107 59 412 490)
3(411 491 413)
4(490 412 413 491)
4(491 413 177 253)
3(175 253 177)
3(412 492 414)
4(108 60 414 492)
4(59 108 492 412)
3(413 493 415)
4(492 414 415 493)
4(412 492 493 413)
4(493 415 179 255)
4(413 493 255 177)
3(177 255 179)
3(414 492 416)
4(108 61 416 492)
3(415 493 417)
4(492 416 417 493)
4(493 417 181 255)
3(179 255 181)
3(416 494 418)
4(109 62 418 494)
4(61 109 494 416)
3(417 495 419)
4(494 418 419 495)
4(416 494 495 417)
4(495 419 183 257)
4(417 495 257 181)
3(181 257 183)
3(418 494 420)
4(109 63 420 494)
3(419 495 421)
4(494 420 421 495)
4(495 421 185 257)
3(183 257 185)
3(420 496 422)
4(63 110 496 420)
4(110 64 422 496)
3(421 497 423)
4(420 496 497 421)
4(496 422 423 497)
4(421 497 259 185)
4(497 423 187 259)
3(185 259 187)
3(422 498 424)
4(111 65 424 498)
4(64 111 498 422)
3(423 499 425)
4(498 424 425 499)
4(422 498 499 423)
4(499 425 189 261)
4(423 499 261 187)
3(187 261 189)
3(424 498 426)
4(111 66 426 498)
3(425 499 427)
4(498 426 427 499)
4(499 427 191 261)
3(189 261 191)
3(426 500 428)
4(112 67 428 500)
4(66 112 500 426)
3(427 501 429)
4(500 428 429 501)
4(426 500 501 427)
4(501 429 193 262)
4(427 501 262 191)
3(191 262 193)
3(428 500 430)
4(112 3 430 500)
3(429 501 431)
4(500 430 431 501)
4(501 431 155 262)
3(193 262 155)
3(504 482 480)
4(103 102 480 482)
3(505 483 481)
4(482 480 481 483)
4(483 481 243 245)
3(242 245 243)
3(506 484 482)
4(104 103 482 484)
3(507 485 483)
4(484 482 483 485)
4(485 483 245 247)
3(244 247 245)
3(484 508 402)
4(38 54 402 508)
3(485 509 403)
4(508 402 403 509)
4(509 403 167 246)
3(247 246 167)
3(510 488 486)
4(106 105 486 488)
3(511 489 487)
4(488 486 487 489)
4(489 487 249 251)
3(248 251 249)
3(512 490 488)
4(107 106 488 490)
3(513 491 489)
4(490 488 489 491)
4(491 489 251 253)
3(250 253 251)
3(514 492 490)
4(108 107 490 492)
3(515 493 491)
4(492 490 491 493)
4(493 491 253 255)
3(252 255 253)
3(492 516 416)
4(42 61 416 516)
3(493 517 417)
4(516 416 417 517)
4(517 417 181 254)
3(255 254 181)
3(518 496 494)
4(110 109 494 496)
3(519 497 495)
4(496 494 495 497)
4(497 495 257 259)
3(256 259 257)
3(520 498 496)
4(111 110 496 498)
3(521 499 497)
4(498 496 497 499)
4(499 497 259 261)
3(258 261 259)
3(498 522 426)
4(45 66 426 522)
3(499 523 427)
4(522 426 427 523)
4(523 427 191 260)
3(261 260 191)
3(524 478 500)
4(101 112 500 478)
3(525 479 501)
4(478 500 501 479)
4(479 501 262 241)
3(240 241 262)
3(430 500 478)
3(431 501 479)
3(155 262 241)
3(478 480 392)
4(101 102 480 478)
3(479 481 393)
4(478 480 481 479)
4(479 481 243 241)
3(241 243 157)
3(480 482 394)
3(481 483 395)
3(243 245 159)
3(482 484 398)
3(483 485 399)
3(245 247 163)
3(486 402 508)
3(487 403 509)
3(249 167 246)
3(406 486 488)
3(407 487 489)
3(171 249 251)
3(488 490 408)
3(489 491 409)
3(251 253 173)
3(490 492 412)
3(491 493 413)
3(253 255 177)
3(494 416 516)
3(495 417 517)
3(257 181 254)
3(420 494 496)
3(421 495 497)
3(185 257 259)
3(496 498 422)
3(497 499 423)
3(259 261 187)
3(500 426 522)
3(501 427 523)
3(262 191 260)
3(502 480 478)
3(503 481 479)
3(239 243 241)
3(586 610 608)
4(46 0 608 610)
4(24 46 610 586)
4(24 586 608 0)
3(587 611 609)
4(610 608 609 611)
4(586 610 611 587)
4(586 587 609 608)
4(611 609 264 265)
4(587 611 265 263)
4(587 263 264 609)
3(263 265 264)
3(588 526 586)
4(25 71 526 588)
4(71 24 586 526)
4(25 588 586 24)
3(589 527 587)
4(588 526 527 589)
4(526 586 587 527)
4(588 589 587 586)
4(589 527 267 266)
4(527 587 263 267)
4(589 266 263 587)
3(266 267 263)
3(590 528 588)
4(72 25 588 528)
4(26 72 528 590)
4(26 590 588 25)
3(591 529 589)
4(528 588 589 529)
4(590 528 529 591)
4(590 591 589 588)
4(529 589 266 269)
4(591 529 269 268)
4(591 268 266 589)
3(268 269 266)
3(588 528 526)
4(72 71 526 528)
3(589 529 527)
4(528 526 527 529)
4(529 527 267 269)
3(266 269 267)
3(592 530 590)
4(73 26 590 530)
4(27 73 530 592)
4(27 592 590 26)
3(593 531 591)
4(530 590 591 531)
4(592 530 531 593)
4(592 593 591 590)
4(531 591 268 271)
4(593 531 271 270)
4(593 270 268 591)
3(270 271 268)
3(590 530 528)
4(73 72 528 530)
3(591 531 529)
4(530 528 529 531)
4(531 529 269 271)
3(268 271 269)
3(594 532 592)
4(74 27 592 532)
4(28 74 532 594)
4(28 594 592 27)
3(595 533 593)
4(532 592 593 533)
4(594 532 533 595)
4(594 595 593 592)
4(533 593 270 273)
4(595 533 273 272)
4(595 272 270 593)
3(272 273 270)
3(592 532 530)
4(74 73 530 532)
3(593 533 531)
4(532 530 531 533)
4(533 531 271 273)
3(270 273 271)
3(596 534 594)
4(75 28 594 534)
4(29 75 534 596)
4(29 596 594 28)
3(597 535 595)
4(534 594 595 535)
4(596 534 535 597)
4(596 597 595 594)
4(535 595 272 275)
4(597 535 275 274)
4(597 274 272 595)
3(274 275 272)
3(594 534 532)
4(75 74 532 534)
3(595 535 533)
4(534 532 533 535)
4(535 533 273 275)
3(272 275 273)
3(598 536 596)
4(76 29 596 536)
4(30 76 536 598)
4(30 598 596 29)
3(599 537 597)
4(536 596 597 537)
4(598 536 537 599)
4(598 599 597 596)
4(537 597 274 277)
4(599 537 277 276)
4(599 276 274 597)
3(276 277 274)
3(596 536 534)
4(76 75 534 536)
3(597 537 535)
4(536 534 535 537)
4(537 535 275 277)
3(274 277 275)
3(600 538 598)
4(77 30 598 538)
4(31 77 538 600)
4(31 600 598 30)
3(601 539 599)
4(538 598 599 539)
4(600 538 539 601)
4(600 601 599 598)
4(539 599 276 279)
4(601 539 279 278)
4(601 278 276 599)
3(278 279 276)
3(598 538 536)
4(77 76 536 538)
3(599 539 537)
4(538 536 537 539)
4(539 537 277 279)
3(276 279 277)
3(602 540 600)
4(78 31 600 540)
4(32 78 540 602)
4(32 602 600 31)
3(603 541 601)
4(540 600 601 541)
4(602 540 541 603)
4(602 603 601 600)
4(541 601 278 281)
4(603 541 281 280)
4(603 280 278 601)
3(280 281 278)
3(600 540 538)
4(78 77 538 540)
3(601 541 539)
4(540 538 539 541)
4(541 539 279 281)
3(278 281 279)
3(604 542 602)
4(79 32 602 542)
4(33 79 542 604)
4(33 604 602 32)
3(605 543 603)
4(542 602 603 543)
4(604 542 543 605)
4(604 605 603 602)
4(543 603 280 283)
4(605 543 283 282)
4(605 282 280 603)
3(282 283 280)
3(602 542 540)
4(79 78 540 542)
3(603 543 541)
4(542 540 541 543)
4(543 541 281 283)
3(280 283 281)
3(606 544 604)
4(80 33 604 544)
4(34 80 544 606)
4(34 606 604 33)
3(607 545 605)
4(544 604 605 545)
4(606 544 545 607)
4(606 607 605 604)
4(545 605 282 285)
4(607 545 285 284)
4(607 284 282 605)
3(284 285 282)
3(604 544 542)
4(80 79 542 544)
3(605 545 543)
4(544 542 543 545)
4(545 543 283 285)
3(282 285 283)
3(608 546 606)
4(0 81 546 608)
4(81 34 606 546)
4(0 608 606 34)
3(609 547 607)
4(608 546 547 609)
4(546 606 607 547)
4(608 609 607 606)
4(609 547 286 264)
4(547 607 284 286)
4(609 264 284 607)
3(264 286 284)
3(610 546 608)
4(46 81 546 610)
3(611 547 609)
4(610 546 547 611)
4(611 547 286 265)
3(265 286 264)
3(606 546 544)
4(81 80 544 546)
3(607 547 545)
4(546 544 545 547)
4(547 545 285 286)
3(284 286 285)
3(524 612 502)
4(1 47 612 524)
4(47 35 502 612)
3(525 613 503)
4(524 612 613 525)
4(612 502 503 613)
4(525 613 287 240)
4(613 503 239 287)
3(240 287 239)
3(502 548 504)
4(35 82 548 502)
4(82 36 504 548)
3(503 549 505)
4(502 548 549 503)
4(548 504 505 549)
4(503 549 288 239)
4(549 505 242 288)
3(239 288 242)
3(506 550 508)
4(83 38 508 550)
4(37 83 550 506)
3(507 551 509)
4(550 508 509 551)
4(506 550 551 507)
4(551 509 246 289)
4(507 551 289 244)
3(244 289 246)
3(510 552 512)
4(39 84 552 510)
4(84 40 512 552)
3(511 553 513)
4(510 552 553 511)
4(552 512 513 553)
4(511 553 290 248)
4(553 513 250 290)
3(248 290 250)
3(514 554 516)
4(41 85 554 514)
4(85 42 516 554)
3(515 555 517)
4(514 554 555 515)
4(554 516 517 555)
4(515 555 291 252)
4(555 517 254 291)
3(252 291 254)
3(518 556 520)
4(43 86 556 518)
4(86 44 520 556)
3(519 557 521)
4(518 556 557 519)
4(556 520 521 557)
4(519 557 292 256)
4(557 521 258 292)
3(256 292 258)
3(522 612 524)
4(45 47 612 522)
3(523 613 525)
4(522 612 613 523)
4(523 613 287 260)
3(260 287 240)
3(610 558 612)
4(46 610 612 47)
4(87 47 612 558)
4(46 87 558 610)
3(611 559 613)
4(610 611 613 612)
4(558 612 613 559)
4(610 558 559 611)
4(611 265 287 613)
4(559 613 287 293)
4(611 559 293 265)
3(265 293 287)
3(612 560 610)
4(47 88 560 612)
4(88 46 610 560)
3(613 561 611)
4(612 560 561 613)
4(560 610 611 561)
4(613 561 294 287)
4(561 611 265 294)
3(287 294 265)
3(522 560 612)
4(45 88 560 522)
3(523 561 613)
4(522 560 561 523)
4(523 561 294 260)
3(260 294 287)
3(610 560 546)
4(88 81 546 560)
3(611 561 547)
4(560 546 547 561)
4(561 547 286 294)
3(265 294 286)
3(586 526 610)
4(71 46 610 526)
3(587 527 611)
4(526 610 611 527)
4(527 611 265 267)
3(263 267 265)
3(612 548 502)
4(47 82 548 612)
3(613 549 503)
4(612 548 549 613)
4(613 549 288 287)
3(287 288 239)
3(612 558 548)
4(87 82 548 558)
3(613 559 549)
4(558 548 549 559)
4(559 549 288 293)
3(287 293 288)
3(504 562 506)
4(36 89 562 504)
4(89 37 506 562)
3(505 563 507)
4(504 562 563 505)
4(562 506 507 563)
4(505 563 295 242)
4(563 507 244 295)
3(242 295 244)
3(508 564 510)
4(38 90 564 508)
4(90 39 510 564)
3(509 565 511)
4(508 564 565 509)
4(564 510 511 565)
4(509 565 296 246)
4(565 511 248 296)
3(246 296 248)
3(512 566 514)
4(91 41 514 566)
4(40 91 566 512)
3(513 567 515)
4(566 514 515 567)
4(512 566 567 513)
4(567 515 252 297)
4(513 567 297 250)
3(250 297 252)
3(516 568 518)
4(92 43 518 568)
4(42 92 568 516)
3(517 569 519)
4(568 518 519 569)
4(516 568 569 517)
4(569 519 256 298)
4(517 569 298 254)
3(254 298 256)
3(568 556 518)
4(92 86 556 568)
3(569 557 519)
4(568 556 557 569)
4(569 557 292 298)
3(298 292 256)
3(520 570 522)
4(93 45 522 570)
4(44 93 570 520)
3(521 571 523)
4(570 522 523 571)
4(520 570 571 521)
4(571 523 260 299)
4(521 571 299 258)
3(258 299 260)
3(504 548 562)
4(82 89 562 548)
3(505 549 563)
4(548 562 563 549)
4(549 563 295 288)
3(242 288 295)
3(526 558 610)
4(71 87 558 526)
3(527 559 611)
4(526 558 559 527)
4(527 559 293 267)
3(267 293 265)
3(522 570 560)
4(93 88 560 570)
3(523 571 561)
4(570 560 561 571)
4(571 561 294 299)
3(260 299 294)
3(550 564 508)
4(83 90 564 550)
3(551 565 509)
4(550 564 565 551)
4(551 565 296 289)
3(289 296 246)
3(566 554 514)
4(91 85 554 566)
3(567 555 515)
4(566 554 555 567)
4(567 555 291 297)
3(297 291 252)
3(554 568 516)
4(85 92 568 554)
3(555 569 517)
4(554 568 569 555)
4(555 569 298 291)
3(291 298 254)
3(556 570 520)
4(86 93 570 556)
3(557 571 521)
4(556 570 571 557)
4(557 571 299 292)
3(292 299 258)
3(562 550 506)
4(89 83 550 562)
3(563 551 507)
4(562 550 551 563)
4(563 551 289 295)
3(295 289 244)
3(564 552 510)
4(90 84 552 564)
3(565 553 511)
4(564 552 553 565)
4(565 553 290 296)
3(296 290 248)
3(512 552 566)
4(84 91 566 552)
3(513 553 567)
4(552 566 567 553)
4(553 567 297 290)
3(250 290 297)
3(530 572 528)
4(73 94 572 530)
4(94 72 528 572)
3(531 573 529)
4(530 572 573 531)
4(572 528 529 573)
4(531 573 300 271)
4(573 529 269 300)
3(271 300 269)
3(534 574 532)
4(95 74 532 574)
4(75 95 574 534)
3(535 575 533)
4(574 532 533 575)
4(534 574 575 535)
4(575 533 273 301)
4(535 575 301 275)
3(275 301 273)
3(536 566 534)
4(91 75 534 566)
4(76 91 566 536)
3(537 567 535)
4(566 534 535 567)
4(536 566 567 537)
4(567 535 275 297)
4(537 567 297 277)
3(277 297 275)
3(540 576 538)
4(78 96 576 540)
4(96 77 538 576)
3(541 577 539)
4(540 576 577 541)
4(576 538 539 577)
4(541 577 302 281)
4(577 539 279 302)
3(281 302 279)
3(544 578 542)
4(80 97 578 544)
4(97 79 542 578)
3(545 579 543)
4(544 578 579 545)
4(578 542 543 579)
4(545 579 303 285)
4(579 543 283 303)
3(285 303 283)
3(546 560 544)
4(88 80 544 560)
3(547 561 545)
4(560 544 545 561)
4(561 545 285 294)
3(286 294 285)
3(526 580 558)
4(71 98 580 526)
4(98 87 558 580)
3(527 581 559)
4(526 580 581 527)
4(580 558 559 581)
4(527 581 304 267)
4(581 559 293 304)
3(267 304 293)
3(528 580 526)
4(72 98 580 528)
3(529 581 527)
4(528 580 581 529)
4(529 581 304 269)
3(269 304 267)
3(558 580 548)
4(98 82 548 580)
3(559 581 549)
4(580 548 549 581)
4(581 549 288 304)
3(293 304 288)
3(564 574 552)
4(90 95 574 564)
4(95 84 552 574)
3(565 575 553)
4(564 574 575 565)
4(574 552 553 575)
4(565 575 301 296)
4(575 553 290 301)
3(296 301 290)
3(554 576 568)
4(96 92 568 576)
4(85 96 576 554)
3(555 577 569)
4(576 568 569 577)
4(554 576 577 555)
4(577 569 298 302)
4(555 577 302 291)
3(291 302 298)
3(562 572 550)
4(94 83 550 572)
4(89 94 572 562)
3(563 573 551)
4(572 550 551 573)
4(562 572 573 563)
4(573 551 289 300)
4(563 573 300 295)
3(295 300 289)
3(568 582 556)
4(92 99 582 568)
4(99 86 556 582)
3(569 583 557)
4(568 582 583 569)
4(582 556 557 583)
4(569 583 305 298)
4(583 557 292 305)
3(298 305 292)
3(550 584 564)
4(83 100 584 550)
4(100 90 564 584)
3(551 585 565)
4(550 584 585 551)
4(584 564 565 585)
4(551 585 306 289)
4(585 565 296 306)
3(289 306 296)
3(572 584 550)
4(94 100 584 572)
3(573 585 551)
4(572 584 585 573)
4(573 585 306 300)
3(300 306 289)
3(564 584 574)
4(100 95 574 584)
3(565 585 575)
4(584 574 575 585)
4(585 575 301 306)
3(296 306 301)
3(548 580 562)
4(98 89 562 580)
3(549 581 563)
4(580 562 563 581)
4(581 563 295 304)
3(288 304 295)
3(570 578 560)
4(97 88 560 578)
4(93 97 578 570)
3(571 579 561)
4(578 560 561 579)
4(570 578 579 571)
4(579 561 294 303)
4(571 579 303 299)
3(299 303 294)
3(560 578 544)
3(561 579 545)
3(294 303 285)
3(566 552 534)
4(84 75 534 552)
3(567 553 535)
4(552 534 535 553)
4(553 535 275 290)
3(297 290 275)
3(574 584 532)
4(100 74 532 584)
3(575 585 533)
4(584 532 533 585)
4(585 533 273 306)
3(301 306 273)
3(532 584 530)
4(100 73 530 584)
3(533 585 531)
4(584 530 531 585)
4(585 531 271 306)
3(273 306 271)
3(566 536 554)
4(76 85 554 536)
3(567 537 555)
4(536 554 555 537)
4(537 555 291 277)
3(297 277 291)
3(540 582 576)
4(78 99 582 540)
4(99 96 576 582)
3(541 583 577)
4(540 582 583 541)
4(582 576 577 583)
4(541 583 305 281)
4(583 577 302 305)
3(281 305 302)
3(542 582 540)
4(79 99 582 542)
3(543 583 541)
4(542 582 583 543)
4(543 583 305 283)
3(283 305 281)
3(570 556 578)
4(86 97 578 556)
3(571 557 579)
4(556 578 579 557)
4(557 579 303 292)
3(299 292 303)
3(530 584 572)
3(531 585 573)
3(271 306 300)
3(576 582 568)
3(577 583 569)
3(302 305 298)
3(572 580 528)
4(94 98 580 572)
3(573 581 529)
4(572 580 581 573)
4(573 581 304 300)
3(300 304 269)
3(562 580 572)
3(563 581 573)
3(295 304 300)
3(556 582 578)
4(99 97 578 582)
3(557 583 579)
4(582 578 579 583)
4(583 579 303 305)
3(292 305 303)
3(542 578 582)
3(543 579 583)
3(283 303 305)
3(576 554 536)
4(96 576 536 76)
3(577 555 537)
4(576 577 537 536)
4(577 302 277 537)
3(302 291 277)
3(552 574 534)
3(553 575 535)
3(290 301 275)
3(538 576 536)
3(539 577 537)
3(279 302 277)
3(432 614 472)
4(4 70 614 432)
4(70 2 472 614)
3(433 615 473)
4(432 614 615 433)
4(614 472 473 615)
4(433 615 307 197)
4(615 473 196 307)
3(197 307 196)
3(432 434 614)
4(5 70 614 434)
3(433 435 615)
4(434 614 615 435)
4(435 615 307 199)
3(197 199 307)
3(436 586 434)
4(6 24 586 436)
4(24 5 434 586)
3(437 587 435)
4(436 586 587 437)
4(586 434 435 587)
4(437 587 263 201)
4(587 435 199 263)
3(201 263 199)
3(438 588 436)
4(7 25 588 438)
4(25 6 436 588)
3(439 589 437)
4(438 588 589 439)
4(588 436 437 589)
4(439 589 266 202)
4(589 437 201 266)
3(202 266 201)
3(440 590 438)
4(8 26 590 440)
4(26 7 438 590)
3(441 591 439)
4(440 590 591 441)
4(590 438 439 591)
4(441 591 268 204)
4(591 439 202 268)
3(204 268 202)
3(442 590 440)
4(9 26 590 442)
3(443 591 441)
4(442 590 591 443)
4(443 591 268 205)
3(205 268 204)
3(444 592 442)
4(10 27 592 444)
4(27 9 442 592)
3(445 593 443)
4(444 592 593 445)
4(592 442 443 593)
4(445 593 270 207)
4(593 443 205 270)
3(207 270 205)
3(446 592 444)
4(11 27 592 446)
3(447 593 445)
4(446 592 593 447)
4(447 593 270 208)
3(208 270 207)
3(448 594 446)
4(28 11 446 594)
4(12 28 594 448)
3(449 595 447)
4(594 446 447 595)
4(448 594 595 449)
4(595 447 208 272)
4(449 595 272 210)
3(210 272 208)
3(450 596 448)
4(13 29 596 450)
4(29 12 448 596)
3(451 597 449)
4(450 596 597 451)
4(596 448 449 597)
4(451 597 274 211)
4(597 449 210 274)
3(211 274 210)
3(452 596 450)
4(14 29 596 452)
3(453 597 451)
4(452 596 597 453)
4(453 597 274 213)
3(213 274 211)
3(454 598 452)
4(15 30 598 454)
4(30 14 452 598)
3(455 599 453)
4(454 598 599 455)
4(598 452 453 599)
4(455 599 276 214)
4(599 453 213 276)
3(214 276 213)
3(456 598 454)
4(16 30 598 456)
3(457 599 455)
4(456 598 599 457)
4(457 599 276 216)
3(216 276 214)
3(458 600 456)
4(17 31 600 458)
4(31 16 456 600)
3(459 601 457)
4(458 600 601 459)
4(600 456 457 601)
4(459 601 278 217)
4(601 457 216 278)
3(217 278 216)
3(460 600 458)
4(18 31 600 460)
3(461 601 459)
4(460 600 601 461)
4(461 601 278 219)
3(219 278 217)
3(462 602 460)
4(19 32 602 462)
4(32 18 460 602)
3(463 603 461)
4(462 602 603 463)
4(602 460 461 603)
4(463 603 280 220)
4(603 461 219 280)
3(220 280 219)
3(464 602 462)
4(20 32 602 464)
3(465 603 463)
4(464 602 603 465)
4(465 603 280 222)
3(222 280 220)
3(466 604 464)
4(21 33 604 466)
4(33 20 464 604)
3(467 605 465)
4(466 604 605 467)
4(604 464 465 605)
4(467 605 282 223)
4(605 465 222 282)
3(223 282 222)
3(468 606 466)
4(22 34 606 468)
4(34 21 466 606)
3(469 607 467)
4(468 606 607 469)
4(606 466 467 607)
4(469 607 284 225)
4(607 467 223 284)
3(225 284 223)
3(470 606 468)
4(23 34 606 470)
3(471 607 469)
4(470 606 607 471)
4(471 607 284 226)
3(226 284 225)
3(590 442 592)
3(591 443 593)
3(268 205 270)
3(596 452 598)
3(597 453 599)
3(274 213 276)
3(600 460 602)
3(601 461 603)
3(278 219 280)
3(606 470 608)
4(23 0 608 470)
3(607 471 609)
4(470 608 609 471)
4(471 609 264 226)
3(284 226 264)
3(600 598 456)
3(601 599 457)
3(278 276 216)
3(438 590 588)
3(439 591 589)
3(202 268 266)
3(436 588 586)
3(437 589 587)
3(201 266 263)
3(446 594 592)
3(447 595 593)
3(208 272 270)
3(466 606 604)
3(467 607 605)
3(223 284 282)
3(470 472 608)
4(2 0 608 472)
3(471 473 609)
4(472 608 609 473)
4(473 609 264 196)
3(226 196 264)
3(464 604 602)
3(465 605 603)
3(222 282 280)
3(594 448 596)
3(595 449 597)
3(272 210 274)
3(586 614 434)
4(24 70 614 586)
3(587 615 435)
4(586 614 615 587)
4(587 615 307 263)
3(263 307 199)
3(586 608 614)
4(0 70 614 608)
3(587 609 615)
4(608 614 615 609)
4(609 615 307 264)
3(263 264 307)
3(472 614 608)
3(473 615 609)
3(196 307 264)
3(277 622 235)
3(276 277 235)
3(276 235 622)
3(276 622 277)
3(234 178 297)
3(277 234 297)
3(277 178 234)
3(277 297 178)
3(181 617 184)
3(183 184 617)
3(183 617 181)
3(178 297 176)
3(234 176 297)
3(300 166 232)
3(300 232 164)
3(300 164 166)
3(234 277 213)
3(215 213 277)
3(234 215 277)
3(227 286 294)
3(238 294 286)
3(227 238 286)
3(227 294 238)
3(277 275 213)
3(274 213 275)
3(274 277 213)
3(254 633 184)
3(291 254 184)
3(291 633 254)
3(291 184 633)
3(269 204 271)
3(269 268 204)
3(268 271 204)
3(233 172 301)
3(172 174 301)
3(233 301 174)
3(300 166 295)
3(300 289 166)
3(289 295 166)
3(181 633 184)
3(254 181 184)
3(254 633 181)
3(303 192 224)
3(303 224 190)
3(303 190 192)
3(285 224 283)
3(285 303 224)
3(303 283 224)
3(237 303 305)
3(237 305 283)
3(237 283 303)
3(277 234 275)
3(234 297 275)
3(216 629 217)
3(218 629 216)
3(218 217 629)
3(625 258 259)
3(625 259 645)
3(645 259 258)
3(625 645 258)
3(300 206 232)
3(300 166 206)
3(290 297 176)
3(250 176 297)
3(290 176 250)
3(298 254 184)
3(298 184 291)
3(229 286 294)
3(229 227 286)
3(229 294 227)
3(178 620 176)
3(297 176 620)
3(178 297 620)
3(293 158 288)
3(293 160 158)
3(293 288 160)
3(160 288 158)
3(194 294 192)
3(238 192 294)
3(238 294 194)
3(265 287 198)
3(229 198 287)
3(229 265 198)
3(229 287 265)
3(170 296 301)
3(296 624 301)
3(170 301 624)
3(170 624 296)
3(226 264 618)
3(226 618 284)
3(284 618 264)
3(285 286 238)
3(285 238 294)
3(168 306 230)
3(230 306 170)
3(168 170 306)
3(172 209 301)
3(170 301 209)
3(170 172 301)
3(274 210 621)
3(211 621 210)
3(274 621 211)
3(168 306 206)
3(230 206 306)
3(306 170 296)
3(306 301 170)
3(304 232 203)
3(164 232 304)
3(164 304 203)
3(269 304 232)
3(269 232 203)
3(269 203 304)
3(300 304 232)
3(300 232 269)
3(304 203 231)
3(304 231 160)
3(304 160 203)
3(285 238 284)
3(628 284 238)
3(628 285 284)
3(628 238 285)
3(168 619 167)
3(168 165 619)
3(167 619 165)
3(292 188 303)
3(303 188 305)
3(292 305 188)
3(273 301 233)
3(233 301 209)
3(273 209 301)
3(273 233 209)
3(230 306 209)
3(306 170 209)
3(196 307 643)
3(196 643 264)
3(307 264 643)
3(623 263 643)
3(623 643 307)
3(623 307 263)
3(307 643 263)
3(204 232 269)
3(232 271 269)
3(204 271 232)
3(168 619 166)
3(168 166 289)
3(168 289 619)
3(289 166 619)
3(204 202 269)
3(269 202 232)
3(269 268 202)
3(162 159 646)
3(243 159 162)
3(243 646 159)
3(243 162 646)
3(234 275 213)
3(175 620 176)
3(178 620 175)
3(173 620 176)
3(173 175 620)
3(234 211 275)
3(212 234 275)
3(212 275 211)
3(256 645 292)
3(292 645 257)
3(256 257 645)
3(256 292 257)
3(636 171 174)
3(636 624 171)
3(171 624 174)
3(636 174 624)
3(221 305 188)
3(186 188 305)
3(186 305 221)
3(277 622 215)
3(277 215 235)
3(215 622 235)
3(190 303 188)
3(303 237 188)
3(190 237 303)
3(215 213 622)
3(277 622 213)
3(274 272 621)
3(210 621 272)
3(190 292 188)
3(190 303 292)
3(215 214 622)
3(214 213 622)
3(211 275 213)
3(237 188 305)
3(200 287 198)
3(265 287 200)
3(265 200 198)
3(211 275 274)
3(618 196 264)
3(618 226 196)
3(200 623 265)
3(200 197 623)
3(200 265 197)
3(623 197 265)
3(256 645 258)
3(292 258 645)
3(267 231 623)
3(293 231 267)
3(293 623 231)
3(293 267 623)
3(164 295 162)
3(304 164 162)
3(304 295 164)
3(304 162 295)
3(623 265 263)
3(623 263 267)
3(623 267 265)
3(277 235 291)
3(302 235 277)
3(302 291 235)
3(643 197 196)
3(196 197 265)
3(643 196 265)
3(643 265 197)
3(643 265 263)
3(623 265 643)
3(156 287 198)
3(200 287 156)
3(624 249 246)
3(624 246 248)
3(624 248 249)
3(174 275 176)
3(290 176 275)
3(290 275 174)
3(290 174 176)
3(167 624 169)
3(249 624 167)
3(249 169 624)
3(628 223 225)
3(628 284 223)
3(628 225 284)
3(190 639 188)
3(292 188 639)
3(292 639 190)
3(631 295 162)
3(631 162 164)
3(631 164 295)
3(295 162 242)
3(631 242 162)
3(631 295 242)
3(219 632 217)
3(219 278 632)
3(278 217 632)
3(238 628 223)
3(238 225 628)
3(278 216 629)
3(278 629 217)
3(168 296 289)
3(168 306 296)
3(168 289 306)
3(160 159 646)
3(162 160 646)
3(156 287 229)
3(212 621 210)
3(211 621 212)
3(304 267 231)
3(304 203 267)
3(267 203 231)
3(634 203 267)
3(634 269 203)
3(267 203 269)
3(634 267 269)
3(238 284 227)
3(286 284 238)
3(286 227 284)
3(251 248 636)
3(251 636 250)
3(248 250 636)
3(299 625 303)
3(292 303 625)
3(292 625 299)
3(277 235 180)
3(291 277 180)
3(291 180 235)
3(201 634 203)
3(267 201 203)
3(267 634 201)
3(215 180 277)
3(300 304 164)
3(221 305 237)
3(190 187 625)
3(189 190 625)
3(189 625 187)
3(218 281 302)
3(218 302 279)
3(218 279 281)
3(279 218 278)
3(629 278 218)
3(629 218 279)
3(629 279 278)
3(281 305 236)
3(281 236 302)
3(302 236 305)
3(196 228 264)
3(265 264 228)
3(265 196 264)
3(265 228 196)
3(229 286 265)
3(229 265 294)
3(294 194 299)
3(260 299 194)
3(260 194 294)
3(229 286 228)
3(229 228 265)
3(265 228 286)
3(237 283 221)
3(237 220 283)
3(221 283 220)
3(182 218 302)
3(182 302 235)
3(218 235 302)
3(222 220 627)
3(237 222 627)
3(237 627 220)
3(192 194 299)
3(294 192 299)
3(181 633 182)
3(182 633 184)
3(617 254 184)
3(617 184 298)
3(617 298 254)
3(302 184 291)
3(302 298 184)
3(229 638 194)
3(294 229 194)
3(294 638 229)
3(294 194 638)
3(277 279 235)
3(302 235 279)
3(273 275 233)
3(233 275 301)
3(621 233 208)
3(208 233 272)
3(621 272 233)
3(621 208 272)
3(189 625 191)
3(261 191 625)
3(261 625 189)
3(208 270 637)
3(208 637 207)
3(270 207 637)
3(300 306 206)
3(168 300 206)
3(168 306 300)
3(626 207 230)
3(230 207 273)
3(626 230 273)
3(626 273 207)
3(219 632 236)
3(632 217 236)
3(259 625 190)
3(259 187 625)
3(259 190 187)
3(212 275 176)
3(212 174 275)
3(293 200 265)
3(293 287 200)
3(618 228 264)
3(618 196 228)
3(233 272 275)
3(273 272 233)
3(621 233 210)
3(621 210 208)
3(226 618 225)
3(284 225 618)
3(227 618 225)
3(226 618 227)
3(216 235 629)
3(218 629 235)
3(300 232 271)
3(254 181 617)
3(158 287 293)
3(158 288 287)
3(168 170 246)
3(296 168 246)
3(296 170 168)
3(296 246 170)
3(227 286 228)
3(303 238 192)
3(303 294 238)
3(303 192 294)
3(297 176 275)
3(639 188 187)
3(639 187 190)
3(168 167 246)
3(167 170 246)
3(172 169 624)
3(172 624 171)
3(624 169 171)
3(271 204 206)
3(205 271 206)
3(205 204 271)
3(290 174 301)
3(290 301 624)
3(174 624 301)
3(290 624 174)
3(232 206 271)
3(225 284 227)
3(238 284 225)
3(301 275 174)
3(208 209 637)
3(208 637 233)
3(233 637 209)
3(205 230 626)
3(205 626 207)
3(194 260 192)
3(299 192 260)
3(293 231 160)
3(293 160 304)
3(293 304 231)
3(288 295 162)
3(288 162 242)
3(236 632 305)
3(281 632 236)
3(281 305 632)
3(271 206 306)
3(271 230 206)
3(271 306 230)
3(182 184 302)
3(218 302 184)
3(280 632 283)
3(220 632 280)
3(220 280 283)
3(220 283 632)
3(250 176 620)
3(297 250 620)
3(182 291 302)
3(182 184 291)
3(218 281 236)
3(218 236 302)
3(302 305 184)
3(298 184 305)
3(215 178 277)
3(277 178 180)
3(182 291 235)
3(233 212 621)
3(281 632 283)
3(280 632 281)
3(223 282 224)
3(627 223 224)
3(627 224 282)
3(627 282 223)
3(307 643 197)
3(162 631 159)
3(162 243 631)
3(159 631 243)
3(236 221 305)
3(236 632 221)
3(221 632 305)
3(277 180 297)
3(291 297 180)
3(629 235 214)
3(214 235 276)
3(629 276 235)
3(629 214 276)
3(176 620 251)
3(250 176 251)
3(250 251 620)
3(194 260 191)
3(191 260 192)
3(168 246 289)
3(282 628 223)
3(223 628 224)
3(282 224 628)
3(203 269 202)
3(626 271 268)
3(626 270 271)
3(626 268 270)
3(178 180 297)
3(222 627 280)
3(282 280 627)
3(222 282 627)
3(627 222 224)
3(627 223 222)
3(282 628 284)
3(276 279 235)
3(618 284 227)
3(629 216 214)
3(631 162 161)
3(631 161 164)
3(278 276 629)
3(216 629 276)
3(218 235 279)
3(185 645 257)
3(185 292 645)
3(185 257 292)
3(273 209 306)
3(306 209 301)
3(304 203 162)
3(190 292 625)
3(190 625 645)
3(190 645 292)
3(645 625 292)
3(195 638 194)
3(229 638 195)
3(625 261 258)
3(260 261 625)
3(260 625 258)
3(249 248 636)
3(249 636 251)
3(199 231 623)
3(267 231 199)
3(267 199 623)
3(303 238 224)
3(194 294 227)
3(186 184 298)
3(186 617 184)
3(186 298 617)
3(218 278 236)
3(281 278 218)
3(281 236 278)
3(296 624 290)
3(186 292 305)
3(186 188 292)
3(303 224 237)
3(193 630 194)
3(194 630 195)
3(193 195 630)
3(194 191 630)
3(193 630 191)
3(170 624 169)
3(167 624 170)
3(173 620 251)
3(176 173 251)
3(300 271 206)
3(261 259 625)
3(172 624 301)
3(174 624 172)
3(156 635 158)
3(156 154 635)
3(635 154 158)
3(189 192 625)
3(190 625 192)
3(200 231 623)
3(199 200 623)
3(631 159 161)
3(267 231 201)
3(267 201 199)
3(263 267 199)
3(623 263 199)
3(282 224 283)
3(285 224 282)
3(234 176 275)
3(218 278 217)
3(217 278 236)
3(214 622 235)
3(634 266 267)
3(634 267 263)
3(634 263 266)
3(236 305 184)
3(236 184 302)
3(196 198 265)
3(198 197 265)
3(230 273 209)
3(230 306 273)
3(160 162 304)
3(260 630 194)
3(260 191 630)
3(168 619 246)
3(167 246 619)
3(160 288 304)
3(304 288 162)
3(160 162 288)
3(644 254 291)
3(633 644 291)
3(633 254 644)
3(280 220 627)
3(192 625 303)
3(299 192 303)
3(299 625 192)
3(182 180 291)
3(182 633 180)
3(633 291 180)
3(182 291 633)
3(293 231 158)
3(182 633 179)
3(179 633 180)
3(265 198 228)
3(294 287 229)
3(287 638 229)
3(294 638 287)
3(293 200 623)
3(293 623 265)
3(228 286 264)
3(170 624 172)
3(643 264 265)
3(186 305 236)
3(186 305 184)
3(638 630 194)
3(638 194 260)
3(638 260 630)
3(192 625 191)
3(156 287 158)
3(635 158 287)
3(156 635 287)
3(156 635 155)
3(156 155 638)
3(635 638 155)
3(156 638 635)
3(237 224 627)
3(186 298 305)
3(292 298 186)
3(634 202 203)
3(634 269 202)
3(251 636 176)
3(250 176 636)
3(285 238 303)
3(636 173 174)
3(171 173 636)
3(200 158 293)
3(200 293 231)
3(636 173 176)
3(174 636 176)
3(641 297 644)
3(252 641 644)
3(252 297 641)
3(252 644 297)
3(205 230 271)
3(271 230 626)
3(205 271 626)
3(200 158 287)
3(205 268 271)
3(625 260 191)
3(168 300 166)
3(623 199 197)
3(195 638 630)
3(643 264 263)
3(208 272 637)
3(270 637 272)
3(636 248 624)
3(290 624 248)
3(636 290 248)
3(636 624 290)
3(273 209 207)
3(285 238 224)
3(174 233 275)
3(637 207 209)
3(233 272 637)
3(632 280 219)
3(632 219 220)
3(190 625 303)
3(252 644 254)
3(252 291 644)
3(221 305 283)
3(219 632 221)
3(238 628 224)
3(278 632 280)
3(291 180 644)
3(633 644 180)
3(294 260 638)
3(271 273 230)
3(242 243 631)
3(242 162 243)
3(179 181 633)
3(183 186 617)
3(237 283 224)
3(634 202 201)
3(300 295 164)
3(164 166 295)
3(624 167 246)
3(221 632 283)
3(283 632 305)
3(634 269 268)
3(634 268 202)
3(227 228 618)
3(226 618 228)
3(233 275 212)
3(271 273 626)
3(300 168 289)
3(267 201 263)
3(622 276 274)
3(622 213 276)
3(622 274 213)
3(156 638 229)
3(287 638 156)
3(162 640 288)
3(162 242 640)
3(640 242 288)
3(619 166 165)
3(289 619 246)
3(190 259 645)
3(240 262 638)
3(260 638 262)
3(260 240 638)
3(154 635 155)
3(288 157 158)
3(288 158 154)
3(288 154 157)
3(155 638 195)
3(195 638 156)
3(157 243 288)
3(157 646 243)
3(157 288 646)
3(243 646 288)
3(630 638 193)
3(262 638 630)
3(262 630 193)
3(262 193 638)
3(195 638 193)
3(157 160 288)
3(157 159 646)
3(160 157 646)
3(241 243 288)
3(241 288 157)
3(287 241 288)
3(241 635 288)
3(287 288 635)
3(287 635 241)
3(161 631 163)
3(245 163 631)
3(245 631 161)
3(616 245 247)
3(163 616 247)
3(163 245 616)
3(616 244 247)
3(245 244 616)
3(619 166 247)
3(163 247 166)
3(619 247 163)
3(619 163 166)
3(163 166 295)
3(163 295 164)
3(164 631 163)
3(166 289 244)
3(166 244 295)
3(166 619 244)
3(289 244 619)
3(175 620 177)
3(253 177 620)
3(253 620 175)
3(177 644 255)
3(644 253 255)
3(177 253 644)
3(255 633 177)
3(179 177 633)
3(179 633 255)
3(177 297 178)
3(177 180 297)
3(178 620 177)
3(255 633 644)
3(644 633 177)
3(297 180 644)
3(291 297 644)
3(647 186 183)
3(647 183 185)
3(647 185 186)
3(645 257 259)
3(185 645 259)
3(185 639 188)
3(185 187 639)
3(185 188 292)
3(185 292 186)
3(257 292 642)
3(186 257 642)
3(186 642 292)
3(186 292 257)
3(185 639 292)
3(638 239 240)
3(638 240 287)
3(638 287 239)
3(239 288 241)
3(239 243 288)
3(162 640 243)
3(162 243 288)
3(640 288 243)
3(239 287 241)
3(638 241 262)
3(240 241 638)
3(616 295 244)
3(616 244 242)
3(616 242 295)
3(166 247 244)
3(247 619 244)
3(250 641 253)
3(641 252 253)
3(250 252 641)
3(252 644 255)
3(255 644 254)
3(252 644 253)
3(256 257 642)
3(254 642 257)
3(254 256 642)
3(256 645 259)
3(256 292 642)
3(154 635 288)
3(241 635 154)
3(241 154 288)
3(166 163 616)
3(166 616 247)
3(295 163 616)
3(295 616 166)
3(245 295 163)
3(245 616 295)
3(616 166 244)
3(641 177 644)
3(177 297 644)
3(641 297 177)
3(183 257 186)
3(647 257 183)
3(647 186 257)
3(616 245 242)
3(177 253 641)
3(253 644 641)
3(181 257 617)
3(183 617 257)
3(257 254 617)
3(257 617 642)
3(642 617 254)
3(186 257 617)
3(186 617 642)
3(618 264 286)
3(618 286 284)
3(618 228 286)
3(618 286 227)
3(619 247 167)
3(619 165 247)
3(247 619 246)
3(246 619 244)
3(619 165 163)
3(297 620 177)
3(641 620 253)
3(641 177 620)
3(173 253 620)
3(250 620 253)
3(641 620 250)
3(620 253 251)
3(274 621 275)
3(211 275 621)
3(621 275 272)
3(212 275 621)
3(621 275 233)
3(214 622 276)
3(622 277 274)
3(292 639 645)
3(190 645 639)
3(296 248 624)
3(296 624 246)
3(249 624 636)
3(624 170 246)
3(625 187 261)
3(625 260 192)
3(292 258 625)
3(249 171 636)
3(249 624 171)
3(160 288 646)
3(270 207 626)
3(270 626 273)
3(270 273 207)
3(205 626 270)
3(626 205 268)
3(627 220 283)
3(237 627 283)
3(627 283 282)
3(627 224 283)
3(627 283 280)
3(636 173 251)
3(282 285 628)
3(628 285 224)
3(171 251 636)
3(629 235 279)
3(629 276 279)
3(260 630 262)
3(155 638 193)
3(630 191 262)
3(162 288 646)
3(295 631 163)
3(245 631 295)
3(245 242 631)
3(245 295 242)
3(631 245 159)
3(631 243 245)
3(632 278 236)
3(632 278 281)
3(221 632 220)
3(633 254 255)
3(177 180 644)
3(180 177 633)
3(633 255 181)
3(266 269 634)
3(634 201 263)
3(634 266 268)
3(266 201 634)
3(266 634 202)
3(158 635 288)
3(241 635 155)
3(241 155 638)
3(262 638 155)
3(241 635 638)
3(233 273 637)
3(273 272 637)
3(647 257 185)
3(640 243 242)
3(636 290 250)
3(636 290 176)
3(174 636 290)
3(625 299 258)
3(260 625 299)
3(638 239 241)
3(623 643 197)
3(623 197 307)
3(639 645 185)
3(307 199 623)
3(637 270 273)
3(637 273 207)
3(637 209 273)
3(638 287 260)
3(638 635 287)
3(638 287 241)
3(190 259 639)
3(645 639 259)
3(259 639 187)
3(185 259 639)
3(640 239 288)
3(640 242 239)
3(640 239 243)
3(250 297 641)
3(297 620 641)
3(642 292 298)
3(186 642 298)
3(256 642 298)
3(254 298 642)
3(642 617 298)
3(292 186 647)
3(292 647 185)
3(292 257 647)
3(35 1 101)
3(36 35 102)
3(37 36 103)
3(38 37 104)
3(39 38 105)
3(40 39 106)
3(41 40 107)
3(42 41 108)
3(43 42 109)
3(44 43 110)
3(45 44 111)
3(1 45 112)
3(3 48 101)
3(48 49 101)
3(49 50 102)
3(50 51 103)
3(51 52 103)
3(52 53 104)
3(53 54 104)
3(54 55 105)
3(55 56 105)
3(56 57 106)
3(57 58 107)
3(58 59 107)
3(59 60 108)
3(60 61 108)
3(61 62 109)
3(62 63 109)
3(63 64 110)
3(64 65 111)
3(65 66 111)
3(66 67 112)
3(67 3 112)
3(36 102 103)
3(37 103 104)
3(104 54 38)
3(39 105 106)
3(40 106 107)
3(41 107 108)
3(108 61 42)
3(43 109 110)
3(44 110 111)
3(111 66 45)
3(1 112 101)
3(3 101 112)
3(101 49 102)
3(102 50 103)
3(103 52 104)
3(105 38 54)
3(56 106 105)
3(106 57 107)
3(107 59 108)
3(109 42 61)
3(63 110 109)
3(110 64 111)
3(112 45 66)
3(35 101 102)
3(48 3 68)
3(49 48 113)
3(50 49 114)
3(49 113 114)
3(51 50 115)
3(50 114 115)
3(52 51 116)
3(51 115 116)
3(53 52 117)
3(52 116 117)
3(54 53 118)
3(53 117 118)
3(55 54 119)
3(54 118 119)
3(56 55 120)
3(55 119 120)
3(57 56 121)
3(56 120 121)
3(58 57 122)
3(57 121 122)
3(59 58 123)
3(58 122 123)
3(60 59 124)
3(59 123 124)
3(61 60 125)
3(60 124 125)
3(62 61 126)
3(61 125 126)
3(63 62 127)
3(62 126 127)
3(64 63 128)
3(63 127 128)
3(65 64 129)
3(64 128 129)
3(66 65 130)
3(65 129 130)
3(67 66 131)
3(66 130 131)
3(3 67 132)
3(68 3 132)
3(67 131 132)
3(2 4 69)
3(4 5 133)
3(6 7 134)
3(8 9 135)
3(10 11 136)
3(12 13 137)
3(14 15 138)
3(16 17 139)
3(18 19 140)
3(20 21 141)
3(22 23 142)
3(23 2 143)
3(142 23 143)
3(2 69 143)
3(69 4 133)
3(69 68 144)
3(143 69 144)
3(68 132 144)
3(48 68 113)
3(113 68 133)
3(135 9 145)
3(9 10 145)
3(133 5 146)
3(113 133 146)
3(5 6 146)
3(6 134 146)
3(7 8 147)
3(10 136 145)
3(11 12 148)
3(13 14 149)
3(15 16 150)
3(17 18 151)
3(19 20 152)
3(21 22 153)
3(153 22 142)
3(68 69 133)
3(134 7 147)
3(151 18 140)
3(136 11 148)
3(137 13 149)
3(138 15 150)
3(139 17 151)
3(140 19 152)
3(141 21 153)
3(152 20 141)
3(149 14 138)
3(150 16 139)
3(147 8 135)
3(148 12 137)
3(135 145 118)
3(115 114 134)
3(116 115 134)
3(117 116 147)
3(118 117 135)
3(119 118 145)
3(120 119 136)
3(120 148 121)
3(122 121 137)
3(123 122 149)
3(124 123 138)
3(124 150 125)
3(126 125 139)
3(127 126 151)
3(127 140 128)
3(129 128 152)
3(130 129 141)
3(131 130 153)
3(132 131 144)
3(138 123 149)
3(134 114 146)
3(145 136 119)
3(113 146 114)
3(139 151 126)
3(147 135 117)
3(141 153 130)
3(152 141 129)
3(142 143 144)
3(134 147 116)
3(137 149 122)
3(139 125 150)
3(137 121 148)
3(150 124 138)
3(148 120 136)
3(127 151 140)
3(142 144 131)
3(131 153 142)
3(152 128 140)
3(4 2 70)
3(4 70 5)
3(6 5 24)
3(7 6 25)
3(8 7 26)
3(9 8 26)
3(10 9 27)
3(11 10 27)
3(12 11 28)
3(13 12 29)
3(14 13 29)
3(15 14 30)
3(16 15 30)
3(17 16 31)
3(18 17 31)
3(19 18 32)
3(20 19 32)
3(21 20 33)
3(22 21 34)
3(23 22 34)
3(26 27 9)
3(29 30 14)
3(31 32 18)
3(34 0 23)
3(31 16 30)
3(7 25 26)
3(6 24 25)
3(11 27 28)
3(21 33 34)
3(23 0 2)
3(20 32 33)
3(28 29 12)
3(24 5 70)
3(24 70 0)
3(2 0 70)
3(24 0 46)
3(25 24 71)
3(26 25 72)
3(25 71 72)
3(27 26 73)
3(26 72 73)
3(28 27 74)
3(27 73 74)
3(29 28 75)
3(28 74 75)
3(30 29 76)
3(29 75 76)
3(31 30 77)
3(30 76 77)
3(32 31 78)
3(31 77 78)
3(33 32 79)
3(32 78 79)
3(34 33 80)
3(33 79 80)
3(0 34 81)
3(46 0 81)
3(34 80 81)
3(1 35 47)
3(35 36 82)
3(37 38 83)
3(39 40 84)
3(41 42 85)
3(43 44 86)
3(45 1 47)
3(46 47 87)
3(47 46 88)
3(45 47 88)
3(46 81 88)
3(24 46 71)
3(47 35 82)
3(47 82 87)
3(36 37 89)
3(38 39 90)
3(40 41 91)
3(42 43 92)
3(92 43 86)
3(44 45 93)
3(36 89 82)
3(71 46 87)
3(45 88 93)
3(83 38 90)
3(91 41 85)
3(85 42 92)
3(86 44 93)
3(89 37 83)
3(90 39 84)
3(40 91 84)
3(73 72 94)
3(75 74 95)
3(76 75 91)
3(78 77 96)
3(80 79 97)
3(81 80 88)
3(71 87 98)
3(72 71 98)
3(87 82 98)
3(90 84 95)
3(85 92 96)
3(89 83 94)
3(92 86 99)
3(83 90 100)
3(94 83 100)
3(90 95 100)
3(82 89 98)
3(93 88 97)
3(88 80 97)
3(91 75 84)
3(95 74 100)
3(74 73 100)
3(91 85 76)
3(78 96 99)
3(79 78 99)
3(93 97 86)
3(73 94 100)
3(96 92 99)
3(94 72 98)
3(89 94 98)
3(86 97 99)
3(79 99 97)
3(96 76 85)
3(84 75 95)
3(77 76 96)
)


// ************************************************************************* //
