/*--------------------------------*- C++ -*----------------------------------*\
| =========                 |                                                 |
| \\      /  F ield         | OpenFOAM: The Open Source CFD Toolbox           |
|  \\    /   O peration     | Version:  2412                                  |
|   \\  /    A nd           | Website:  www.openfoam.com                      |
|    \\/     M anipulation  |                                                 |
\*---------------------------------------------------------------------------*/
FoamFile
{
    version     2.0;
    format      ascii;
    arch        "LSB;label=32;scalar=64";
    note        "nPoints:648  nCells:1466  nFaces:3548  nInternalFaces:3240";
    class       labelList;
    location    "constant/polyMesh";
    object      neighbour;
}
// * * * * * * * * * * * * * * * * * * * * * * * * * * * * * * * * * * * * * //


3240
(
1
117
177
420
2
118
178
421
119
179
422
1254
4
9
177
423
5
10
178
424
11
179
425
1255
7
9
15
426
8
10
16
427
11
17
428
1261
10
336
11
337
338
1260
13
15
21
429
14
16
22
430
17
23
431
1142
16
273
17
274
275
1013
19
21
27
432
20
22
28
433
23
29
434
1270
22
276
23
277
278
1113
25
27
33
435
26
28
34
436
29
35
437
1414
28
279
29
280
281
1269
31
33
39
438
32
34
40
439
35
41
440
964
34
282
35
283
284
1248
37
39
45
441
38
40
46
442
41
47
443
1133
40
285
41
286
287
1067
43
45
51
444
44
46
52
445
47
53
446
1068
46
288
47
289
290
1171
49
51
57
447
50
52
58
448
53
59
449
1185
52
291
53
292
293
1418
55
57
63
450
56
58
64
451
59
65
452
977
58
294
59
295
296
1187
61
63
69
453
62
64
70
454
65
71
455
1277
64
297
65
298
299
976
67
69
75
456
68
70
76
457
71
77
458
1390
70
300
71
301
302
1276
73
75
81
459
74
76
82
460
77
83
461
1225
76
303
77
304
305
1165
79
81
87
462
80
82
88
463
83
89
464
926
82
306
83
307
308
1038
85
87
93
465
86
88
94
466
89
95
467
1280
88
309
89
310
311
1226
91
93
99
468
92
94
100
469
95
101
470
1282
94
312
95
313
314
1283
97
99
105
471
98
100
106
472
101
107
473
1026
100
315
101
316
317
1066
103
105
111
474
104
106
112
475
107
113
476
1177
106
318
107
319
320
1140
109
111
120
477
110
112
121
478
113
122
479
1132
112
321
113
322
323
1100
115
117
120
480
116
118
121
481
119
122
482
1373
118
174
119
175
176
1256
121
324
122
325
326
1131
124
162
165
819
125
163
166
820
164
167
821
1152
127
165
189
822
128
166
190
823
167
191
824
1198
130
198
231
828
131
199
232
829
200
233
830
1229
133
183
264
834
134
184
265
835
185
266
836
1069
136
204
237
840
137
205
238
841
206
239
842
1207
139
240
267
846
140
241
268
847
242
269
848
1015
142
243
258
852
143
244
259
853
245
260
854
987
145
246
261
858
146
247
262
859
248
263
860
941
148
234
249
864
149
235
250
865
236
251
866
1409
151
252
255
870
152
253
256
871
254
257
872
1108
154
159
225
876
155
160
226
877
161
227
878
1057
157
159
162
906
158
160
163
907
161
164
908
1403
160
351
161
352
353
1237
163
171
164
172
173
1201
166
228
167
229
230
1239
169
171
174
228
170
172
175
229
173
176
230
1014
172
351
173
352
353
1166
175
324
176
325
326
1439
178
180
179
181
182
1139
181
192
228
182
193
229
194
230
1217
184
186
270
185
187
271
188
272
1190
187
204
837
188
205
838
206
839
1075
190
192
195
191
193
196
194
197
1141
193
336
194
337
338
1186
196
198
825
197
199
826
200
827
1143
199
330
200
331
332
1241
202
231
264
831
203
232
265
832
233
266
833
972
205
333
206
334
335
1204
208
237
267
843
209
238
268
844
239
269
845
1055
211
240
258
849
212
241
259
850
242
260
851
988
214
243
261
855
215
244
262
856
245
263
857
1112
217
234
246
861
218
235
247
862
236
248
863
1049
220
249
255
867
221
250
256
868
251
257
869
1036
223
225
252
873
224
226
253
874
227
254
875
1010
226
378
227
379
380
1072
229
230
1001
232
354
233
355
356
1103
235
372
236
373
374
1214
238
369
239
370
371
1074
241
357
242
358
359
978
244
366
245
367
368
1148
247
339
248
340
341
1147
250
381
251
382
383
1034
253
345
254
346
347
1216
256
348
257
349
350
1180
259
327
260
328
329
929
262
360
263
361
362
1058
265
342
266
343
344
1071
268
363
269
364
365
1090
271
282
285
272
283
286
284
287
957
274
276
330
275
277
331
278
332
1154
277
354
278
355
356
1118
280
342
354
281
343
355
344
356
928
283
342
284
343
344
1196
286
333
287
334
335
954
289
333
369
290
334
370
335
371
955
292
363
369
293
364
370
365
371
934
295
357
363
296
358
364
359
365
1051
298
327
357
299
328
358
329
359
927
301
327
366
302
328
367
329
368
1087
304
360
366
305
361
367
362
368
1164
307
339
360
308
340
361
341
362
1081
310
339
372
311
340
373
341
374
1175
313
372
381
314
373
382
374
383
981
316
348
381
317
349
382
350
383
983
319
345
348
320
346
349
347
350
937
322
345
378
323
346
379
347
380
949
325
375
326
376
377
1120
328
329
1094
331
336
332
337
338
962
334
335
967
337
338
1163
340
341
1210
343
344
943
346
347
1124
349
350
1130
352
375
353
376
377
1063
355
356
959
358
359
1150
361
362
1035
364
365
1238
367
368
1023
370
371
1107
373
374
1174
376
378
377
379
380
1125
379
380
1224
382
383
1025
385
513
552
624
386
514
553
625
515
554
626
1428
388
483
552
627
389
484
553
628
485
554
629
1452
391
483
486
666
392
484
487
667
485
488
668
1308
394
486
489
630
395
487
490
631
488
491
632
1320
397
492
528
669
398
493
529
670
494
530
671
1002
400
492
495
633
401
493
496
634
494
497
635
1019
403
495
498
672
404
496
499
673
497
500
674
1293
406
498
501
636
407
499
502
637
500
503
638
1294
409
504
540
675
410
505
541
676
506
542
677
1296
412
504
507
639
413
505
508
640
506
509
641
1297
415
507
510
681
416
508
511
682
509
512
683
1121
418
513
549
642
419
514
550
643
515
551
644
1253
421
423
516
422
424
517
425
518
1399
424
519
425
520
521
1412
427
519
522
428
520
523
521
524
1264
430
432
522
431
433
523
434
524
1381
433
525
434
526
527
1265
436
438
525
437
439
526
440
527
1322
439
489
440
490
491
1319
442
444
528
443
445
529
446
530
1004
445
531
446
532
533
1421
448
531
534
449
532
535
533
536
1368
451
453
534
452
454
535
455
536
1326
454
537
455
538
539
1273
457
459
537
458
460
538
461
539
1275
460
501
461
502
503
1391
463
465
540
464
466
541
467
542
1310
466
543
467
544
545
1415
469
543
546
470
544
547
545
548
1448
472
474
546
473
475
547
476
548
1347
475
510
476
511
512
1045
478
480
549
479
481
550
482
551
1374
481
516
482
517
518
1413
484
522
485
523
524
1382
487
525
488
526
527
1267
490
528
491
529
530
1321
493
531
494
532
533
1122
496
534
497
535
536
1328
499
537
500
538
539
1295
502
540
503
541
542
1392
505
543
506
544
545
1298
508
546
509
547
548
1137
511
549
512
550
551
1195
514
516
515
517
518
1290
517
518
1400
520
552
521
553
554
1262
523
524
1379
526
527
1266
529
530
1234
532
533
1420
535
536
1329
538
539
1274
541
542
1312
544
545
1281
547
548
1348
550
551
1375
553
554
1287
556
618
657
918
557
619
658
919
620
659
920
1200
559
564
657
897
560
565
658
898
566
659
899
1149
562
564
570
894
563
565
571
895
566
572
896
1395
565
735
566
736
737
1393
568
570
576
879
569
571
577
880
572
578
881
1104
571
714
572
715
716
933
574
576
582
900
575
577
583
901
578
584
902
1437
577
777
578
778
779
1356
580
582
588
912
581
583
589
913
584
590
914
1331
583
717
584
718
719
1054
586
588
594
882
587
589
595
883
590
596
884
1336
589
720
590
721
722
931
592
594
600
891
593
595
601
892
596
602
893
1371
595
816
596
817
818
1110
598
600
606
885
599
601
607
886
602
608
887
1387
601
723
602
724
725
1215
604
606
612
909
605
607
613
910
608
614
911
1359
607
786
608
787
788
1091
610
612
621
903
611
613
622
904
614
623
905
1365
613
726
614
727
728
1145
616
618
621
888
617
619
622
889
620
623
890
1315
619
654
620
655
656
1170
622
729
623
730
731
1089
625
642
660
626
643
661
644
662
1286
628
660
684
629
661
685
662
686
1450
631
693
705
632
694
706
695
707
1323
634
708
711
635
709
712
710
713
1419
637
696
699
638
697
700
698
701
1212
640
678
702
641
679
703
680
704
994
643
651
644
652
653
1442
646
648
663
687
647
649
664
688
650
665
689
1052
649
651
654
650
652
655
653
656
1173
652
690
653
691
692
1441
655
729
656
730
731
1031
658
687
659
688
689
997
661
663
662
664
665
1289
664
738
665
739
740
1061
667
684
705
668
685
706
686
707
1291
670
693
708
671
694
709
695
710
1341
673
696
711
674
697
712
698
713
1453
676
678
699
677
679
700
680
701
1459
679
750
680
751
752
1460
682
690
702
683
691
703
692
704
1425
685
762
686
763
764
1078
688
732
689
733
734
1339
691
765
692
766
767
1032
694
753
695
754
755
1101
697
780
698
781
782
1455
700
744
701
745
746
945
703
789
704
790
791
1424
706
747
707
748
749
1271
709
741
710
742
743
1345
712
771
713
772
773
944
715
792
798
716
793
799
794
800
1059
718
774
813
719
775
814
776
815
1043
721
771
780
722
772
781
773
782
940
724
783
816
725
784
817
785
818
1027
727
768
807
728
769
808
770
809
938
730
768
731
769
770
953
733
735
738
734
736
739
737
740
1192
736
798
737
799
800
1219
739
762
740
763
764
1169
742
759
813
743
760
814
761
815
1128
745
795
810
746
796
811
797
812
1040
748
756
801
749
757
802
758
803
935
751
795
804
752
796
805
797
806
1181
754
756
759
755
757
760
758
761
1012
757
792
758
793
794
1242
760
774
761
775
776
958
763
801
764
802
803
1233
766
768
789
767
769
790
770
791
1228
769
770
1184
772
813
773
814
815
1065
775
777
776
778
779
1117
778
792
779
793
794
1222
781
810
782
811
812
1097
784
786
795
785
787
796
788
797
1029
787
807
788
808
809
1386
790
804
791
805
806
1020
793
794
1135
796
797
1086
799
801
800
802
803
961
802
803
1230
805
807
806
808
809
965
808
809
939
811
816
812
817
818
998
814
815
1073
817
818
1042
820
822
921
821
823
922
824
923
1093
823
915
824
916
917
1434
826
897
915
827
898
916
899
917
1243
829
894
897
830
895
898
896
899
1396
832
834
894
833
835
895
836
896
973
835
879
836
880
881
1194
838
840
879
839
841
880
842
881
1354
841
900
842
901
902
1046
844
900
912
845
901
913
902
914
1402
847
849
912
848
850
913
851
914
956
850
882
851
883
884
991
853
855
882
854
856
883
857
884
1337
856
891
857
892
893
1404
859
861
891
860
862
892
863
893
1011
862
885
863
886
887
1009
865
867
885
866
868
886
869
887
1209
868
909
869
910
911
1160
871
903
909
872
904
910
905
911
1406
874
876
903
875
877
904
878
905
1005
877
888
878
889
890
1056
880
881
1405
883
884
1244
886
887
1218
889
906
890
907
908
952
892
893
1114
895
896
1410
898
899
1407
901
902
1202
904
905
1109
907
921
908
922
923
992
910
911
1106
913
914
985
916
918
917
919
920
1432
919
921
920
922
923
1433
922
923
968
982
1110
1335
1336
927
940
1094
1105
1060
1226
1310
947
1146
943
1024
1232
975
984
1094
946
953
1018
1224
975
991
1411
936
945
1159
1252
970
973
1194
1107
1138
1206
1232
1249
1271
1038
1060
1392
1124
1130
1211
1145
1205
1227
989
1213
1227
975
1146
1011
1058
1367
1137
1251
1297
1350
1136
1196
1065
1083
1422
1039
1040
1031
1063
1125
976
1083
1324
1061
1163
1169
1260
1037
1064
1224
990
1014
1166
1173
958
1128
1343
1346
992
1056
1315
1089
1184
957
967
1156
1107
1247
1343
985
1015
1330
1047
1080
1156
1247
960
1024
1118
961
1103
1219
1024
1059
1016
1077
1154
1089
1362
1365
1366
1157
1248
1319
986
989
1129
1043
1107
1117
1436
1153
1247
1093
1172
1433
1000
1429
1432
1433
972
1059
1071
1248
1249
1250
1272
973
1103
1236
1013
1095
1264
1440
988
977
1277
1134
1326
988
1150
1332
994
1116
1298
1299
1185
1351
1418
1427
1025
1129
1174
984
1023
1148
986
989
1130
987
1411
1331
1402
1006
1231
1148
1337
991
1025
1001
1052
1239
1330
1053
1403
1168
1198
1239
1430
1297
1350
1123
1192
1197
1339
1007
1118
1230
1233
1000
1144
1339
1021
1042
1088
1093
1152
1172
1430
1200
1430
1014
1217
1234
1341
1342
1051
1065
1073
1423
1133
1234
1421
1010
1109
1362
1066
1285
1340
1008
1113
1377
1078
1223
1378
1049
1218
1383
1216
1362
1114
1367
1101
1156
1242
1261
1376
1245
1090
1332
1192
1219
1241
1022
1182
1219
1393
1072
1089
1317
1122
1183
1419
1161
1231
1424
1023
1097
1164
1229
1241
1394
1087
1230
1213
1050
1140
1347
1085
1115
1215
1215
1367
1369
1371
1079
1085
1151
1053
1170
1172
1201
1033
1173
1037
1076
1221
1063
1166
1170
1213
1357
1385
1081
1088
1115
1160
1180
1357
1076
1228
1225
1252
1060
1126
1461
1084
1086
1120
1125
1167
1221
1110
1115
1054
1206
1055
1208
1333
1402
1177
1195
1347
1202
1207
1435
1135
1196
1242
1075
1204
1240
1353
1214
1383
1251
1348
1447
1150
1238
1168
1193
1316
1403
1333
1408
1090
1402
1057
1111
1111
1237
1112
1369
1136
1312
1193
1398
1067
1101
1156
1346
1318
1124
1184
1228
1146
1282
1447
1157
1344
1171
1418
1421
1071
1190
1194
1073
1128
1138
1427
1136
1111
1362
1206
1207
1208
1436
1189
1354
1100
1426
1163
1169
1192
1233
1246
1096
1384
1386
1135
1190
1222
1084
1210
1091
1209
1360
1385
1099
1457
1088
1252
1127
1210
1151
1191
1094
1105
1164
1334
1386
1387
1102
1108
1358
1406
1429
1142
1223
1379
1174
1214
1235
1105
1279
1112
1335
1370
1404
1134
1183
1328
1155
1349
1250
1109
1216
1364
1182
1355
1356
1405
1276
1160
1359
1406
1180
1406
1365
1370
1317
1404
1142
1270
1371
1404
1369
1281
1431
1465
1153
1247
1154
1231
1251
1340
1350
1199
1439
1137
1195
1425
1342
1420
1141
1143
1144
1205
1224
1191
1226
1462
1147
1215
1384
1345
1181
1283
1227
1132
1199
1259
1155
1374
1171
1344
1329
1363
1136
1348
1343
1418
1178
1254
1397
1177
1211
1197
1198
1381
1241
1243
1243
1432
1358
1364
1150
1367
1383
1335
1393
1394
1407
1175
1210
1201
1239
1204
1222
1158
1176
1375
1250
1321
1169
1233
1376
1212
1220
1388
1360
1211
1228
1426
1164
1165
1220
1252
1186
1225
1390
1201
1173
1245
1441
1197
1339
1316
1343
1200
1175
1191
1199
1221
1372
1349
1217
1398
1443
1254
1256
1401
1443
1361
1191
1458
1229
1236
1363
1422
1205
1187
1368
1193
1197
1363
1423
1306
1338
1453
1455
1190
1240
1355
1217
1355
1349
1249
1434
1259
1433
1208
1437
1342
1345
1419
1427
1438
1366
1238
1438
1408
1218
1409
1231
1294
1455
1235
1409
1366
1387
1279
1454
1441
1240
1382
1416
1391
1314
1361
1396
1232
1269
1344
1385
1386
1395
1410
1318
1403
1334
1356
1249
1394
1336
1337
1411
1439
1443
1288
1416
1450
1414
1323
1446
1290
1372
1442
1399
1260
1397
1412
1373
1439
1262
1264
1352
1440
1259
1372
1374
1413
1373
1352
1264
1352
1287
1412
1289
1300
1398
1445
1270
1380
1381
1267
1301
1303
1305
1308
1292
1301
1322
1414
1302
1377
1377
1272
1304
1292
1323
1277
1325
1326
1278
1295
1309
1278
1390
1391
1324
1389
1324
1388
1454
1389
1455
1307
1415
1463
1298
1449
1285
1448
1285
1463
1299
1313
1458
1464
1431
1428
1442
1444
1289
1451
1416
1440
1451
1444
1400
1428
1304
1308
1417
1305
1320
1327
1338
1453
1295
1388
1338
1299
1311
1459
1298
1460
1397
1399
1412
1302
1305
1303
1304
1380
1417
1305
1309
1389
1456
1314
1415
1464
1417
1325
1338
1312
1314
1312
1313
1461
1314
1462
1316
1317
1318
1318
1321
1322
1321
1323
1414
1456
1327
1456
1329
1328
1457
1329
1331
1332
1333
1334
1334
1337
1411
1431
1446
1345
1346
1351
1346
1348
1426
1424
1420
1421
1376
1354
1356
1435
1405
1405
1360
1361
1359
1361
1360
1368
1365
1366
1420
1370
1371
1375
1413
1375
1440
1380
1380
1382
1417
1381
1382
1384
1387
1409
1392
1454
1454
1392
1395
1407
1410
1407
1410
1398
1401
1401
1413
1445
1436
1437
1465
1452
1422
1423
1427
1425
1426
1444
1430
1434
1449
1434
1437
1438
1438
1442
1445
1445
1447
1449
1448
1449
1451
1452
1452
1457
1457
1460
1462
1460
1461
1462
1464
1465
1465
)


// ************************************************************************* //
