/*--------------------------------*- C++ -*----------------------------------*\
| =========                 |                                                 |
| \\      /  F ield         | OpenFOAM: The Open Source CFD Toolbox           |
|  \\    /   O peration     | Version:  2412                                  |
|   \\  /    A nd           | Website:  www.openfoam.com                      |
|    \\/     M anipulation  |                                                 |
\*---------------------------------------------------------------------------*/
FoamFile
{
    version     2.0;
    format      ascii;
    arch        "LSB;label=32;scalar=64";
    class       vectorField;
    location    "constant/polyMesh";
    object      points;
}
// * * * * * * * * * * * * * * * * * * * * * * * * * * * * * * * * * * * * * //


648
(
(5.868513756 0 32.18606149)
(5.868513756 0 42.18606149)
(10.86851376 0 32.18606149)
(10.86851376 0 42.18606149)
(10.38565618 3.203550668 32.18606149)
(8.979987484 6.1224518 32.18606149)
(6.776407488 8.497346222 32.18606149)
(3.970713949 10.11721414 32.18606149)
(0.8122050501 10.83812319 32.18606149)
(-2.418471832 10.59601742 32.18606149)
(-5.434256878 9.412409014 32.18606149)
(-7.967184353 7.392466757 32.18606149)
(-9.792192534 4.715671387 32.18606149)
(-10.74712144 1.61986792 32.18606149)
(-10.74712144 -1.61986792 32.18606149)
(-9.792192534 -4.715671387 32.18606149)
(-7.967184353 -7.392466757 32.18606149)
(-5.434256878 -9.412409014 32.18606149)
(-2.418471832 -10.59601742 32.18606149)
(0.8122050501 -10.83812319 32.18606149)
(3.970713949 -10.11721414 32.18606149)
(6.776407488 -8.497346222 32.18606149)
(8.979987484 -6.1224518 32.18606149)
(10.38565618 -3.203550668 32.18606149)
(5.130019886 2.849973626 32.18606149)
(3.130435766 4.963851893 32.18606149)
(0.3248683675 5.859514847 32.18606149)
(-2.782537117 5.166908253 32.18606149)
(-4.967751452 3.124243783 32.18606149)
(-5.860521295 0.3061761851 32.18606149)
(-5.160672818 -2.794084782 32.18606149)
(-3.058909108 -5.008246077 32.18606149)
(0.01312360437 -5.868499082 32.18606149)
(2.86143863 -5.123633737 32.18606149)
(5.007829733 -3.05959067 32.18606149)
(5.130019886 2.849973626 42.18606149)
(3.130435766 4.963851893 42.18606149)
(0.3248683675 5.859514847 42.18606149)
(-2.782537117 5.166908253 42.18606149)
(-4.967751452 3.124243783 42.18606149)
(-5.860521295 0.3061761851 42.18606149)
(-5.160672818 -2.794084782 42.18606149)
(-3.058909108 -5.008246077 42.18606149)
(0.01312360437 -5.868499082 42.18606149)
(2.86143863 -5.123633737 42.18606149)
(5.007829733 -3.05959067 42.18606149)
(5.868513756 0 35.51939482)
(5.868513756 0 38.85272816)
(10.38565618 3.203550668 42.18606149)
(8.979987484 6.1224518 42.18606149)
(6.776407488 8.497346222 42.18606149)
(3.970713949 10.11721414 42.18606149)
(0.8122050501 10.83812319 42.18606149)
(-2.418471832 10.59601742 42.18606149)
(-5.434256878 9.412409014 42.18606149)
(-7.967184353 7.392466757 42.18606149)
(-9.792192534 4.715671387 42.18606149)
(-10.74712144 1.61986792 42.18606149)
(-10.74712144 -1.61986792 42.18606149)
(-9.792192534 -4.715671387 42.18606149)
(-7.967184353 -7.392466757 42.18606149)
(-5.434256878 -9.412409014 42.18606149)
(-2.418471832 -10.59601742 42.18606149)
(0.8122050501 -10.83812319 42.18606149)
(3.970713949 -10.11721414 42.18606149)
(6.776407488 -8.497346222 42.18606149)
(8.979987484 -6.1224518 42.18606149)
(10.38565618 -3.203550668 42.18606149)
(10.86851376 0 38.85272816)
(10.86851376 0 35.51939482)
(7.997034985 2.312304308 32.18606149)
(4.430997903 3.847819029 34.72392424)
(1.834401623 5.574443864 34.69738411)
(-1.212097202 5.741974754 34.6954424)
(-3.940635578 4.348660132 34.79766015)
(-5.697014172 1.408361894 35.75359376)
(-5.412790804 -2.267410288 35.81755553)
(-3.959490115 -4.33149994 34.39993404)
(-1.54617714 -5.66116507 34.58745451)
(1.404870509 -5.697876144 34.6800947)
(3.963775605 -4.327578613 34.73352434)
(5.440361561 -2.200436273 34.47834635)
(4.431446313 3.847302597 39.64921337)
(-1.173272961 5.750033414 39.7174497)
(-5.526501101 1.974142671 39.4115792)
(-4.399683216 -3.883586139 39.32368173)
(1.264225449 -5.730723141 39.67178598)
(5.226333243 2.669249807 37.18605343)
(5.105596558 -2.893499178 37.53999253)
(1.839739387 5.572684514 39.68212714)
(-3.837056579 4.440320992 39.72909923)
(-5.782267403 -1.002415776 39.08898566)
(-1.728501609 -5.608184723 39.59538832)
(3.682348776 -4.569437733 39.72141916)
(0.3531441865 5.857878702 37.19761375)
(-4.613275064 3.627278165 37.34656454)
(-3.116637847 -4.972526745 36.93446458)
(2.739074854 -5.190079253 37.21265851)
(3.229557952 4.899939707 37.1875254)
(-0.1772810753 -5.865835416 37.1271326)
(-2.521629363 5.29913569 37.234507)
(7.888024127 2.24397766 42.18606149)
(5.945938963 5.554902528 42.18606149)
(2.773510085 7.719218914 42.18606149)
(-1.176452002 8.127215829 42.18606149)
(-6.273626992 5.416015329 42.18606149)
(-7.786875051 2.330277222 42.18606149)
(-8.090539576 -1.462273541 42.18606149)
(-6.438440166 -5.160358174 42.18606149)
(-1.485528376 -8.126047475 42.18606149)
(1.891995022 -7.900645568 42.18606149)
(5.009505244 -6.621290724 42.18606149)
(8.021800365 -1.716850902 42.18606149)
(9.784214778 4.732201649 38.92516939)
(7.779723335 7.589499068 39.07629928)
(5.494808973 9.377188577 39.67270133)
(2.888849995 10.47755396 39.07351908)
(-0.2641456938 10.86530342 38.91211138)
(-3.453553704 10.30521994 38.86909416)
(-6.343424629 8.82527933 38.85808889)
(-8.666800658 6.558289229 38.85658768)
(-10.21488339 3.712243056 38.85516229)
(-10.85523917 0.5370044307 38.85442286)
(-10.5313986 -2.685932778 38.85399683)
(-9.270837556 -5.672403572 38.85508256)
(-7.188196893 -8.151957844 38.85427453)
(-4.466989943 -9.908107393 38.85355158)
(-1.347003001 -10.78471948 38.85346538)
(1.893450134 -10.70230993 38.85110012)
(4.969325543 -9.665939939 38.83912668)
(7.620839347 -7.749025675 38.80193667)
(9.636989644 -5.025238488 38.70325029)
(10.63757343 -2.228592087 39.82591192)
(10.20607656 3.736387617 35.64047797)
(5.505829506 9.370722102 36.16087856)
(-1.301000791 10.79036553 35.56083568)
(-7.191296323 8.149223795 35.52465081)
(-10.53406248 2.675466095 35.52226558)
(-10.211019 -3.722859422 35.52134325)
(-6.340700142 -8.827236995 35.52092479)
(-0.2677520031 -10.86521514 35.51955688)
(5.881789224 -9.139428144 35.49289236)
(9.86219435 -4.56746252 34.99784023)
(10.66649406 -2.085784204 34.37268719)
(10.5944349 -2.425394899 37.07237714)
(-4.456369733 9.912888583 35.53208254)
(8.385445875 6.914397207 35.6932674)
(2.051096615 10.67321854 35.67123927)
(-9.277759227 5.661075427 35.52387862)
(-10.8547411 -0.5469798762 35.52125535)
(-8.65935573 -6.568116138 35.52210767)
(-3.457537281 -10.30388408 35.52050767)
(2.942823374 -10.46252273 35.51498762)
(8.270456343 -7.051534807 35.4042332)
(9.62119794 2.967746528 41.38606149)
(10.06851376 0 41.38606149)
(10.06851376 0 38.85272816)
(8.318996465 5.671795754 41.38606149)
(9.064026903 4.383877912 38.92516939)
(6.277615647 7.871881036 41.38606149)
(7.207080303 7.030857897 39.07629928)
(3.678441129 9.372515143 41.38606149)
(5.090351907 8.686960729 39.67270133)
(0.7524209753 10.04036015 41.38606149)
(2.676210066 9.706331384 39.07351908)
(-2.240455085 9.816075095 41.38606149)
(-0.2447026899 10.06553972 38.91211138)
(-5.034256878 8.719588691 41.38606149)
(-3.19934756 9.546682379 38.86909416)
(-7.380742855 6.848328567 41.38606149)
(-5.876503409 8.175675932 38.85808889)
(-9.07141744 4.368564396 41.38606149)
(-8.028862419 6.075552445 38.85658768)
(-9.956056776 1.500634107 41.38606149)
(-9.462995243 3.438995534 38.85516229)
(-9.956056776 -1.500634107 41.38606149)
(-10.05621628 0.497477081 38.85442286)
(-9.07141744 -4.368564396 41.38606149)
(-9.756212671 -2.488229001 38.85399683)
(-7.380742855 -6.848328567 41.38606149)
(-8.5884379 -5.254874279 38.85508256)
(-5.034256878 -8.719588691 41.38606149)
(-6.65909442 -7.551915702 38.85427453)
(-2.240455085 -9.816075095 41.38606149)
(-4.138187677 -9.17880014 38.85355158)
(0.7524209753 -10.04036015 41.38606149)
(-1.247853989 -9.990887332 38.85346538)
(3.678441129 -9.372515143 41.38606149)
(1.754078722 -9.914543716 38.85110012)
(6.277615647 -7.871881036 41.38606149)
(4.6035478 -8.954457935 38.83912668)
(8.318996465 -5.671795754 41.38606149)
(7.059891308 -7.178642209 38.80193667)
(9.62119794 -2.967746528 41.38606149)
(8.927638588 -4.655345154 38.70325029)
(9.854572286 -2.064551841 39.82591192)
(10.06851376 0 32.98606149)
(9.62119794 2.967746528 32.98606149)
(10.06851376 0 35.51939482)
(8.318996465 5.671795754 32.98606149)
(9.454836659 3.461362884 35.64047797)
(6.277615647 7.871881036 32.98606149)
(3.678441129 9.372515143 32.98606149)
(5.100561251 8.680970232 36.16087856)
(0.7524209753 10.04036015 32.98606149)
(-2.240455085 9.816075095 32.98606149)
(-1.205237869 9.996117793 35.56083568)
(-5.034256878 8.719588691 32.98606149)
(-7.380742855 6.848328567 32.98606149)
(-6.661965709 7.549382898 35.52465081)
(-9.07141744 4.368564396 32.98606149)
(-9.956056776 1.500634107 32.98606149)
(-9.75868048 2.478532741 35.52226558)
(-9.956056776 -1.500634107 32.98606149)
(-9.07141744 -4.368564396 32.98606149)
(-9.459415294 -3.44883046 35.52134325)
(-7.380742855 -6.848328567 32.98606149)
(-5.034256878 -8.719588691 32.98606149)
(-5.873979463 -8.1774895 35.52092479)
(-2.240455085 -9.816075095 32.98606149)
(0.7524209753 -10.04036015 32.98606149)
(-0.2480435492 -10.06545795 35.51955688)
(3.678441129 -9.372515143 32.98606149)
(6.277615647 -7.871881036 32.98606149)
(5.448847656 -8.466701156 35.49289236)
(8.318996465 -5.671795754 32.98606149)
(9.62119794 -2.967746528 32.98606149)
(9.136266623 -4.231264757 34.99784023)
(9.881364147 -1.932255635 34.37268719)
(9.814609055 -2.246868565 37.07237714)
(-4.12834919 9.1832294 35.53208254)
(7.768217351 6.40544834 35.6932674)
(1.9001213 9.887593656 35.67123927)
(-8.594850087 5.244379967 35.52387862)
(-10.05575486 -0.5067182627 35.52125535)
(-8.021965491 -6.084656023 35.52210767)
(-3.203037918 -9.545444848 35.52050767)
(2.726210619 -9.692406559 35.51498762)
(7.661691868 -6.532491636 35.4042332)
(5.829347873 3.238484073 41.38606149)
(6.668513756 0 41.38606149)
(7.888024127 2.24397766 41.38606149)
(3.557179012 5.64052774 41.38606149)
(5.945938963 5.554902528 41.38606149)
(0.3691546562 6.65828811 41.38606149)
(2.773510085 7.719218914 41.38606149)
(-3.16185457 5.871264888 41.38606149)
(-1.176452002 8.127215829 41.38606149)
(-5.64495889 3.550142933 41.38606149)
(-6.273626992 5.416015329 41.38606149)
(-6.659431757 0.347914342 41.38606149)
(-7.786875051 2.330277222 41.38606149)
(-5.864179434 -3.174976421 41.38606149)
(-8.090539576 -1.462273541 41.38606149)
(-3.475901789 -5.690973771 41.38606149)
(-6.438440166 -5.160358174 41.38606149)
(0.01491262352 -6.668497082 41.38606149)
(-1.485528376 -8.126047475 41.38606149)
(3.251511994 -5.822091159 41.38606149)
(1.891995022 -7.900645568 41.38606149)
(5.69050067 -3.476676263 41.38606149)
(5.009505244 -6.621290724 41.38606149)
(8.021800365 -1.716850902 41.38606149)
(5.829347873 3.238484073 32.98606149)
(6.668513756 0 32.98606149)
(6.668513756 0 35.51939482)
(3.557179012 5.64052774 32.98606149)
(5.035034712 4.372356476 34.72392424)
(0.3691546562 6.65828811 32.98606149)
(2.084468567 6.334356045 34.69738411)
(-3.16185457 5.871264888 32.98606149)
(-1.377331161 6.524724867 34.6954424)
(-5.64495889 3.550142933 32.98606149)
(-4.477825843 4.941472597 34.79766015)
(-6.659431757 0.347914342 32.98606149)
(-6.473635226 1.600350796 35.75359376)
(-5.864179434 -3.174976421 32.98606149)
(-6.150666325 -2.576505283 35.81755553)
(-3.475901789 -5.690973771 32.98606149)
(-4.499250645 -4.921973115 34.39993404)
(0.01491262352 -6.668497082 32.98606149)
(-1.756953116 -6.432899149 34.58745451)
(3.251511994 -5.822091159 32.98606149)
(1.596383464 -6.474614703 34.6800947)
(5.69050067 -3.476676263 32.98606149)
(4.504120336 -4.917517231 34.73352434)
(6.181995547 -2.500401322 34.47834635)
(6.668513756 0 38.85272816)
(5.03554425 4.371769644 39.64921337)
(-1.333214372 6.533882089 39.7174497)
(-6.279877691 2.243259214 39.4115792)
(-4.999451185 -4.412999384 39.32368173)
(1.436565568 -6.511939426 39.67178598)
(5.938790736 3.033123853 37.18605343)
(5.801595139 -3.287943059 37.53999253)
(2.090533978 6.33235686 39.68212714)
(-4.360126881 5.045628731 39.72909923)
(-6.570510238 -1.139065813 39.08898566)
(-1.964132186 -6.372696483 39.59538832)
(4.184329199 -5.192346759 39.72141916)
(0.4012850551 6.656428924 37.19761375)
(-5.242160026 4.121751323 37.34656454)
(-3.541500152 -5.650385154 36.93446458)
(3.1124675 -5.897594575 37.21265851)
(3.669813606 5.567902999 37.1875254)
(-0.2014481586 -6.665470302 37.1271326)
(-2.865379685 6.021517664 37.234507)
(7.997034985 2.312304308 32.98606149)
(9.632596278 4.658870336 38.92516939)
(9.405168528 4.548873366 38.92516939)
(7.659166907 7.4718904 39.07629928)
(7.478332265 7.295477399 39.07629928)
(5.409660117 9.231877451 39.67270133)
(5.281936833 9.013910763 39.67270133)
(2.844083694 10.31519131 39.07351908)
(2.776934243 10.07164734 39.07351908)
(-0.2600524298 10.69693211 38.91211138)
(-0.2539125339 10.44437515 38.91211138)
(-3.400036621 10.14552782 38.86909416)
(-3.319760997 9.905989646 38.86909416)
(-6.245125424 8.688520719 38.85808889)
(-6.097676618 8.483382804 38.85808889)
(-8.532497871 6.456660433 38.85658768)
(-8.33104369 6.304217238 38.85658768)
(-10.05659115 3.654717262 38.85516229)
(-9.819152788 3.568428571 38.85516229)
(-10.68702383 0.5286828834 38.85442286)
(-10.43470081 0.5162005625 38.85442286)
(-10.36820156 -2.644310931 38.85399683)
(-10.123406 -2.581878159 38.85399683)
(-9.12717447 -5.584502668 38.85508256)
(-8.911679842 -5.452651312 38.85508256)
(-7.076806899 -8.025633182 38.85427453)
(-6.909721907 -7.83614619 38.85427453)
(-4.397768414 -9.754569024 38.85355158)
(-4.293936119 -9.52426147 38.85355158)
(-1.326129525 -10.61759692 38.85346538)
(-1.294819311 -10.36691308 38.85346538)
(1.864108784 -10.53646441 38.85110012)
(1.82009676 -10.28769613 38.85110012)
(4.892319703 -9.516154254 38.83912668)
(4.776810942 -9.291475726 38.83912668)
(7.502745023 -7.628944945 38.80193667)
(7.325603537 -7.448823851 38.80193667)
(9.48765258 -4.947366207 38.70325029)
(9.263646983 -4.830557786 38.70325029)
(10.47273109 -2.194057299 39.82591192)
(10.22546757 -2.142255116 39.82591192)
(10.04792079 3.678487673 35.64047797)
(9.81068714 3.591637757 35.64047797)
(5.420509874 9.225511182 36.16087856)
(5.292530425 9.007694802 36.16087856)
(-1.280840175 10.62315548 35.56083568)
(-1.250599253 10.3723404 35.56083568)
(-7.079858299 8.022941501 35.52465081)
(-6.912701263 7.83351806 35.52465081)
(-10.37082417 2.634006442 35.52226558)
(-10.12596669 2.571816961 35.52226558)
(-10.05278664 -3.665169114 35.52134325)
(-9.815438102 -3.578633652 35.52134325)
(-6.242443157 -8.690448049 35.52092479)
(-6.09505768 -8.485264629 35.52092479)
(-0.263602855 -10.69684521 35.51955688)
(-0.2573791327 -10.4442903 35.51955688)
(5.790643631 -8.997801409 35.49289236)
(5.653925241 -8.785361308 35.49289236)
(9.70936746 -4.496684044 34.99784023)
(9.480127125 -4.390516329 34.99784023)
(10.50120355 -2.0534624 34.37268719)
(10.25326779 -2.004979694 34.37268719)
(10.43026104 -2.387810407 37.07237714)
(10.18400024 -2.33143367 37.07237714)
(-4.387312777 9.759276124 35.53208254)
(-4.283727342 9.528857434 35.53208254)
(8.255503028 6.807250077 35.6932674)
(8.060588757 6.646529382 35.6932674)
(2.019312338 10.50782383 35.67123927)
(1.971635923 10.25973176 35.67123927)
(-9.133988882 5.573350067 35.52387862)
(-8.918333364 5.441762027 35.52387862)
(-10.68653347 -0.5385037471 35.52125535)
(-10.43422203 -0.5257895533 35.52125535)
(-8.525168311 -6.466335061 35.52210767)
(-8.323887183 -6.313663446 35.52210767)
(-3.403958468 -10.14421267 35.52050767)
(-3.323590248 -9.904705539 35.52050767)
(2.897220689 -10.30039301 35.51498762)
(2.828816661 -10.05719843 35.51498762)
(8.142295401 -6.942262561 35.4042332)
(7.950053988 -6.778354191 35.4042332)
(10.22471761 3.153907691 42.01764044)
(9.98330974 3.079443226 41.76500886)
(8.84083148 6.027576843 42.01764044)
(8.632097474 5.885264407 41.76500886)
(6.671398679 8.365669341 42.01764044)
(6.513885466 8.168154019 41.76500886)
(3.909182829 9.960435406 42.01764044)
(3.816886149 9.725267301 41.76500886)
(0.7996189291 10.67017307 42.01764044)
(0.7807397476 10.4182479 41.76500886)
(-2.380994622 10.43181904 42.01764044)
(-2.324778807 10.18552146 41.76500886)
(-5.350046352 9.266552104 42.01764044)
(-5.223730562 9.047766739 41.76500886)
(-7.843722985 7.277911348 42.01764044)
(-7.658530933 7.106078236 41.76500886)
(-9.640450409 4.642596231 42.01764044)
(-9.412837222 4.532983497 41.76500886)
(-10.58058151 1.594766065 42.01764044)
(-10.33077162 1.557113282 41.76500886)
(-10.58058151 -1.594766065 42.01764044)
(-10.33077162 -1.557113282 41.76500886)
(-9.640450409 -4.642596231 42.01764044)
(-9.412837222 -4.532983497 41.76500886)
(-7.843722985 -7.277911348 42.01764044)
(-7.658530933 -7.106078236 41.76500886)
(-5.350046352 -9.266552104 42.01764044)
(-5.223730562 -9.047766739 41.76500886)
(-2.380994622 -10.43181904 42.01764044)
(-2.324778807 -10.18552146 41.76500886)
(0.7996189291 -10.67017307 42.01764044)
(0.7807397476 -10.4182479 41.76500886)
(3.909182829 -9.960435406 42.01764044)
(3.816886149 -9.725267301 41.76500886)
(6.671398679 -8.365669341 42.01764044)
(6.513885466 -8.168154019 41.76500886)
(8.84083148 -6.027576843 42.01764044)
(8.632097474 -5.885264407 41.76500886)
(10.22471761 -3.153907691 42.01764044)
(9.98330974 -3.079443226 41.76500886)
(10.7000927 0 42.01764044)
(10.44746112 0 41.76500886)
(10.22471761 3.153907691 32.35448254)
(9.98330974 3.079443226 32.60711412)
(8.84083148 6.027576843 32.35448254)
(8.632097474 5.885264407 32.60711412)
(6.671398679 8.365669341 32.35448254)
(6.513885466 8.168154019 32.60711412)
(3.909182829 9.960435406 32.35448254)
(3.816886149 9.725267301 32.60711412)
(0.7996189291 10.67017307 32.35448254)
(0.7807397476 10.4182479 32.60711412)
(-2.380994622 10.43181904 32.35448254)
(-2.324778807 10.18552146 32.60711412)
(-5.350046352 9.266552104 32.35448254)
(-5.223730562 9.047766739 32.60711412)
(-7.843722985 7.277911348 32.35448254)
(-7.658530933 7.106078236 32.60711412)
(-9.640450409 4.642596231 32.35448254)
(-9.412837222 4.532983497 32.60711412)
(-10.58058151 1.594766065 32.35448254)
(-10.33077162 1.557113282 32.60711412)
(-10.58058151 -1.594766065 32.35448254)
(-10.33077162 -1.557113282 32.60711412)
(-9.640450409 -4.642596231 32.35448254)
(-9.412837222 -4.532983497 32.60711412)
(-7.843722985 -7.277911348 32.35448254)
(-7.658530933 -7.106078236 32.60711412)
(-5.350046352 -9.266552104 32.35448254)
(-5.223730562 -9.047766739 32.60711412)
(-2.380994622 -10.43181904 32.35448254)
(-2.324778807 -10.18552146 32.60711412)
(0.7996189291 -10.67017307 32.35448254)
(0.7807397476 -10.4182479 32.60711412)
(3.909182829 -9.960435406 32.35448254)
(3.816886149 -9.725267301 32.60711412)
(6.671398679 -8.365669341 32.35448254)
(6.513885466 -8.168154019 32.60711412)
(8.84083148 -6.027576843 32.35448254)
(8.632097474 -5.885264407 32.60711412)
(10.22471761 -3.153907691 32.35448254)
(9.98330974 -3.079443226 32.60711412)
(10.7000927 0 32.35448254)
(10.44746112 0 32.60711412)
(10.7000927 0 38.85272816)
(10.44746112 0 38.85272816)
(10.7000927 0 35.51939482)
(10.44746112 0 35.51939482)
(7.888024127 2.24397766 42.01764044)
(7.888024127 2.24397766 41.76500886)
(5.945938963 5.554902528 42.01764044)
(5.945938963 5.554902528 41.76500886)
(2.773510085 7.719218914 42.01764044)
(2.773510085 7.719218914 41.76500886)
(-1.176452002 8.127215829 42.01764044)
(-1.176452002 8.127215829 41.76500886)
(-6.273626992 5.416015329 42.01764044)
(-6.273626992 5.416015329 41.76500886)
(-7.786875051 2.330277222 42.01764044)
(-7.786875051 2.330277222 41.76500886)
(-8.090539576 -1.462273541 42.01764044)
(-8.090539576 -1.462273541 41.76500886)
(-6.438440166 -5.160358174 42.01764044)
(-6.438440166 -5.160358174 41.76500886)
(-1.485528376 -8.126047475 42.01764044)
(-1.485528376 -8.126047475 41.76500886)
(1.891995022 -7.900645568 42.01764044)
(1.891995022 -7.900645568 41.76500886)
(5.009505244 -6.621290724 42.01764044)
(5.009505244 -6.621290724 41.76500886)
(8.021800365 -1.716850902 42.01764044)
(8.021800365 -1.716850902 41.76500886)
(5.277246831 2.931765299 42.01764044)
(5.498087248 3.054452809 41.76500886)
(3.220276449 5.106309966 42.01764044)
(3.355037475 5.319997076 41.76500886)
(0.3341917967 6.02767764 42.01764044)
(0.3481769405 6.279921828 41.76500886)
(-2.862393423 5.315193861 42.01764044)
(-2.982177882 5.537622272 41.76500886)
(-5.110321439 3.213906762 42.01764044)
(-5.324176419 3.34840123 41.76500886)
(-6.028712971 0.3149631655 42.01764044)
(-6.281000485 0.3281436361 41.76500886)
(-5.308779474 -2.874272495 42.01764044)
(-5.530939458 -2.994554066 41.76500886)
(-3.146697041 -5.151978223 42.01764044)
(-3.27837894 -5.367576443 41.76500886)
(0.01350023998 -6.036919713 42.01764044)
(0.01406519339 -6.289550661 41.76500886)
(2.943559338 -5.270677405 42.01764044)
(3.0667404 -5.491242907 41.76500886)
(5.15154993 -3.147398163 42.01764044)
(5.367130226 -3.279109403 41.76500886)
(6.036934809 0 42.01764044)
(6.289566388 0 41.76500886)
(4.558163547 3.958247966 34.72392424)
(4.748912013 4.12389137 34.72392424)
(1.887047296 5.734425375 34.69738411)
(1.966015804 5.974397643 34.69738411)
(-1.246883299 5.906764251 34.6954424)
(-1.299062444 6.153948498 34.6954424)
(-4.053728265 4.473462757 34.79766015)
(-4.223367296 4.660666693 34.79766015)
(-5.860513342 1.44878061 35.75359376)
(-6.105762095 1.509408685 35.75359376)
(-5.568133019 -2.332482919 35.81755553)
(-5.801146341 -2.430091865 35.81755553)
(-4.073123911 -4.455810082 34.39993404)
(-4.243574605 -4.642275295 34.39993404)
(-1.59055103 -5.823635403 34.58745451)
(-1.657111864 -6.067340901 34.58745451)
(1.445189026 -5.861400051 34.6800947)
(1.505666801 -6.106685912 34.6800947)
(4.07753239 -4.451776217 34.73352434)
(4.248167569 -4.638072623 34.73352434)
(5.596495032 -2.263586809 34.47834635)
(5.830695238 -2.358312615 34.47834635)
(4.558624826 3.957716712 39.64921337)
(4.749392596 4.123337885 39.64921337)
(-1.206944837 5.915054188 39.7174497)
(-1.257452651 6.162585348 39.7174497)
(-5.685106699 2.030798785 39.4115792)
(-5.923015096 2.115782957 39.4115792)
(-4.525950157 -3.995041559 39.32368173)
(-4.715350568 -4.162224689 39.32368173)
(1.300507579 -5.895189727 39.67178598)
(1.354930775 -6.141889606 39.67178598)
(5.376324294 2.74585487 37.18605343)
(5.601310871 2.860762463 37.18605343)
(5.252122575 -2.976539995 37.53999253)
(5.4719116 -3.101101221 37.53999253)
(1.892538248 5.732615534 39.68212714)
(1.97173654 5.972512064 39.68212714)
(-3.947176643 4.5677542 39.72909923)
(-4.112356738 4.758904013 39.72909923)
(-5.948213263 -1.031184205 39.08898566)
(-6.197132053 -1.074336848 39.08898566)
(-1.778108046 -5.769134568 39.59538832)
(-1.852517702 -6.010559334 39.59538832)
(3.788028865 -4.700576476 39.72141916)
(3.946548999 -4.897284589 39.72141916)
(0.3632791062 6.025994538 37.19761375)
(0.3784814858 6.278168292 37.19761375)
(-4.745671898 3.731377777 37.34656454)
(-4.94426715 3.887527195 37.34656454)
(-3.206082543 -5.115233779 36.93446458)
(-3.340249586 -5.329294329 36.93446458)
(2.817683832 -5.339029847 37.21265851)
(2.935597299 -5.562455738 37.21265851)
(3.322243353 5.040563558 37.1875254)
(3.461271454 5.251499335 37.1875254)
(-0.1823688823 -6.034179602 37.1271326)
(-0.1900005928 -6.286695882 37.1271326)
(-2.593997852 5.451216105 37.234507)
(-2.702550585 5.679336729 37.234507)
(5.277246831 2.931765299 32.35448254)
(5.498087248 3.054452809 32.60711412)
(3.220276449 5.106309966 32.35448254)
(3.355037475 5.319997076 32.60711412)
(0.3341917967 6.02767764 32.35448254)
(0.3481769405 6.279921828 32.60711412)
(-2.862393423 5.315193861 32.35448254)
(-2.982177882 5.537622272 32.60711412)
(-5.110321439 3.213906762 32.35448254)
(-5.324176419 3.34840123 32.60711412)
(-6.028712971 0.3149631655 32.35448254)
(-6.281000485 0.3281436361 32.60711412)
(-5.308779474 -2.874272495 32.35448254)
(-5.530939458 -2.994554066 32.60711412)
(-3.146697041 -5.151978223 32.35448254)
(-3.27837894 -5.367576443 32.60711412)
(0.01350023998 -6.036919713 32.35448254)
(0.01406519339 -6.289550661 32.60711412)
(2.943559338 -5.270677405 32.35448254)
(3.0667404 -5.491242907 32.60711412)
(5.15154993 -3.147398163 32.35448254)
(5.367130226 -3.279109403 32.60711412)
(6.036934809 0 32.35448254)
(6.289566388 0 32.60711412)
(6.036934809 0 35.51939482)
(6.289566388 0 35.51939482)
(6.036934809 0 38.85272816)
(6.289566388 0 38.85272816)
(7.997034985 2.312304308 32.35448254)
(7.997034985 2.312304308 32.60711412)
(0.843079714 7.974497138 40.76412971)
(-2.892212865 -8.398155583 40.26895586)
(8.28049894 -2.835686436 33.81008738)
(-2.201705101 8.71287954 40.17457371)
(-9.042219749 -0.8382267142 40.16815848)
(-8.057623596 3.160990745 34.26115013)
(-7.714178773 -3.35508642 34.19401411)
(7.420346088 3.574710462 34.8204781)
(-6.496740913 5.327889146 39.73710217)
(4.609485378 -6.908918513 40.00619539)
(-3.199244617 7.436050076 33.98815675)
(3.074406695 -8.124488989 34.08170152)
(5.888512513 -6.348870868 34.08270371)
(-6.249902579 -6.154992004 34.07012281)
(8.317178183 -3.301511763 40.38413208)
(3.720031616 8.348733049 40.53940029)
(-1.221966719 -8.367907545 34.33383112)
(-6.151166944 -6.207070971 40.1443505)
(4.238029679 6.87886394 34.02978081)
(8.534663604 1.615416434 39.89462673)
(-7.838811893 3.181161573 40.11269925)
(-6.168923401 5.968658673 34.05002358)
(7.987557564 -0.9822582016 39.98644477)
(2.208925629 -9.012004068 39.86360596)
(4.888633183 5.349435002 40.77724288)
(-7.321047173 -1.472233053 40.41189823)
(-1.470368515 -7.353283946 40.3247445)
(7.348929248 1.376376354 33.8609775)
(-6.49794365 -4.054515818 40.33267711)
(1.860835896 -7.219602051 40.56165701)
(6.496181097 6.511162149 40.28816702)
(-0.518353465 -9.163591046 40.54024677)
)


// ************************************************************************* //
