                    0
1.5306122448979591066
3.0612244897959182133
4.5918367346938770979
6.1224489795918364266
7.6530612244897957552
9.1836734693877541957
10.714285714285713524
12.244897959183672853
13.775510204081632182
 15.30612244897959151
16.836734693877549063
18.367346938775508391
 19.89795918367346772
21.428571428571427049
22.959183673469386378
24.489795918367345706
26.020408163265305035
27.551020408163264364
29.081632653061223692
30.612244897959183021
32.142857142857138797
33.673469387755098126
35.204081632653057454
36.734693877551016783
38.265306122448976112
 39.79591836734693544
41.326530612244894769
42.857142857142854098
44.387755102040813426
45.918367346938772755
47.448979591836732084
48.979591836734691412
50.510204081632650741
 52.04081632653061007
53.571428571428569398
55.102040816326528727
56.632653061224488056
58.163265306122447384
59.693877551020406713
61.224489795918366042
62.755102040816325371
64.285714285714277594
65.816326530612244028
67.346938775510196251
68.877551020408162685
70.408163265306114909
71.938775510204081343
73.469387755102033566
                   75
