/*--------------------------------*- C++ -*----------------------------------*\
| =========                 |                                                 |
| \\      /  F ield         | OpenFOAM: The Open Source CFD Toolbox           |
|  \\    /   O peration     | Version:  2112                                  |
|   \\  /    A nd           | Website:  www.openfoam.com                      |
|    \\/     M anipulation  |                                                 |
\*---------------------------------------------------------------------------*/
FoamFile
{
    version     2.0;
    format      ascii;
    arch        "LSB;label=32;scalar=64";
    class       pointScalarField;
    location    "0";
    object      motionScale;
}
// * * * * * * * * * * * * * * * * * * * * * * * * * * * * * * * * * * * * * //

dimensions      [0 0 0 0 0 0 0];

internalField   nonuniform List<scalar> 
24440
(
0
0
0
0
0
0
0
0
0
0
0
0
0
0
0
0
0
0
0
0
0
0
0
0
0
0
0
0
0
0
0
0
0
0
0
0
0
0
0
0
0
0
0
0
0
0
0
0
0
0
0
0
0
0
0
0
0
0
0
0
0
0
0
0
0
0
0
0
0
0
0
0
0
0
0
0
0
0
0
0
0
0
0
0
0
0
0
0
0
0
0
0
0
0
0
0
0
0
0.000360357
0.00227243
0.00624871
0.00962895
0.0109262
0.00962895
0.00624871
0.00227243
0.000360357
0
0
0
0
0
0
0
0
0
0
0
0
0
0
0
0
0
0
0
0
0
0
0
0
0
0
0
0
0
0.000603501
0.00798331
0.0234943
0.0423234
0.0603704
0.0729517
0.0846473
0.0887625
0.0846473
0.0729517
0.0603704
0.0423234
0.0234943
0.00798331
0.000603501
0
0
0
0
0
0
0
0
0
0
0
0
0
0
0
0
0
0
0
0
0
0
0
0
0.000253384
0.0104988
0.0358042
0.0706055
0.106451
0.146441
0.181075
0.202525
0.223036
0.230125
0.223036
0.202525
0.181075
0.146441
0.106451
0.0706055
0.0358042
0.0104988
0.000253384
0
0
0
0
0
0
0
0
0
0
0
0
0
0
0
0
0
0
0
0
0
0.00239587
0.0249157
0.0662149
0.116175
0.178205
0.240769
0.294968
0.34574
0.381769
0.403295
0.413176
0.403295
0.381769
0.34574
0.294968
0.240769
0.178205
0.116175
0.0662149
0.0249157
0.00253644
0
0
0
0
0
0
0
0
0
0
0
0
0
0
0
0
0
0
0
0.00471214
0.0330415
0.0824675
0.151397
0.233319
0.318447
0.396567
0.470627
0.498455
0.52855
0.553722
0.573556
0.587738
0.597545
0.606605
0.609639
0.606605
0.597545
0.587738
0.573556
0.553722
0.52855
0.498455
0.470627
0.396567
0.318447
0.233319
0.151397
0.0807558
0.0298564
0.00376531
0
0
0
0
0
0
0
0
0
0
0
0
0
0
0
0
0
0.00277161
0.0317181
0.0883722
0.16629
0.257559
0.364943
0.416289
0.461801
0.512172
0.559387
0.602584
0.639282
0.557144
0.591161
0.618007
0.645085
0.666327
0.681465
0.69054
0.700157
0.703374
0.700157
0.69054
0.681465
0.666327
0.645085
0.618007
0.591161
0.557144
0.639282
0.602584
0.559387
0.512172
0.461801
0.416289
0.364943
0.257559
0.16629
0.0851487
0.0303381
0.00251702
0
0
0
0
0
0
0
0
0
0
0
0
0
0
0
0
0.0175365
0.0716653
0.153211
0.255641
0.369724
0.485646
0.427457
0.483293
0.537021
0.587612
0.632559
0.678143
0.718423
0.751702
0.675427
0.705873
0.783081
0.805676
0.730094
0.752255
0.828148
0.843965
0.767976
0.775943
0.853133
0.860409
0.785861
0.789171
0.863695
0.860409
0.785861
0.775943
0.853133
0.843965
0.767976
0.752255
0.828148
0.805676
0.730094
0.705873
0.783081
0.751702
0.675427
0.718423
0.678143
0.632559
0.587612
0.537021
0.483293
0.427457
0.485646
0.369724
0.252563
0.152001
0.0715888
0.0190649
0
0
0
0
0
0
0
0
0
0
0
0
0
0
0
0.00382556
0.0393026
0.113289
0.212258
0.329915
0.464715
0.594558
0.544027
0.602848
0.541307
0.601848
0.658138
0.713603
0.655129
0.703787
0.763611
0.786413
0.807638
0.778779
0.744861
0.786195
0.815838
0.83415
0.804497
0.849017
0.877135
0.890146
0.862226
0.891336
0.918844
0.9257
0.899809
0.91538
0.940586
0.944175
0.91955
0.924033
0.948125
0.947398
0.923261
0.91538
0.940586
0.937185
0.911803
0.891336
0.918844
0.91097
0.883529
0.849017
0.877135
0.865648
0.834102
0.786195
0.815838
0.795863
0.766297
0.703787
0.763611
0.713603
0.655129
0.601848
0.658138
0.602848
0.541307
0.544027
0.591879
0.464394
0.335233
0.210476
0.112186
0.0412725
0.00437472
0
0
0
0
0
0
0
0
0
0
0
0
0
0
0.0125163
0.0633459
0.148834
0.261522
0.391749
0.534985
0.668667
0.635683
0.698591
0.655778
0.712936
0.756934
0.809625
0.765001
0.811122
0.835012
0.855561
0.834984
0.893038
0.902922
0.910898
0.901104
0.94537
0.953276
0.958408
0.950664
0.976348
0.982109
0.984724
0.97892
0.989924
0.99415
0.994753
0.99065
0.993396
0.996801
0.996743
0.993314
0.989924
0.99415
0.993316
0.988936
0.976348
0.982109
0.979917
0.973253
0.94537
0.953276
0.948809
0.93961
0.893038
0.902922
0.911966
0.894756
0.875511
0.811122
0.835012
0.855765
0.809625
0.765001
0.712936
0.755204
0.698141
0.655778
0.636444
0.670648
0.53364
0.395651
0.264264
0.150559
0.0642498
0.0128251
0
0
0
0
0
0
0
0
0
0
0
0
0
0
0.0192999
0.0786931
0.173173
0.294762
0.433219
0.576911
0.713809
0.696848
0.759258
0.730284
0.786784
0.816115
0.866306
0.842064
0.887754
0.89904
0.918703
0.907678
0.955024
0.960238
0.966121
0.961071
0.991311
0.993827
0.99593
0.993709
1
1
1
1
1
1
1
1
1
1
1
1
1
1
1
1
1
1
1
1
0.991311
0.993827
0.991055
0.988428
0.955024
0.960238
0.964693
0.951092
0.941348
0.887238
0.900351
0.910364
0.865104
0.842813
0.791268
0.815101
0.758452
0.733512
0.696256
0.714164
0.576674
0.43253
0.293817
0.172187
0.0778773
0.0188365
0
0
0
0
0
0
0
0
0
0
0
0
0
0
0.0204622
0.0812087
0.177139
0.300191
0.440027
0.584898
0.722631
0.722885
0.785359
0.7761
0.832537
0.841807
0.891037
0.881971
0.925
0.929158
0.94641
0.942661
0.981601
0.983205
0.987463
0.985982
1
1
1
1
1
1
1
1
1
1
1
1
1
1
1
1
1
0.999959
0.999815
0.981601
0.983205
0.984263
0.974264
0.970735
0.924943
0.929216
0.932015
0.891037
0.883252
0.833529
0.839686
0.782924
0.776777
0.720188
0.721015
0.583099
0.438201
0.298495
0.17572
0.080191
0.0199349
0
0
0
0
0
0
0
0
0
0
0
0
0
0
0.0167223
0.0730835
0.164421
0.282943
0.418616
0.560033
0.695419
0.714959
0.77733
0.785155
0.841656
0.833824
0.883286
0.890944
0.931977
0.929782
0.947029
0.949121
0.986017
0.985496
0.989487
0.98996
1
1
1
1
1
1
1
1
1
1
1
1
1
1
1
1
0.986017
0.98507
0.98455
0.974574
0.975708
0.93111
0.929712
0.92547
0.88389
0.889852
0.840362
0.834264
0.777594
0.783684
0.715046
0.697187
0.561332
0.419465
0.28341
0.164607
0.0731016
0.0166858
0
0
0
0
0
0
0
0
0
0
0
0
0
0
0.00845791
0.0531257
0.132139
0.238403
0.37065
0.50588
0.637785
0.672765
0.735295
0.757336
0.817419
0.792672
0.84381
0.868386
0.911672
0.901299
0.920112
0.930185
0.972428
0.969477
0.974843
0.977993
0.99879
0.997765
0.998989
0.999624
1
1
1
1
1
1
1
1
0.99879
0.997614
0.995989
0.997442
0.972428
0.969477
0.965465
0.952748
0.960601
0.911672
0.901299
0.889518
0.84381
0.868386
0.815896
0.792672
0.735295
0.759323
0.672765
0.637785
0.50588
0.365873
0.240747
0.133676
0.053967
0.00874216
0
0
0
0
0
0
0
0
0
0
0
0
0
0
0.00104654
0.0310663
0.0946005
0.186023
0.296976
0.417723
0.544427
0.59247
0.656894
0.699138
0.758818
0.713298
0.769784
0.810716
0.858402
0.839281
0.860344
0.879303
0.93048
0.921965
0.929708
0.936781
0.975708
0.970109
0.974196
0.979579
0.995933
0.992801
0.994177
0.997037
1
0.999444
0.999661
1
1
1
1
1
1
1
0.999444
0.999138
0.999966
0.999991
0.995933
0.992801
0.991102
0.994512
0.975708
0.970109
0.965553
0.971357
0.931165
0.923348
0.913955
0.898422
0.91531
0.856045
0.838308
0.81759
0.768727
0.810716
0.758818
0.713298
0.656894
0.699138
0.59247
0.544427
0.417723
0.296976
0.186023
0.0946005
0.0289787
0.00125709
0
0
0
0
0
0
0
0
0
0
0
0
0
0
0
0.0095489
0.0503191
0.11839
0.20666
0.316949
0.430981
0.484774
0.54825
0.602531
0.661379
0.605396
0.658825
0.71669
0.76677
0.7076
0.748433
0.782336
0.810835
0.789595
0.848729
0.8191
0.837414
0.865486
0.907434
0.882031
0.892192
0.918523
0.944606
0.922094
0.928707
0.950844
0.963884
0.943111
0.946777
0.966438
0.969856
0.950672
0.94968
0.969072
0.963884
0.943111
0.93791
0.959878
0.944606
0.922094
0.913829
0.936741
0.907434
0.882031
0.868895
0.894578
0.848729
0.8191
0.801902
0.830425
0.76677
0.7076
0.658825
0.71669
0.661379
0.605396
0.54825
0.602531
0.484774
0.430981
0.316949
0.20666
0.11839
0.0503191
0.0095489
0
0
0
0
0
0
0
0
0
0
0
0
0
0
0
0
0
0.0143898
0.0594189
0.127377
0.211659
0.303975
0.395105
0.465824
0.541023
0.48707
0.516433
0.591807
0.636601
0.563854
0.607225
0.682315
0.722694
0.685329
0.699751
0.740704
0.786657
0.749919
0.763551
0.800395
0.831704
0.794752
0.800845
0.838814
0.858716
0.823232
0.827376
0.862826
0.867658
0.832398
0.830692
0.86611
0.858716
0.823232
0.817428
0.852948
0.831704
0.794752
0.785986
0.822929
0.786657
0.749919
0.734714
0.771298
0.722694
0.685329
0.642143
0.607225
0.682315
0.636601
0.563854
0.516433
0.591807
0.541023
0.465824
0.395105
0.303975
0.48707
0.211659
0.127377
0.0594189
0.0143898
0
0
0
0
0
0
0
0
0
0
0
0
0
0
0
0
0
0
0.000182481
0.0163473
0.0553956
0.108556
0.177682
0.251405
0.322685
0.364296
0.441533
0.485322
0.399372
0.438946
0.521403
0.560965
0.518454
0.535854
0.579055
0.625688
0.580829
0.593207
0.63849
0.667495
0.622575
0.632576
0.677787
0.699353
0.653566
0.657484
0.703373
0.708669
0.662784
0.660627
0.706596
0.699353
0.653566
0.648096
0.693738
0.667495
0.622575
0.611124
0.6597
0.625688
0.580829
0.567107
0.61148
0.560965
0.518454
0.475173
0.438946
0.521403
0.485322
0.399372
0.364296
0.441533
0.322685
0.251405
0.177682
0.108556
0.0553956
0.0163473
0.000182481
0
0
0
0
0
0
0
0
0
0
0
0
0
0
0
0
0
0
0
0
0.00858503
0.0357563
0.0724354
0.121968
0.180347
0.212659
0.283367
0.320476
0.244324
0.274545
0.355589
0.387937
0.344816
0.358797
0.402857
0.441706
0.395291
0.401951
0.447707
0.481488
0.433849
0.442193
0.490308
0.508895
0.459798
0.463099
0.512377
0.51745
0.468024
0.46575
0.515172
0.508895
0.459798
0.455198
0.504041
0.481488
0.433849
0.424329
0.471416
0.441706
0.395291
0.384102
0.429809
0.387937
0.344816
0.302591
0.274545
0.355589
0.320476
0.244324
0.212659
0.283367
0.180347
0.121968
0.0724354
0.0357563
0.00858503
0
0
0
0
0
0
0
0
0
0
0
0
0
0
0
0
0
0
0
0
0
0
0
0.000731082
0.0124009
0.0346091
0.0726025
0.0923686
0.148063
0.173999
0.112439
0.132136
0.199035
0.222483
0.185406
0.19527
0.233414
0.259742
0.219828
0.229082
0.269911
0.295535
0.252466
0.258635
0.302278
0.316559
0.271719
0.274183
0.319245
0.323535
0.278204
0.276163
0.321404
0.316559
0.271719
0.268292
0.312821
0.295535
0.252466
0.245454
0.287861
0.259742
0.219828
0.209941
0.24886
0.222483
0.185406
0.150824
0.132136
0.199035
0.173999
0.112439
0.0923686
0.148063
0.0726025
0.0346091
0.0124009
0.000731082
0
0
0
0
0
0
0
0
0
0
0
0
0
0
0
0
0
0
0
0
0
0
0
0
0
0
0.000132524
0.00995642
0.0173423
0.0480884
0.062305
0.0258593
0.0349675
0.0766476
0.0905403
0.0623242
0.0687044
0.0939613
0.115369
0.0868245
0.0923249
0.121809
0.138277
0.106477
0.110267
0.142665
0.152028
0.118377
0.119915
0.153799
0.156879
0.122645
0.121154
0.155225
0.152028
0.118377
0.116243
0.149568
0.138277
0.106477
0.102197
0.133311
0.115369
0.0868245
0.0810162
0.108541
0.0905403
0.0623242
0.0419104
0.0349675
0.0766476
0.062305
0.0258593
0.0173423
0.0480884
0.00995642
0.000132524
0
0
0
0
0
0
0
0
0
0
0
0
0
0
0
0
0
0
0
0
0
0
0
0
0
0
0
0
0
0
0
0.00486708
0.00176036
0
0.00765345
0.0127861
0.000391444
0.00171098
0.0184258
0.0241404
0.00360784
0.00574472
0.0295402
0.0342864
0.00782716
0.00961071
0.0380991
0.0407629
0.0109069
0.0115874
0.0421319
0.0432273
0.0121689
0.0115874
0.0421319
0.0407629
0.0109069
0.00961071
0.0380991
0.0342864
0.00782716
0.00574472
0.0295402
0.0241404
0.00360784
0.00171098
0.0184258
0.0127861
0.000391444
0
0.00765345
0.00486708
0
0
0
0.00176036
0
0
0
0
0
0
0
0
0
0
0
0
0
0
0
0
0
0
0
0
0
0
0
0
0
0
0
0
0
0
0
0
0
0
0
0
0
0
0
0
3.51788e-05
0
0
0.000135379
8.05486e-05
0
3.51788e-05
8.05486e-05
0
0
0
0
0
0
0
0
0
0
0
0
0
0
0
0
0
0
0
0
0
0
0
0
0
0
0
0
0
0
0
0
0
0
0
0
0
0
0
0
0
0
0
0
0
0
0
0
0
0
0
0
0
0
0
0
0
0
0
0
0
0
0
0
0
0
0
0
0
0
0
0
0
0
0
0
0
0
0
0
0
0
0
0
0
0
0
0
0
0
0
0
0
0
0
0
0
0
0
0
0
0
0
0
0
0
0
0
0
0
0
0
0
0
0
0
0
0
0
0
0
0
0
0
0
0
0
0
0
0
0
0
0
0
0
0
0
0
0
0
0
0
0
0
0
0
0
0
0
0
0
0
0
0
0
0
0
0
0
0
0
0
0
0
0
0
0
0
0
0
0
0
0
0
0
0
0
0
0
0
0
0
0
0
0
0
0
0
0
0
0
0
0
0
0
0
0
0
0
0
0
0
0
0
0
0
0
0
0
0
0
0
0
0
0
0
0
0
0
0
0
0
0
0
0
0
0
0
0
0
0
0
0
0
0
0
0
0
0
0
0
0
0
0
0
0
0
0
0
0
0
0
0
0
0
0
0
0
0
0
0
0
0
0
0
0
0
0
0
0
0
0
0
0
0
0
0
0
0
0
0
0
0
0
0
0
0
0
0
0
0
0
0
0
0
0
0
0
0
0
0
0
0
0
0
0
0
0
0
0
0
0
0
0
0
0
0
0
0
0
0
0
0
0
0
0
0
0
0
0
0
0
0
0
0
0
0
0
0
0
0
0
0
0
0
0
0
0
0
0
0
0
0
0
0
0
0
0
0
0
0
0
0
0
0
0
0
0
0
0
0
0
0
0
0
0
0
0
0
0
0
0
0
0
0
0
0
0
0
0
0
0
0
0
0
0
0
0
0
0
0
0
0
0
0
0
0
0
0
0
0
0
0
0
0
0
0
0
0
0
0
0
0
0
0
0
0
0
0
0
0
0
0
0
0
0
0
0
0
0
0
0
0
0
0
0
0
0
0
0
0
0
0
0
0
0
0
0
0
0
0
0
0
0
0
0
0
0
0
0
0
0
0
0
0
0
0
0
0
0
0
0
0
0
0
0
0
0
0
0
0
0
0
0
0
0
0
0
0
0
0
0
0
0
0
0
0
0
0
0
0
0
0
0
0
0
0
0
0
0
0
0
0
0
0
0
0
0
0
0
0
0
0
0
0
0
0
0
0
0
0
0
0
0
0
0
0
0
0
0
0
0
0
0
0
0
0
0
0
0
0
0
0
0
0
0
0
0
0
0
0
0
0
0
0
0
0
0
0
0
0
0
0
0
0
0
0
0
0
0
0
0
0
0
0
0
0
0
0
0
0
0
0
0
0
0
0
0
0
0
0
0
0
0
0
0
0
0
0
0
0
0
0
0
0
0
0
0
0
0
0
0
0
0
0
0
0
0
0
0
0
0
0
0
0
0
0
0
0
0
0
0
0
0
0
0
0
0
0
0
0
0
0
0
0
0
0
0
0
0
0
0
0
0
0
0
0
0
0
0
0
0
0
0
0
0
0
0
0
0
0
0
0
0
0
0
0
0
0
0
0
0
0
0
0
0
0
0
0
0
0
0
0
0
0
0
0
0
0
0
0
0
0
0
0
0
0
0
0
0
0
0
0
0
0
0
0
0
0
0
0
0
0
0
0
0
0
0
0
0
0
0
0
0
0
0
0
0
0
0
0
0
0
0
0
0
0
0
0
0
0
0
0
0
0
0
0
0
0
0
0
0
0
0
0
0
0
0
0
0
0
0
0
0
0
0
0
0
0
0
0
0
0
0
0
0
0
0
0
0
0
0
0
0
0
0
0
0
0
0
0
0
0
0
0
0
0
0
0
0
0
0
0
0
0
0
0
0
0
0
0
0
0
0
0
0
0
0
0
0
0
0
0
0
0
0
0
0
0
0
0
0
0
0
0
0
0
0
0
0
0
0
0
0
0
0
0
0
0
0
0
0
0
0
0
0
0
0
0
0
0
0
0
0
0
0
0
0
0
0
0
0
0
0
0
0
0
0
0
0
0
0
0
0
0
0
0
0
0
0
0
0
0
0
0
0
0
0
0
0
0
0
0
0
0
0
0
0
0
0
0
0
0
0
0
0
0
0
0
0
0
0
0
0
0
0
0
0
0
0
0
0
0
0
0
0
0
0
0
0
0
0
0
0
0
0
0
0
0
0
0
0
0
0
0
0
0
0
0
0
0
0
0
0
0
0
0
0
0
0
0
0
0
0
0
0
0
0
0
0
0
0
0
0
0
0
0
0
0
0
0
0
0
0
0
0
0
0
0
0
0
0
0
0
0
0
0
0
0
0
0
0
0
0
0
0
0
0
0
0
0
0
0
0
0
0
0
0
0
0
0
0
0
0
0
0
0
0
0
0
0
0
0
0
0
0
0
0
0
0
0
0
0
0
0
0
0
0
0
0
0
0
0
0
0
0
0
0
0
0
0
0
0
0
0
0
0
0
0
0
0
0
0
0
0
0
0
0
0
0
0
0
0
0
0
0
0
0
0
0
0
0
0
0
0
0
0
0
0
0
0
0
0
0
0
0
0
0
0
0
0
0
0
0
0
0
0
0
0
0
0
0
0
0
0
0
0
0
0
0
0
0
0
0
0
0
0
0
0
0
0
0
0
0
0
0
0
0
0
0
0
0
0
0
0
0
0
0
0
0
0
0
0
0
0
0
0
0
0
0
0
0
0
0
0
0
0
0
0
0
0
0
0
0
0
0
0
0
0
0
0
0
0
0
0
0
0
0
0
0
0
0
0
0
0
0
0
0
0
0
0
0
0
0
0
0
0
0
0
0
0
0
0
0
0
0
0
0
0
0
0
0
0
0
0
0
0
0
0
0
0
0
0
0
0
0
0
0
0
0
0
0
0
0
0
0
0
0
0
0
0
0
0
0
0
0
0
0
0
0
0
0
0
0
0
0
0
0
0
0
0
0
0
0
0
0
0
0
0
0
0
0
0
0
0
0
0
0
0
0
0
0
0
0
0
0
0
0
0
0
0
0
0
0
0
0
0
0
0
0
0
0
0
0
0
0
0
0
0
0
0
0
0
0
0
0
0
0
0
0
0
0
0
0
0
0
0
0
0
0
0
0
0
0
0
0
0
0
0
0
0
0
0
0
0
0
0
0
0
0
0
0
0
0
0
0
0
0
0
0
0
0
0
0
0
0
0
0
0
0
0
0
0
0
0
0
0
0
0
0
0
0
0
0
0
0
0
0
0
0
0
0
0
0
0
0
0
0
0
0
0
0
0
0
0
0
0
0
0
0
0
0
0
0
0
0
0
0
0
0
0
0
0
0
0
0
0
0
0
0
0
0
0
0
0
0
0
0
0
0
0
0
0
0
0
0
0
0
0
0
0
0
0
0
0
0
0
0
0
0
0
0
0
0
0
0
0
0
0
0
0
0
0
0
0
0
0
0
0
0
0
0
0
0
0
0
0
0
0
0
0
0
0
0
0
0
0
0
0
0
0
0
0
0
0
0
0
0
0
0
0
0
0
0
0
0
0
0
0
0
0
0
0
0
0
0
0
0
0
0
0
0
0
0
0
0
0
0
0
0
0
0
0
0
0
0
0
0
0
0
0
0
0
0
0
0
0
0
0
0
0
0
0
0
0
0
0
0
0
0
0
0
0
0
0
0
0
0
0
0
0
0
0
0
0
0
0
0
0
0
0
0
0
0
0
0
0
0
0
0
0
0
0
0
0
0
0
0
0
0
0
0
0
0
0
0
0
0
0
0
0
0
0
0
0
0
0
0
0
0
0
0
0
0
0
0
0
0
0
0
0
0
0
0
0
0
0
0
0
0
0
0
0
0
0
0
0
0
0
0
0
0
0
0
0
0
0
0
0
0
0
0
0
0
0
0
0
0
0
0
0
0
0
0
0
0
0
0
0
0
0
0
0
0
0
0
0
0
0
0
0
0
0
0
0
0
0
0
0
0
0
0
0
0
0
0
0
0
0
0
0
0
0
0
0
0
0
0
0
0
0
0
0
0
0
0
0
0
0
0
0
0
0
0
0
0
0
0
0
0
0
0
0
0
0
0
0
0
0
0
0
0
0
0
0
0
0
0
0
0
0
0
0
0
0
0
0
0
0
0
0
0
0
0
0
0
0
0
0
0
0
0
0
0
0
0
0
0
0
0
0
0
0
0
0
0
0
0
0
0
0
0
0
0
0
0
0
0
0
0
0
0
0
0
0
0
0
0
0
0
0
0
0
0
0
0
0
0
0
0
0
0
0
0
0
0
0
0
0
0
0
0
0
0
0
0
0
0
0
0
0
0
0
0
0
0
0
0
0
0
0
0
0
0
0
0
0
0
0
0
0
0
0
0
0
0
0
0
0
0
0
0
0
0
0
0
0
0
0
0
0
0
0
0
0
0
0
0
0
0
0
0
0
0
0
0
0
0
0
0
0
0
0
0
0
0
0
0
0
0
0
0
0
0
0
0
0
0
0
0
0
0
0
0
0
0
0
0
0
0
0
0
0
0
0
0
0
0
0
0
0
0
0
0
0
0
0
0
0
0
0
0
0
0
0
0
0
0
0
0
0
0
0
0
0
0
0
0
0
0
0
0
0
0
0
0
0
0
0
0
0
0
0
0
0
0
0
0
0
0
0
0
0
0
0
0
0
0
0
0
0
0
0
0
0
0
0
0
0
0
0
0
0
0
0
0
0
0
0
0
0
0
0
0
0
0
0
0
0
0
0
0
0
0
0
0
0
0
0
0
0
0
0
0
0
0
0
0
0
0
0
0
0
0
0
0
0
0
0
0
0
0
0
0
0
0
0
0
0
0
0
0
0
0
0
0
0
0
0
0
0
0
0
0
0
0
0
0
0
0
0
0
0
0
0
0
0
0
0
0
0
0
0
0
0
0
0
0
0
0
0
0
0
0
0
0
0
0
0
0
0
0
0
0
0
0
0
0
0
0
0
0
0
0
0
0
0
0
0
0
0
0
0
0
0
0
0
0
0
0
0
0
0
0
0
0
0
0
0
0
0
0
0
0
0
0
0
0
0
0
0
0
0
0
0
0
0
0
0
0
0
0
0
0
0
0
0
0
0
0
0
0
0
0
0
0
0
0
0
0
0
0
0
0
0
0
0
0
0
0
0
0
0
0
0
0
0
0
0
0
0
0
0
0
0
0
0
0
0
0
0
0
0
0
0
0
0
0
0
0
0
0
0
0
0
0
0
0
0
0
0
0
0
0
0
0
0
0
0
0
0
0
0
0
0
0
0
0
0
0
0
0
0
0
0
0
0
0
0
0
0
0
0
0
0
0
0
0
0
0
0
0
0
0
0
0
0
0
0
0
0
0
0
0
0
0
0
0
0
0
0
0
0
0
0
0
0
0
0
0
0
0
0
0
0
0
0
0
0
0
0
0
0
0
0
0
0
0
0
0
0
0
0
0
0
0
0
0
0
0
0
0
0
0
0
0
0
0
0
0
0
0
0
0
0
0
0
0
0
0
0
0
0
0
0
0
0
0
0
0
0
0
0
0
0
0
0
0
0
0
0
0
0
0
0
0
0
0
0
0
0
0
0
0
0
0
0
0
0
0
0
0
0
0
0
0
0
0
0
0
0
0
0
0
0
0
0
0
0
0
0
0
0
0
0
0
0
0
0
0
0
0
0
0
0
0
0
0
0
0
0
0
0
0
0
0
0
0
0
0
0
0
0
0
0
0
0
0
0
0
0
0
0
0
0
0
0
0
0
0
0
0
0
0
0
0
0
0
0
0
0
0
0
0
0
0
0
0
0
0
0
0
0
0
0
0
0
0
0
0
0
0
0
0
0
0
0
0
0
0
0
0
0
0
0
0
0
0
0
0
0
0
0
0
0
0
0
0
0
0
0
0
0
0
0
0
0
0
0
0
0
0
0
0
0
0
0
0
0
0
0
0
0
0
0
0
0
0
0
0
0
0
0
0
0
0
0
0
0
0
0
0
0
0
0
0
0
0
0
0
0
0
0
0
0
0
0
0
0
0
0
0
0
0
0
0
0
0
0
0
0
0
0
0
0
0
0
0
0
0
0
0
0
0
0
0
0
0
0
0
0
0
0
0
0
0
0
0
0
0
0
0
0
0
0
0
0
0
0
0
0
0
0
0
0
0
0
0
0
0
0
0
0
0
0
0
0
0
0
0
0
0
0
0
0
0
0
0
0
0
0
0
0
0
0
0
0
0
0
0
0
0
0
0
0
0
0
0
0
0
0
0
0
0
0
0
0
0
0
0
0
0
0
0
0
0
0
0
0
0
0
0
0
0
0
0
0
0
0
0
0
0
0
0
0
0
0
0
0
0
0
0
0
0
0
0
0
0
0
0
0
0
0
0
0
0
0
0
0
0
0
0
0
0
0
0
0
0
0
0
0
0
0
0
0
0
0
0
0
0
0
0
0
0
0
0
0
0
0
0
0
0
0
0
0
0
0
0
0
0
0
0
0
0
0
0
0
0
0
0
0
0
0
0
0
0
0
0
0
0
0
0
0
0
0
0
0
0
0
0
0
0
0
0
0
0
0
0
0
0
0
0
0
0
0
0
0
0
0
0
0
0
0
0
0
0
0
0
0
0
0
0
0
0
0
0
0
0
0
0
0
0
0
0
0
0
0
0
0
0
0
0
0
0
0
0
0
0
0
0
0
0
0
0
0
0
0
0
0
0
0
0
0
0
0
0
0
0
0
0
0
0
0
0
0
0
0
0
0
0
0
0
0
0
0
0
0
0
0
0
0
0
0
0
0
0
0
0
0
0
0
0
0
0
0
0
0
0
0
0
0
0
0
0
0
0
0
0
0
0
0
0
0
0
0
0
0
0
0
0
0
0
0
0
0
0
0
0
0
0
0
0
0
0
0
0
0
0
0
0
0
0
0
0
0
0
0
0
0
0
0
0
0
0
0
0
0
0
0
0
0
0
0
0
0
0
0
0
0
0
0
0
0
0
0
0
0
0
0
0
0
0
0
0
0
0
0
0
0
0
0
0
0
0
0
0
0
0
0
0
0
0
0
0
0
0
0
0
0
0
0
0
0
0
0
0
0
0
0
0
0
0
0
0
0
0
0
0
0
0
0
0
0
0
0
0
0
0
0
0
0
0
0
0
0
0
0
0
0
0
0
0
0
1
1
1
1
1
0.993314
0.996743
1
1
1
1
0.99065
0.994753
1
1
1
1
1
1
1
1
1
1
1
1
1
1
1
1
1
1
1
1
1
1
1
1
1
1
1
1
1
1
0.999953
0.999433
1
1
1
1
1
1
1
1
1
1
0.999459
0.999953
0.99962
1
0.998901
0.998115
1
1
0.999991
1
1
1
1
1
1
1
1
1
0.998115
0.998901
0.997037
1
1
1
1
0.988936
0.993316
1
1
1
0.97892
0.984724
1
1
1
1
1
1
1
1
1
1
1
1
1
1
1
1
1
1
1
1
1
1
1
1
1
1
1
1
1
1
1
0.993709
0.99593
1
1
1
1
1
1
1
1
1
1
1
1
1
1
1
1
1
1
1
1
1
1
1
1
1
1
1
1
1
1
1
1
1
1
1
1
1
1
1
1
1
1
1
1
1
1
1
1
1
1
1
1
1
1
1
1
1
1
1
1
1
1
1
1
1
1
1
1
1
1
1
1
1
1
1
1
1
1
1
1
1
1
1
1
1
1
1
1
1
1
1
1
1
1
1
1
1
1
1
1
1
1
1
1
1
1
1
1
1
1
1
1
1
1
1
1
1
1
1
1
1
1
1
1
1
1
1
1
1
1
1
1
1
1
1
1
1
1
1
1
1
1
1
1
1
1
1
1
1
1
1
1
1
1
1
1
1
1
1
1
1
1
1
1
1
1
1
1
1
1
1
1
1
1
1
1
1
1
1
1
1
1
1
1
1
1
1
1
1
1
1
1
1
1
1
1
1
1
1
1
1
1
1
1
1
1
1
1
1
1
1
1
1
1
1
1
1
1
1
1
1
1
1
1
1
1
1
0.981875
0.980858
0.979531
0.984446
0.984309
0.983877
0.969072
1
0.983877
0.984309
0.979531
0.980858
0.981875
0.966438
1
0.999661
1
1
1
1
1
1
0.999966
1
1
0.999993
1
1
1
1
1
1
1
1
1
1
1
1
1
1
1
0.999966
0.999993
1
1
1
1
1
1
1
1
1
1
1
1
1
1
1
1
1
1
1
1
1
1
1
1
1
1
1
1
1
1
1
1
1
1
1
1
1
1
1
1
1
1
1
1
1
1
1
1
1
1
1
1
1
1
1
1
1
1
1
1
1
1
1
1
1
1
1
1
1
1
1
1
1
1
1
1
1
1
1
1
1
1
1
1
1
1
1
1
1
1
1
1
1
1
1
1
1
1
1
1
1
1
1
1
1
1
1
1
1
1
1
1
1
1
1
1
1
1
1
1
1
1
1
1
1
1
1
1
1
1
1
1
1
1
1
1
1
1
1
1
1
1
1
1
1
1
1
1
1
1
1
1
1
1
1
1
1
1
1
1
1
1
1
1
1
1
1
1
1
1
1
1
1
1
1
1
1
1
1
1
1
1
1
1
1
1
1
1
1
1
1
1
1
1
1
1
1
1
1
1
1
1
1
1
1
1
1
1
1
1
1
1
1
1
1
1
1
1
1
1
1
1
1
1
1
1
1
1
1
1
1
1
1
1
1
1
1
1
1
1
1
1
1
1
1
1
1
1
1
1
1
1
1
1
1
1
1
1
1
1
1
1
1
1
1
1
1
1
1
1
1
1
1
1
1
1
1
1
1
1
1
1
1
1
1
1
1
1
1
1
1
1
1
1
1
1
1
1
1
1
1
1
1
1
1
1
1
1
1
1
1
1
1
1
1
1
1
1
1
1
1
1
1
1
1
1
1
1
1
1
1
1
1
1
1
1
1
1
1
1
1
1
1
1
1
1
1
1
1
1
1
1
1
1
1
1
1
1
1
1
1
1
1
1
1
1
1
1
1
1
1
1
1
1
1
1
1
1
1
1
1
1
1
1
1
1
1
1
1
1
1
1
1
1
1
1
1
1
1
1
1
1
1
1
1
1
1
1
1
1
1
1
1
1
1
1
1
1
1
1
1
0.984352
0.980938
0.997012
0.994512
1
1
1
1
1
1
1
1
1
1
1
1
1
1
1
1
1
1
1
1
1
1
1
1
1
1
1
1
0.997012
0.980938
0.984352
0.979579
0.998929
1
1
1
1
1
1
1
1
1
1
1
1
1
1
1
1
1
1
1
1
1
1
1
1
1
1
1
1
1
1
1
1
1
1
1
1
1
1
1
1
1
1
1
1
1
1
1
1
1
1
1
1
1
1
1
1
1
1
1
1
1
1
1
1
1
1
1
1
1
1
1
1
1
1
1
1
1
1
1
1
1
1
1
1
1
1
1
1
1
1
1
1
1
1
1
1
1
1
1
1
1
1
1
1
1
1
1
1
1
1
1
1
1
1
1
1
1
1
1
1
1
1
1
1
1
1
1
1
1
1
1
1
1
1
1
1
1
1
1
1
1
1
1
1
1
1
1
1
1
1
1
1
1
1
1
1
1
1
1
1
1
1
1
1
1
1
1
1
1
1
1
1
1
1
1
1
1
1
1
1
1
1
1
1
1
1
1
1
1
1
1
1
1
1
1
1
1
1
1
1
1
1
1
1
1
1
1
1
1
1
1
1
1
1
1
1
1
1
1
1
1
1
1
1
1
1
1
1
1
1
1
1
1
1
1
1
1
1
1
1
1
1
1
1
1
1
1
1
1
1
1
1
1
1
1
1
1
1
1
1
1
1
1
1
1
1
1
1
1
1
1
1
1
1
1
1
1
1
1
1
1
1
1
1
1
1
1
1
1
1
1
1
1
1
1
1
1
1
1
1
1
1
1
1
1
1
1
1
1
1
1
1
1
1
1
1
1
1
1
1
1
1
1
1
1
1
1
1
1
1
1
1
1
1
1
1
1
1
1
1
1
1
1
1
1
1
1
1
1
1
1
1
1
1
1
1
1
1
1
1
1
1
1
1
1
1
1
1
1
1
1
1
1
1
1
1
1
1
1
1
1
1
1
1
1
1
1
1
1
1
1
1
1
1
1
1
1
1
1
1
1
1
1
1
1
1
1
1
1
1
1
1
1
1
1
1
1
1
1
1
1
1
1
1
1
1
1
1
1
1
1
1
1
1
1
1
1
1
1
1
1
1
1
1
1
1
1
1
1
1
1
1
1
1
1
1
1
1
1
1
1
1
1
1
1
1
1
1
1
1
1
1
1
1
1
1
1
1
1
1
1
1
1
1
1
1
1
1
1
1
1
1
1
1
1
1
1
1
1
1
1
1
1
1
1
1
1
1
1
1
1
1
1
1
1
1
1
1
1
1
1
1
1
1
1
1
1
1
1
1
1
1
1
1
1
1
1
1
1
1
1
1
1
1
1
1
1
1
1
1
1
1
1
1
1
1
1
1
1
1
1
1
1
1
1
1
1
1
1
1
1
1
1
1
1
1
1
1
1
1
1
1
1
1
1
1
1
1
1
1
1
1
1
1
1
1
1
1
1
1
1
1
1
1
1
1
1
1
1
1
1
1
1
1
1
1
1
1
1
1
1
1
1
1
1
1
1
1
1
1
1
1
1
1
1
1
1
1
1
1
1
1
1
1
1
1
1
1
1
1
1
1
1
1
1
1
1
1
1
1
1
1
1
1
1
1
1
1
1
1
1
1
1
1
1
1
1
1
1
1
1
1
1
1
1
1
1
1
1
1
1
1
1
1
1
1
1
1
1
1
1
1
1
1
1
1
1
1
1
1
1
1
1
1
1
1
1
1
1
1
1
1
1
1
1
1
1
1
1
1
1
1
1
1
1
1
1
1
1
1
1
1
1
1
1
1
1
1
1
1
1
1
1
1
1
1
1
1
1
1
1
1
1
1
1
1
1
1
1
1
1
1
1
1
1
1
1
1
1
1
1
1
1
1
1
1
1
1
1
1
1
1
1
1
1
1
1
1
1
1
1
1
1
1
1
1
1
1
1
1
1
1
1
1
1
1
1
1
1
1
1
1
1
1
1
1
1
1
1
1
1
1
1
1
1
1
1
1
1
1
1
1
1
1
1
1
1
1
1
1
1
1
1
1
1
1
1
1
1
1
1
1
1
1
1
1
1
1
1
1
1
1
1
1
1
1
1
1
1
1
1
1
1
1
1
1
1
1
1
1
1
1
1
1
1
1
1
1
1
1
1
1
1
1
1
1
1
1
1
1
1
1
1
1
1
1
1
1
1
1
1
1
1
1
1
1
1
1
1
1
1
1
1
1
1
1
1
1
1
1
1
1
1
1
1
1
1
1
1
1
1
1
1
1
1
1
1
1
1
1
1
1
1
1
1
1
1
1
1
1
1
1
1
1
1
1
1
1
1
1
1
1
1
1
1
1
1
1
1
1
1
1
1
1
1
1
1
1
1
1
1
1
1
1
1
1
1
1
1
1
1
1
1
1
1
1
1
1
1
1
1
1
1
1
1
1
1
1
1
1
1
1
1
1
1
1
1
1
1
1
1
1
1
1
1
1
1
1
1
1
1
1
1
1
1
1
1
1
1
1
1
1
1
1
1
1
1
1
1
1
1
1
1
1
1
1
1
1
1
1
1
1
1
1
1
1
1
1
1
1
1
1
1
1
1
1
1
1
1
1
1
1
1
1
1
1
1
1
1
1
1
1
1
1
1
1
1
1
1
1
1
1
1
1
1
1
1
1
1
1
1
1
1
1
1
1
1
1
1
1
1
1
1
1
1
1
1
1
1
1
1
1
1
1
1
1
1
1
1
1
1
1
1
1
1
1
1
1
1
1
1
1
1
1
1
1
1
1
1
1
1
1
1
1
1
1
1
1
1
1
1
1
1
1
1
1
1
1
1
1
1
1
1
1
1
1
1
1
1
1
1
1
1
1
1
1
1
1
1
1
1
1
1
1
1
1
1
1
1
1
1
1
1
1
1
1
1
1
1
1
1
1
1
1
1
1
1
1
1
1
1
1
1
1
1
1
1
1
1
1
1
1
1
1
1
1
1
1
1
1
1
1
1
1
1
1
1
1
1
1
1
1
1
1
1
1
1
1
1
1
1
1
1
1
1
1
1
1
1
1
1
1
1
1
1
1
1
1
1
1
1
1
1
1
1
1
1
1
1
1
1
1
1
1
1
1
1
1
1
1
1
1
1
1
1
1
1
1
1
1
1
1
1
1
1
1
1
1
1
1
1
1
1
1
1
1
1
1
1
1
1
1
1
1
1
1
1
1
1
1
1
1
1
1
1
1
1
1
1
1
1
1
1
1
1
1
1
1
1
1
1
1
1
1
1
1
1
1
1
1
1
1
1
1
1
1
1
1
1
1
1
1
1
1
1
1
1
1
1
1
1
1
1
1
1
1
1
1
1
1
1
1
1
1
1
1
1
1
1
1
1
1
1
1
1
1
1
1
1
1
1
1
1
1
1
1
1
1
1
1
1
1
1
1
1
1
1
1
1
1
1
1
1
1
1
1
1
1
1
1
1
1
1
1
1
1
1
1
1
1
0.890456
0.882312
0.93656
0.930661
0.93961
0.834102
0.865648
0.942001
0.969328
0.965541
0.973253
0.883529
0.91097
0.972076
0.984542
0.983425
0.911803
0.937185
0.98537
0.988784
0.988678
0.923261
0.947398
0.988678
0.984542
0.98537
0.91955
0.944175
0.983425
0.969328
0.972076
0.899809
0.9257
0.965541
0.93656
0.942001
0.950664
0.862226
0.890146
0.930661
0.882312
0.890456
0.901104
0.804497
0.83415
0.893521
0.873343
0.949021
0.943233
0.927978
0.941348
0.875511
0.894756
0.911966
0.955227
0.987813
0.984923
0.988428
0.948809
0.990774
0.999934
0.999609
0.999999
0.979917
0.995283
0.996454
0.993349
0.991917
0.998928
0.996954
0.996028
0.998285
0.984518
0.982985
0.988408
0.989772
1
0.999421
0.999153
0.999999
0.99983
0.999745
1
0.992434
0.991982
0.995772
0.99611
1
1
0.999999
1
0.992434
0.992862
0.99639
0.99611
0.99993
0.999871
0.998733
0.999153
0.998928
0.996954
0.997642
0.999357
0.984518
0.985743
0.99085
0.989772
0.999999
0.999609
0.999934
0.987813
0.990774
0.958408
0.984923
0.949021
0.955227
0.961071
0.910898
0.927978
0.943233
0.873343
0.893521
0.906561
0.834984
0.855561
0.936365
0.918449
0.979352
0.977523
0.965479
0.971016
0.951576
0.964693
0.984089
0.99997
0.999518
0.999815
0.991055
0.998568
0.999523
0.998741
0.997463
1
1
1
0.998505
0.997259
0.998718
0.999483
1
1
1
1
1
1
1
1
1
1
1
1
1
1
1
1
1
1
1
1
1
1
1
1
1
1
1
1
1
0.998505
0.999341
0.999926
0.999483
0.999518
0.999974
0.979352
0.984089
0.985982
0.966121
0.966003
0.977523
0.917754
0.935604
0.942517
0.919379
0.950026
0.933005
0.986338
0.986519
0.976854
0.976212
0.97386
0.984263
0.990236
1
1
0.999959
1
1
1
1
1
1
1
1
1
1
1
1
1
1
1
1
1
1
1
1
0.986338
0.990236
0.98996
0.987463
0.976854
0.986519
0.933005
0.950026
0.948373
0.946604
0.937278
0.91902
0.975648
0.978214
0.966929
0.960601
0.974432
0.98455
0.980545
0.998428
0.997442
1
1
1
1
1
1
1
1
1
1
1
1
0.998428
0.975648
0.980544
0.977993
0.989154
0.966929
0.978214
0.91902
0.937278
0.930185
0.94704
0.894144
0.874373
0.93818
0.945047
0.930433
0.915376
0.952748
0.965465
0.944859
0.97705
0.971357
0.995989
0.991965
0.994296
0.996354
0.994246
0.998791
0.999628
0.998983
0.997626
1
1
1
1
1
1
1
1
1
1
1
1
1
1
1
1
0.998791
0.999628
0.999976
0.999537
1
1
0.97705
0.938157
0.945197
0.938338
0.974843
0.927823
0.944341
0.874373
0.894144
0.876039
0.920112
0.815044
0.792142
0.873545
0.855799
0.830425
0.896778
0.913955
0.889725
0.881682
0.929198
0.9232
0.916744
0.894578
0.965553
0.939842
0.934743
0.96307
0.95895
0.955947
0.936741
0.991102
0.96879
0.966122
0.977794
0.976629
0.959878
0.999966
0.999138
0.991023
0.991749
0.995481
0.994976
0.993409
0.9968
0.996546
0.993083
1
1
0.994302
0.994202
0.997346
0.997421
0.993409
0.9968
0.997106
0.993851
1
1
0.976629
0.977794
0.96307
0.966122
0.96879
0.950844
0.994177
0.955947
0.95895
0.929198
0.934743
0.939842
0.918523
0.974196
0.916744
0.9232
0.873545
0.881682
0.889725
0.865486
0.929708
0.775825
0.757611
0.820535
0.805122
0.771298
0.868895
0.83428
0.865429
0.856727
0.822929
0.913829
0.872462
0.890709
0.885049
0.852948
0.93791
0.894735
0.899321
0.897945
0.86611
0.94968
0.897945
0.890709
0.894735
0.862826
0.946777
0.885049
0.865429
0.872462
0.838814
0.928707
0.856727
0.820535
0.83428
0.800395
0.892192
0.805122
0.757611
0.775825
0.740704
0.837414
0.621017
0.602317
0.669082
0.65446
0.61148
0.734714
0.682238
0.710645
0.703997
0.6597
0.785986
0.721168
0.74317
0.737448
0.693738
0.817428
0.747264
0.752515
0.750545
0.706596
0.830692
0.750545
0.74317
0.747264
0.703373
0.827376
0.737448
0.710645
0.721168
0.677787
0.800845
0.703997
0.669082
0.682238
0.63849
0.763551
0.65446
0.602317
0.621017
0.579055
0.699751
0.447338
0.431529
0.488399
0.47584
0.429809
0.567107
0.499753
0.529127
0.518545
0.471416
0.611124
0.538385
0.557872
0.552787
0.504041
0.648096
0.561519
0.566705
0.564445
0.515172
0.660627
0.564445
0.557872
0.561519
0.512377
0.657484
0.552787
0.529127
0.538385
0.490308
0.632576
0.518545
0.488399
0.499753
0.447707
0.593207
0.47584
0.431529
0.447338
0.402857
0.535854
0.273655
0.261677
0.301556
0.29543
0.24886
0.384102
0.312616
0.340417
0.332101
0.287861
0.424329
0.347717
0.363158
0.359119
0.312821
0.455198
0.366059
0.37059
0.36839
0.321404
0.46575
0.36839
0.363158
0.366059
0.319245
0.463099
0.359119
0.340417
0.347717
0.302278
0.442193
0.332101
0.301556
0.312616
0.269911
0.401951
0.29543
0.261677
0.273655
0.233414
0.358797
0.122561
0.119092
0.147273
0.139421
0.108541
0.209941
0.154657
0.173447
0.167793
0.133311
0.245454
0.178433
0.189049
0.186263
0.149568
0.268292
0.191053
0.194467
0.192666
0.155225
0.276163
0.192666
0.189049
0.191053
0.153799
0.274183
0.186263
0.173447
0.178433
0.142665
0.258635
0.167793
0.147273
0.154657
0.121809
0.229082
0.139421
0.119092
0.122561
0.0939613
0.19527
0.0521611
0.0470655
0.0419104
0.0619371
0.0571372
0.0810162
0.0707982
0.0665073
0.0783636
0.0747641
0.102197
0.0843199
0.0815597
0.0884267
0.0866165
0.116243
0.0905214
0.0897326
0.0920994
0.0907854
0.121154
0.0905214
0.0907854
0.0884267
0.0897326
0.119915
0.0843199
0.0866165
0.0783636
0.0815597
0.110267
0.0707982
0.0747641
0.0619371
0.0665073
0.0923249
0.0521611
0.0571372
0.0470655
0.0687044
1
1
1
1
1
1
1
1
1
1
1
1
1
1
1
1
1
1
1
1
0.99639
0.992862
1
1
1
1
1
1
1
1
1
1
1
1
1
1
1
1
1
1
1
1
0.995772
0.991982
1
0.999745
0.99983
0.999421
1
1
1
1
1
1
1
1
1
1
1
1
1
1
1
1
1
1
1
1
1
1
1
1
1
1
1
1
1
1
1
1
1
1
1
1
1
1
1
1
1
1
1
1
1
1
1
1
1
1
1
1
1
1
1
1
1
1
1
1
1
1
1
1
1
1
1
1
1
1
1
1
1
1
1
1
1
1
1
1
1
1
1
1
1
1
1
1
1
1
1
1
1
1
1
1
1
1
1
1
1
1
1
1
1
0.999201
0.999969
0.999884
0.999785
0.998622
1
1
1
1
1
1
0.999609
1
0.999998
1
1
1
1
1
1
1
1
1
1
1
1
1
1
1
1
1
1
1
1
1
1
1
1
1
1
1
1
1
1
1
1
1
1
1
1
1
1
1
1
1
1
1
1
1
1
0.999201
0.999969
0.999998
1
0.999609
1
1
1
1
1
1
0.998622
0.999785
0.999884
1
1
1
1
1
1
1
1
1
1
1
1
0.999604
0.999882
0.997684
0.998548
0.99993
1
0.999957
0.999993
0.999357
1
0.99085
0.985743
0.997642
0.998733
0.999871
1
1
0.999993
0.999957
0.999882
1
0.995283
0.996454
0.998548
0.997684
0.999604
0.998285
1
0.988408
0.982985
0.996028
0.991917
0.993349
1
1
0.999337
0.99989
1
1
1
1
1
1
1
1
0.999926
0.999341
1
1
1
1
1
1
1
1
1
1
1
1
1
1
1
1
1
1
1
1
1
1
1
1
1
0.998568
0.999523
0.999908
0.999337
1
1
1
0.998718
0.997259
1
0.997463
0.998741
1
1
1
1
1
1
1
1
1
1
1
1
1
1
1
1
1
1
1
1
1
1
1
1
1
1
1
1
1
1
1
1
1
1
1
1
1
1
1
1
1
1
1
1
1
1
1
1
1
1
1
1
1
1
1
1
1
1
1
1
1
1
1
1
1
1
1
1
1
1
1
1
1
1
1
1
1
1
1
1
1
1
1
1
1
1
1
1
1
1
1
1
1
1
1
1
1
1
1
1
1
1
1
1
1
1
1
1
1
1
1
1
1
1
1
1
1
1
1
1
1
1
1
1
1
1
1
1
1
1
1
1
1
1
1
1
1
1
1
1
1
1
1
1
1
1
1
1
1
1
1
1
1
1
1
1
1
1
1
1
1
1
1
1
1
1
1
1
1
1
1
1
1
1
1
1
1
1
1
1
1
1
1
1
1
1
1
1
1
1
1
1
1
1
1
1
1
1
1
1
1
1
1
1
1
0.968416
0.98303
0.982597
0.98843
0.988815
0.985677
0.986875
0.994202
0.989853
0.989973
0.989391
0.993851
0.983739
1
0.997106
0.997346
0.968416
0.98303
0.983739
0.989391
0.988815
0.989853
0.991023
0.991749
0.986875
0.985677
0.98843
0.993083
0.982597
1
0.996546
0.994976
0.995481
1
1
1
1
1
1
1
1
1
1
1
1
1
1
1
1
1
1
1
1
1
1
1
1
1
1
1
1
1
1
1
1
1
1
1
1
1
1
1
1
1
1
1
1
1
1
1
1
1
1
1
1
1
1
1
1
1
1
1
1
1
1
1
1
1
1
1
1
1
1
1
1
1
1
1
1
1
1
1
1
1
1
1
1
1
1
1
1
1
1
1
1
1
1
1
1
1
1
1
1
1
1
1
1
1
1
1
1
1
1
1
1
1
1
1
1
1
1
1
1
1
1
1
1
1
1
1
1
1
1
1
1
1
1
1
1
1
1
1
1
1
1
1
1
1
1
1
1
1
1
1
1
1
1
1
1
1
1
1
1
1
1
1
1
1
1
1
1
1
1
1
1
1
1
1
1
1
1
1
1
1
1
1
1
1
1
1
1
1
1
1
1
1
1
1
1
1
1
1
1
1
1
1
1
1
1
1
1
1
1
1
1
1
1
1
1
1
1
1
1
1
1
1
1
1
1
1
1
1
1
1
1
1
1
1
1
1
1
1
1
1
1
1
1
1
1
1
1
1
1
1
1
1
1
1
1
1
1
0.988493
0.992244
0.989836
0.98595
0.995797
0.997308
0.988904
0.991444
1
1
0.998425
0.999537
0.990642
0.994116
1
0.999976
1
1
1
1
1
1
1
1
1
1
1
1
1
1
1
1
1
1
1
0.988493
0.992244
0.994116
0.990642
0.998425
0.997308
1
0.991965
0.994296
0.991444
0.988904
0.995797
0.997626
0.98595
0.989836
1
0.998983
0.994319
0.996354
1
1
1
1
1
1
1
1
1
1
1
1
1
1
1
1
1
1
1
1
1
1
1
1
1
1
1
1
1
1
1
1
1
1
1
1
1
1
1
1
1
1
1
1
1
1
1
1
1
1
1
1
1
1
1
1
1
1
1
1
1
1
1
1
1
1
1
1
1
1
1
1
1
1
1
1
1
1
1
1
1
1
1
1
1
1
1
1
1
1
1
1
1
1
1
1
1
1
1
1
1
1
1
1
1
1
1
1
1
1
1
1
1
1
1
1
1
1
1
1
1
1
1
1
1
1
1
1
1
1
1
1
1
1
1
1
1
1
1
1
1
1
1
1
1
1
1
1
1
1
1
1
1
1
1
1
1
1
1
1
1
1
1
1
1
1
1
1
1
1
1
1
1
1
1
1
1
1
1
1
1
1
1
1
1
1
1
1
1
1
1
1
1
1
1
1
1
1
1
1
1
1
1
1
1
1
1
1
1
1
1
1
1
1
1
1
1
1
1
1
1
1
1
1
1
1
1
1
1
1
1
1
1
1
1
0.766297
0.821159
0.873727
0.90662
0.920937
0.920937
0.90662
0.873727
0.821159
0.744861
0.789338
0.812227
0.870744
0.852985
0.795863
0.852985
0.870744
0.789338
0.812227
0.778779
0.807638
0.786413
0.855765
0.929406
0.936605
0.927942
0.920177
0.955093
0.948247
0.941976
0.948976
0.922499
0.915833
0.925418
0.931966
0.974611
0.978308
0.972409
0.968502
0.987594
0.982636
0.979901
0.984792
0.96385
0.959893
0.967289
0.971063
0.987536
0.989507
0.99129
0.986734
0.981126
0.997222
0.997676
0.998092
0.995392
0.991512
0.998988
0.998956
0.998897
0.996651
0.993195
0.997222
0.996575
0.995895
0.992225
0.987665
0.993795
0.99016
0.987594
0.982636
0.985547
0.989717
0.96385
0.967385
0.974414
0.971063
0.974611
0.970455
0.964145
0.968502
0.955093
0.948247
0.954028
0.960707
0.922499
0.928703
0.938042
0.931966
0.908907
0.971468
0.976888
0.973989
0.968424
0.989612
0.987259
0.983402
0.985958
0.976853
0.972251
0.976277
0.980565
0.995785
0.997398
0.998799
0.997549
0.99556
1
1
1
1
1
1
1
1
1
1
1
1
1
1
1
0.999817
0.999953
1
0.999982
0.997147
0.995559
0.989612
0.987259
0.990561
0.992687
0.976853
0.980945
0.98485
0.980565
0.932015
0.985974
0.989914
0.989223
0.985219
0.997854
0.997529
0.99541
0.995856
0.995489
0.992922
0.994102
0.996485
1
1
1
1
1
1
1
1
1
1
1
1
1
1
0.997854
0.997529
0.998998
0.9992
0.995631
0.997647
0.998247
0.996484
0.924732
0.981541
0.986054
0.987732
0.983515
0.9958
0.99663
0.99429
0.993185
0.997894
0.995902
0.99555
0.997516
1
1
1
1
1
1
1
1
1
1
1
1
0.99999
1
0.9958
0.99663
0.99835
0.997781
0.997894
0.999229
0.998994
0.997516
0.889518
0.956371
0.9626
0.966419
0.960714
0.978055
0.981857
0.977443
0.973437
0.99014
0.986665
0.98389
0.987586
0.996314
0.997867
0.998962
0.999719
0.999988
1
1
1
1
1
1
1
1
1
1
1
1
1
0.989142
0.991766
0.978023
0.981556
0.985575
0.981944
0.99014
0.993054
0.991117
0.987586
0.81702
0.894321
0.902671
0.911899
0.905113
0.924875
0.933769
0.926963
0.917947
0.95657
0.950486
0.943687
0.949927
0.94792
0.952548
0.960706
0.956239
0.965634
0.972617
0.968335
0.961715
0.98103
0.983749
0.977254
0.980169
0.985657
0.983489
0.9861
0.990981
0.989534
0.984462
0.996541
0.997498
0.997778
0.998192
0.998527
0.999779
0.999993
0.999322
0.999278
0.999997
0.999998
0.999998
0.999198
0.999987
0.999993
1
1
0.989805
0.994073
0.9861
0.990981
0.992137
0.987428
0.998203
0.997498
0.977254
0.974924
0.98134
0.983489
0.965634
0.972617
0.975924
0.969131
0.986605
0.983749
0.94792
0.942847
0.951322
0.956239
0.924875
0.933769
0.940094
0.93133
0.95657
0.962146
0.95499
0.949927
0.855799
0.792142
0.815044
0.789595
0.860187
0.789818
0.769899
0.801902
0.808135
0.824804
0.85402
0.879934
0.8513
0.864947
0.876879
0.903875
0.927183
0.895639
0.902514
0.906337
0.933719
0.955533
0.918922
0.922807
0.925124
0.948958
0.927084
0.925895
0.925124
0.948958
0.918922
0.913444
0.906337
0.933719
0.955533
0.895639
0.887103
0.876879
0.903875
0.927183
0.8513
0.839798
0.824804
0.85402
0.879934
0.748433
0.769899
0.789818
0.810835
0.782336
0.642143
0.661365
0.679224
0.717975
0.754351
0.710615
0.724051
0.735929
0.775581
0.812491
0.754908
0.762312
0.771377
0.809965
0.84552
0.784595
0.788733
0.791217
0.829863
0.865289
0.793893
0.792046
0.791217
0.829863
0.865289
0.784595
0.778808
0.771377
0.809965
0.84552
0.754908
0.746222
0.735929
0.775581
0.812491
0.710615
0.695658
0.679224
0.717975
0.754351
0.475173
0.491811
0.507361
0.552095
0.595916
0.534922
0.546815
0.552873
0.604194
0.649839
0.576306
0.58596
0.594188
0.641092
0.686543
0.606252
0.610046
0.612327
0.659841
0.705789
0.615308
0.613089
0.612327
0.659841
0.705789
0.606252
0.600961
0.594188
0.641092
0.686543
0.576306
0.565263
0.552873
0.604194
0.649839
0.534922
0.521752
0.507361
0.552095
0.595916
0.302591
0.315588
0.327802
0.371916
0.416838
0.344852
0.356774
0.367756
0.413679
0.460139
0.386673
0.394508
0.401206
0.449321
0.497837
0.411061
0.414167
0.416038
0.465086
0.514472
0.418911
0.416663
0.416038
0.465086
0.514472
0.411061
0.406733
0.401206
0.449321
0.497837
0.386673
0.37774
0.367756
0.413679
0.460139
0.344852
0.339162
0.327802
0.371916
0.416838
0.150824
0.159606
0.163977
0.199488
0.243721
0.182212
0.190535
0.198248
0.237642
0.279303
0.211636
0.217218
0.222006
0.263921
0.308051
0.229076
0.231312
0.23266
0.275667
0.320863
0.23504
0.23311
0.23266
0.275667
0.320863
0.229076
0.225967
0.222006
0.263921
0.308051
0.211636
0.205299
0.198248
0.237642
0.279303
0.182212
0.173338
0.163977
0.199488
0.243721
0.0749562
0.101384
0.097465
0.127806
0.113532
0.146439
0.120843
0.154867
0.120843
0.154867
0.113532
0.146439
0.097465
0.127806
0.0749562
0.101384
1
1
1
1
1
1
1
1
0.993195
0.996651
0.998897
0.998956
1
1
1
1
1
1
1
0.991512
0.995392
0.998092
0.997676
1
1
1
1
1
1
1
1
1
1
1
1
1
1
1
1
1
1
1
1
1
1
1
1
1
1
1
1
1
1
1
1
1
1
1
1
1
1
1
1
1
1
1
1
1
1
1
1
1
1
0.999845
0.999997
1
0.999983
1
1
1
1
1
1
1
1
1
1
1
1
1
1
1
1
1
0.999845
0.999983
1
0.999997
1
1
1
1
0.999988
1
1
1
1
1
1
1
1
1
1
1
1
1
0.997978
0.999423
0.999994
0.999937
0.999838
0.999459
1
1
1
1
1
1
0.999839
0.999906
1
0.999999
1
1
1
1
1
1
1
1
1
1
1
1
1
1
1
1
1
0.999839
0.999999
1
0.999906
1
1
1
1
1
1
0.999422
0.999839
0.999994
0.999423
0.999944
0.997978
1
1
1
1
1
1
0.999944
0.999696
1
1
1
1
0.999189
0.999993
1
1
1
1
1
1
1
1
0.987665
0.992225
0.995895
0.996575
1
1
1
1
1
1
1
1
0.999189
0.999696
1
0.999993
0.999944
1
1
1
1
1
0.981126
0.986734
0.99129
0.989507
0.987536
1
1
1
1
1
1
0.999778
1
1
1
1
1
1
1
0.999817
0.999982
1
0.999953
1
1
1
1
1
1
1
1
1
1
1
1
1
1
0.999741
1
1
1
1
1
1
1
1
1
1
0.995561
0.997549
0.998799
0.997398
0.995785
1
1
1
1
1
1
1
1
1
1
1
1
1
1
1
1
1
1
1
1
1
1
1
1
1
1
1
1
1
1
1
1
1
1
1
1
1
1
1
1
1
1
1
1
1
1
1
1
1
1
1
1
1
1
1
1
1
1
1
1
1
1
1
1
1
1
1
1
1
1
1
1
1
1
1
1
1
1
1
1
1
1
1
1
1
1
1
1
1
1
1
0.999198
0.999278
0.999997
0.999993
0.999987
0.999998
0.999993
0.999779
0.998527
0.998192
0.997778
1
1
1
1
1
1
1
1
1
1
1
1
1
1
1
1
1
1
1
1
1
1
1
1
1
1
1
1
1
1
1
1
1
1
1
1
1
1
1
1
1
1
1
1
1
1
1
1
1
1
1
1
1
1
1
1
1
1
1
1
1
1
1
1
1
1
1
1
1
1
1
1
1
1
1
1
1
1
1
1
1
1
1
1
1
1
1
1
1
1
1
1
1
1
1
1
1
1
1
1
1
1
1
1
1
0.982987
0.98731
0.990983
0.988291
0.985127
0.998738
0.997878
0.995622
0.992734
1
1
1
1
1
1
1
1
1
1
1
1
1
1
1
1
1
1
1
1
0.992734
0.995622
0.997878
0.998738
0.985127
0.988291
0.990983
0.98731
0.982987
0.999713
0.99901
0.997918
0.996296
1
1
1
1
1
1
1
1
1
1
1
1
1
1
1
1
1
1
1
1
1
1
1
1
1
1
1
1
1
1
1
1
1
1
1
1
1
1
1
1
1
1
1
1
1
1
1
1
1
1
1
1
1
1
1
1
1
1
1
1
1
1
1
1
1
1
1
1
1
1
1
1
1
0.955658
0.95154
0.925409
0.914493
0.937532
0.942219
0.946478
0.904634
0.926835
0.932406
0.942098
0.934592
0.953748
0.957987
0.961281
0.950317
0.967385
0.959355
0.978143
0.976467
0.953775
0.94763
0.966702
0.968853
0.970651
0.964181
0.961522
0.958381
0.975234
0.976784
0.978008
0.973345
0.980259
0.987557
0.986998
0.965851
0.964493
0.980226
0.980831
0.981491
0.97892
0.967837
0.967178
0.982688
0.982847
0.982978
0.982248
0.988145
0.987557
0.988145
0.965851
0.967178
0.982688
0.982248
0.981491
0.982847
0.961522
0.964493
0.980226
0.97892
0.978008
0.980831
0.986998
0.978143
0.980259
0.953775
0.958381
0.975234
0.973345
0.970651
0.976784
0.942098
0.94763
0.966702
0.964181
0.961281
0.968853
0.976467
0.955658
0.959355
0.925409
0.934592
0.953748
0.950317
0.946478
0.957987
0.904634
0.914493
0.937532
0.932406
0.926835
0.942219
0.959893
0.95154
0.971938
0.967134
0.956267
0.961105
0.935976
0.943664
0.970455
0.975897
0.979836
0.966543
0.960707
0.980945
0.977154
0.938042
0.928703
0.954028
0.964145
0.99685
0.995263
0.988904
0.991348
0.983303
0.993795
0.996504
0.993455
0.989717
0.998048
0.974414
0.985547
0.99016
0.997485
0.994823
0.993912
0.992748
0.999617
0.998577
0.99836
1
1
0.999943
0.999931
0.999913
0.999951
0.999949
0.998577
0.998726
0.999883
0.999847
0.999909
1
0.99966
0.998315
0.993912
0.994813
0.99685
0.998048
0.993455
0.991348
0.996504
0.978308
0.983303
0.979836
0.988904
0.984792
0.995263
0.967289
0.979901
0.972409
0.971938
0.977154
0.966543
0.961105
0.975897
0.929406
0.936605
0.943664
0.935976
0.956267
0.948976
0.972251
0.967134
0.925418
0.915833
0.941976
0.920177
0.927942
0.994573
0.991699
0.988328
0.991391
0.975084
0.980083
0.997147
0.99822
0.99426
0.992687
0.997647
0.99683
0.98485
0.990561
0.995559
0.999959
0.999553
0.999967
0.999604
0.999964
1
1
1
1
1
1
1
1
1
1
1
1
1
1
1
1
1
1
0.999967
1
1
1
1
1
1
1
0.999997
1
0.999999
1
0.994573
0.99683
0.99426
0.991391
0.99822
0.971468
0.976888
0.980083
0.975084
0.988328
0.985958
0.992922
0.991699
0.976277
0.983402
0.968424
0.973989
0.998028
0.996085
0.996029
0.997987
0.986233
0.990147
1
1
0.999288
0.9992
0.99923
0.999312
0.998247
0.998998
1
1
1
1
1
1
1
1
1
1
1
1
1
1
1
1
1
1
1
1
0.998028
0.999311
0.999288
0.997987
1
0.985974
0.989914
0.990147
0.986233
0.996029
0.995856
0.995902
0.996085
0.994102
0.99541
0.984802
0.989223
0.992094
0.988602
0.992155
0.99492
0.980166
0.984779
0.99999
0.999858
0.999593
0.999986
0.997075
0.997781
0.993054
0.994776
0.998995
0.998351
1
1
1
1
1
1
1
1
1
1
1
1
1
1
1
1
1
1
1
0.992094
0.994776
0.997075
0.99492
0.999986
0.999593
0.999858
0.98154
0.986054
0.984779
0.980166
0.992155
0.993185
0.986665
0.988602
0.995381
0.99429
0.983515
0.987732
0.96324
0.957735
0.968675
0.973495
0.951102
0.957485
0.989142
0.985817
0.97781
0.982151
0.962146
0.967785
0.991117
0.98573
0.991906
0.996163
0.997898
0.999996
0.99973
0.999995
1
1
1
1
1
1
1
1
1
1
0.999918
1
1
0.99999
1
1
1
0.999996
1
1
1
1
1
1
1
1
1
1
1
0.96324
0.967785
0.978151
0.973543
0.985817
0.955187
0.962081
0.956505
0.948855
0.968403
0.973255
0.950486
0.957735
0.98389
0.976981
0.960714
0.966419
0.904443
0.897312
0.908065
0.915101
0.88417
0.892599
0.942847
0.932833
0.938704
0.921674
0.93133
0.909826
0.95499
0.940094
0.951322
0.948733
0.944502
0.953592
0.957677
0.944116
0.974924
0.967462
0.970775
0.961341
0.969131
0.952543
0.986605
0.975924
0.98134
0.973023
0.971084
0.978315
0.980115
0.973662
0.989805
0.984377
0.981588
0.987428
0.974617
0.998203
0.992137
0.994073
0.992535
0.996114
0.99898
0.998817
1
0.999898
0.999844
0.999941
0.999925
0.993953
0.997184
0.99898
0.999151
1
0.999974
0.999986
0.999941
0.999967
0.973023
0.974617
0.981588
0.980115
0.984377
0.980169
0.973662
0.970775
0.978315
0.984462
0.971084
0.996541
0.989534
0.985657
0.948733
0.952543
0.961341
0.957677
0.967462
0.952558
0.944116
0.938704
0.953592
0.961715
0.944502
0.98103
0.968885
0.960085
0.904443
0.909826
0.921674
0.915101
0.932833
0.894321
0.902671
0.892599
0.88417
0.908065
0.917947
0.897312
0.943687
0.926963
0.905113
0.911899
0.792453
0.839798
0.846346
0.887103
0.877736
0.913444
0.897143
0.925895
0.897143
0.922807
0.877736
0.902514
0.846346
0.864947
0.792453
0.808135
0.638419
0.695658
0.693888
0.746222
0.730109
0.778808
0.749724
0.792046
0.749724
0.788733
0.730109
0.762312
0.693888
0.724051
0.638419
0.661365
0.462131
0.521752
0.506686
0.565263
0.546282
0.600961
0.563712
0.613089
0.563712
0.610046
0.546282
0.58596
0.506686
0.546815
0.462131
0.491811
0.284929
0.339162
0.322817
0.37774
0.353963
0.406733
0.367806
0.416663
0.367806
0.414167
0.353963
0.394508
0.322817
0.356774
0.284929
0.315588
0.131162
0.173338
0.161514
0.205299
0.182716
0.225967
0.192261
0.23311
0.192261
0.231312
0.182716
0.217218
0.161514
0.190535
0.131162
0.159606
1
1
1
1
1
1
1
1
0.998726
1
1
0.999883
0.999909
0.999913
0.999847
0.999943
0.999949
0.999931
1
1
1
1
1
1
1
1
1
0.99836
0.999617
1
1
1
1
1
1
1
1
1
1
1
1
1
1
1
1
1
1
1
1
1
1
1
1
1
1
1
1
1
1
1
1
1
1
1
1
1
1
1
1
1
1
1
1
1
1
1
1
1
1
1
1
1
1
1
1
1
1
1
1
1
1
1
1
1
1
0.99994
1
1
1
1
1
1
1
1
1
1
1
1
1
1
1
1
1
1
1
1
0.99994
1
1
1
1
1
1
1
1
1
1
1
1
1
1
1
1
1
1
1
1
1
1
1
1
1
1
1
1
1
0.999987
1
1
1
1
1
1
1
1
0.999994
1
1
0.999976
1
1
1
1
1
1
1
1
1
1
1
1
1
1
1
1
1
1
1
1
1
1
1
1
1
1
1
1
1
1
1
1
1
1
1
1
1
1
1
1
1
1
1
1
1
1
1
1
1
1
1
1
1
0.999976
1
1
0.999992
1
1
1
1
1
1
0.999987
1
1
1
1
1
1
1
1
1
1
0.999991
1
0.999147
1
1
0.99966
1
1
1
1
1
1
1
1
1
1
1
1
1
1
1
0.994813
0.998315
1
1
1
1
1
1
1
1
1
1
1
1
1
1
1
1
1
1
0.997485
0.999147
1
1
0.999991
1
1
1
0.992748
0.994823
1
1
1
1
1
1
1
1
1
1
0.999984
1
0.999995
1
1
1
1
1
1
1
0.999999
1
1
0.999997
1
1
1
1
1
1
1
1
1
1
1
1
1
1
1
0.999959
1
1
0.999997
1
1
0.999984
1
1
1
1
1
1
1
1
1
0.999604
0.999553
0.999964
1
1
1
1
1
1
1
1
1
1
1
1
1
1
1
1
1
1
1
1
1
1
1
1
1
1
1
1
1
1
1
1
1
1
1
1
1
1
1
1
1
1
1
1
1
1
1
1
1
1
0.987787
0.993953
0.989513
0.999151
0.999974
0.999967
0.999986
1
0.997184
0.989513
0.992535
0.987787
0.998817
0.999898
0.999925
0.999844
1
0.996114
1
1
1
1
1
1
1
1
1
1
1
1
1
1
1
1
1
1
1
1
1
1
1
1
1
1
1
1
1
1
1
1
1
1
1
1
1
1
1
1
1
1
1
1
1
1
1
1
1
1
1
1
1
1
1
1
1
1
1
1
1
1
1
1
1
1
1
1
1
1
1
1
1
1
0.99506
0.993229
0.993853
0.999918
0.999273
0.999764
0.999967
1
0.99999
0.999901
0.996689
1
1
1
1
1
1
1
1
1
1
1
1
1
1
1
1
1
1
1
1
1
1
1
0.99506
0.996689
0.999273
0.999764
0.999901
1
0.999967
0.996163
0.993853
0.993229
0.99973
0.999997
1
1
1
1
0.997898
1
1
1
1
1
1
1
1
1
1
1
1
1
1
1
1
1
1
1
1
1
1
1
1
1
1
1
1
1
1
1
1
1
1
1
1
1
1
1
1
1
1
1
1
1
1
1
1
0.901416
0.932238
0.945209
0.945209
0.932238
0.901416
0.891746
0.877077
0.850761
0.87616
0.894689
0.874326
0.856145
0.919842
0.927229
0.918396
0.908702
0.961477
0.96627
0.970404
0.963075
0.955502
0.985545
0.983195
0.977359
0.970514
0.961477
0.956937
0.951941
0.943654
0.933378
0.913506
0.894689
0.874326
0.856145
0.927136
0.943235
0.936234
0.925558
0.970414
0.975579
0.971466
0.966595
1
1
1
0.993702
0.991121
0.988201
0.985038
0.959965
0.945658
0.936307
0.925558
0.949134
0.963881
0.961332
0.958021
0.988433
0.991965
0.991095
0.989755
1
1
1
1
1
1
0.999672
0.999396
0.999986
1
0.999039
0.976183
0.963881
0.961644
0.957801
0.941512
0.957274
0.961936
0.963892
0.98868
0.992172
0.99284
0.993257
1
1
1
1
1
1
1
0.999714
0.999816
1
1
1
0.999907
1
1
1
0.970638
0.958207
0.962018
0.963265
0.90902
0.926487
0.93683
0.946512
0.970999
0.975988
0.979645
0.982618
1
1
1
0.994153
0.991468
0.993818
0.995421
0.941881
0.926487
0.93683
0.946512
0.837423
0.858579
0.879597
0.898309
0.921809
0.929172
0.936948
0.943891
0.963629
0.967915
0.971756
0.977831
0.988664
0.990272
0.992022
0.995496
1
0.99718
0.996436
0.998699
0.988664
0.986724
0.984424
0.989046
0.963629
0.958884
0.953669
0.960517
0.967224
0.87793
0.858579
0.880243
0.897453
1
1
1
1
1
1
1
1
1
1
1
1
1
1
1
1
1
1
1
1
1
1
1
1
1
1
1
1
1
1
1
1
1
1
1
1
1
1
1
1
0.912139
0.905369
0.877077
0.860625
0.886714
0.894025
0.899997
0.845117
0.878954
0.891746
0.914335
0.920813
0.907397
0.917468
0.850761
0.946991
0.962645
0.970514
0.97445
0.982003
0.986454
0.988537
0.988537
0.986454
0.982003
0.97445
0.962645
0.946991
0.955502
0.912139
0.917468
0.914335
0.907397
0.899997
0.920813
0.845117
0.860625
0.886714
0.878954
0.894025
0.905369
0.911746
0.913506
0.961826
0.955711
0.949724
0.984218
0.98051
0.976299
0.98129
0.985038
0.933378
0.943654
0.951941
0.956937
0.993248
0.990193
0.987439
0.99849
0.997465
0.998902
0.977359
0.983195
0.985545
1
1
0.998902
0.997465
0.99849
0.984218
0.987439
0.990193
0.993248
0.963075
0.970404
0.96627
0.98129
0.976299
0.98051
0.949724
0.955711
0.961826
0.966595
0.908702
0.918396
0.927229
0.919842
0.911746
0.87616
0.952058
0.958858
0.988205
0.98663
0.982378
0.998975
0.997663
0.998475
0.999039
0.988201
0.991121
0.993702
1
1
1
1
1
1
0.998474
0.997663
0.998975
0.982378
0.98663
0.988205
0.989755
0.971466
0.975579
0.970414
0.951247
0.929106
0.964668
0.976183
0.993487
0.993613
0.99039
1
1
0.999947
0.999945
1
1
0.999907
1
1
0.999917
0.999397
0.999672
1
0.999986
1
1
1
1
1
1
1
1
1
1
1
1
1
1
1
0.999917
1
0.999947
1
1
0.999945
1
1
0.99039
0.993613
0.993487
0.993257
0.991095
0.991964
0.988433
0.964668
0.949134
0.953269
0.970638
0.984861
0.987101
0.982957
0.999149
0.997781
0.996883
0.995421
0.999816
1
1
1
0.999714
1
1
1
1
1
1
1
1
1
1
1
1
1
1
1
1
1
0.996882
0.997781
0.999149
0.982957
0.987101
0.984861
0.982618
0.992592
0.992172
0.98868
0.953269
0.942985
0.913759
0.941881
0.951038
0.957602
0.951581
0.981472
0.977907
0.972669
0.967224
0.993818
0.991481
0.994269
1
1
1
1
1
1
0.972669
0.977907
0.981472
0.951244
0.957618
0.951722
0.945009
0.979645
0.975988
0.970999
0.911971
0.90902
0.836284
0.87793
0.960517
0.953669
0.958884
0.989046
0.984424
0.986724
0.998699
0.996436
0.99718
1
1
0.995496
0.992022
0.990272
0.977831
0.971756
0.967915
0.936948
0.929172
0.921809
1
1
1
1
1
1
1
1
1
1
1
1
1
1
1
1
1
1
1
1
1
1
1
1
1
1
1
1
1
1
1
1
1
1
1
1
1
1
1
1
1
1
1
1
1
1
1
1
1
1
1
1
1
1
1
1
1
1
1
1
1
1
1
1
1
1
1
1
1
1
1
1
1
1
1
1
1
1
1
1
1
1
1
1
1
1
1
1
1
1
1
1
1
1
1
1
1
1
1
1
1
1
1
1
1
1
1
1
1
1
1
1
1
1
1
1
1
1
1
1
1
1
1
1
1
1
1
1
1
1
0.833464
0.827223
0.833464
0.827223
0.94235
0.935208
0.940544
0.934129
0.981563
0.976423
0.977316
0.973745
0.991951
0.988046
0.977316
0.980459
0.965824
0.959324
0.940544
0.94648
0.981718
0.978981
0.984264
0.980194
1
1
1
0.995194
0.993322
0.984264
0.987803
0.993209
0.99264
0.997103
0.994855
1
1
1
1
0.999895
0.999814
1
1
1
0.999998
1
1
0.997103
0.998708
0.989936
0.991324
0.997229
0.995022
1
1
1
1
0.999131
0.999457
0.999977
0.99992
0.999995
1
0.997229
0.998792
0.968288
0.972479
0.985035
0.981013
1
1
1
1
0.985808
0.989048
0.984361
0.988224
0.910547
0.919674
0.941794
0.935121
0.956741
0.964733
0.978645
0.975169
0.982492
0.987769
0.994772
0.99355
0.988865
0.993278
0.994772
0.995723
0.972222
0.978825
0.978645
0.981739
0.937319
0.945942
0.941794
0.947974
0.836284
0.837423
1
1
1
1
1
1
1
1
1
1
1
1
1
1
1
1
1
1
1
1
1
1
1
1
1
1
1
1
1
1
1
1
1
1
1
1
1
1
1
1
1
0.967559
0.962195
0.95022
0.965824
0.97147
0.972413
0.94648
0.959324
0.994406
0.992505
0.986318
0.991951
0.995168
0.995929
0.980459
0.988046
0.994406
0.995929
0.995168
0.981563
0.986318
0.992505
0.973745
0.976423
0.967559
0.972413
0.97147
0.94235
0.95022
0.962195
0.934129
0.935208
0.993329
0.990279
0.984497
0.995194
0.996533
0.995787
0.987803
0.993322
1
1
1
1
1
0.993329
0.995786
0.996533
0.981718
0.984497
0.990279
0.980194
0.978981
0.998097
0.996183
0.993414
0.99989
0.99992
1
0.999998
1
0.999941
1
0.999352
0.999928
0.999935
0.998708
0.999814
1
1
1
1
1
1
1
1
1
1
1
1
1
0.998097
0.999352
0.999935
0.999919
0.999928
0.999941
1
1
1
0.993209
0.993414
0.996183
0.994855
0.99264
0.993604
0.990648
0.988775
0.999131
0.998628
0.995977
0.998792
0.999457
1
0.999977
0.999995
0.999921
1
1
1
1
1
1
1
1
0.993604
0.995977
0.998628
0.989936
0.988775
0.990648
0.995022
0.991324
0.96879
0.963116
0.963341
0.985739
0.982238
0.9736
0.98852
0.989074
1
1
1
1
0.96879
0.9736
0.982238
0.967942
0.962725
0.963465
0.980439
0.971596
0.900565
0.937319
0.927788
0.947974
0.945942
0.949075
0.972222
0.964598
0.981739
0.978825
0.97617
0.988865
0.983314
0.995723
0.993278
0.983314
0.982492
0.97617
0.99355
0.987769
0.964598
0.957361
0.949075
0.975122
0.964713
0.927788
0.910547
0.900565
0.935121
0.919674
1
1
1
1
1
1
1
1
1
1
1
1
1
1
1
1
1
1
1
1
1
1
1
1
1
1
1
1
1
1
1
1
1
1
1
1
1
1
1
1
1
1
1
1
1
1
1
1
1
1
1
1
1
1
1
1
1
1
1
1
1
1
1
1
1
1
1
1
1
1
1
1
1
1
1
1
1
1
1
1
1
1
1
1
1
1
1
1
1
1
1
1
1
1
1
1
1
1
1
1
1
1
1
1
0.898141
0.924299
0.924299
0.898141
1
1
1
1
1
1
1
1
1
1
1
1
1
1
1
1
1
1
1
1
1
1
1
1
1
1
1
0
0
0
0
0
0
0
0
0
0
0
0
0
0
0
0
0
0
0
0
0
0
0
0
0
0
0
0
0
0
0
0
0
0
0
0
0
0
0
0
0
0
0
0
0
0
0
0
0
0
0
0
0
0
0
0
0
0
0
0
0
0
0
0
0
0
0
0
0
0
0
0
0
0
0
0
0
0
0
0
0
0
0
0
0
0
0
0
0
0
0
0
0
0
0
0
0
0
0.000360357
0.00227243
0.00624871
0.00962895
0.0109262
0.00962895
0.00624871
0.00227243
0.000360357
0
0
0
0
0
0
0
0
0
0
0
0
0
0
0
0
0
0
0
0
0
0
0
0
0
0
0
0
0
0.000603501
0.00798331
0.0234943
0.0423234
0.0603704
0.0729517
0.0846473
0.0887625
0.0846473
0.0729517
0.0603704
0.0423234
0.0234943
0.00798331
0.000603501
0
0
0
0
0
0
0
0
0
0
0
0
0
0
0
0
0
0
0
0
0
0
0
0
0.000253384
0.0104988
0.0358042
0.0706055
0.106451
0.146441
0.181075
0.202525
0.223036
0.230125
0.223036
0.202525
0.181075
0.146441
0.106451
0.0706055
0.0358042
0.0104988
0.000253384
0
0
0
0
0
0
0
0
0
0
0
0
0
0
0
0
0
0
0
0
0
0.00239587
0.0249157
0.0662149
0.116175
0.178205
0.240769
0.294968
0.34574
0.381769
0.403295
0.413176
0.403295
0.381769
0.34574
0.294968
0.240769
0.178205
0.116175
0.0662149
0.0249157
0.00253644
0
0
0
0
0
0
0
0
0
0
0
0
0
0
0
0
0
0
0
0.00471214
0.0330415
0.0824675
0.151397
0.233319
0.318447
0.396567
0.470627
0.498455
0.52855
0.553722
0.573556
0.587738
0.597545
0.606605
0.609639
0.606605
0.597545
0.587738
0.573556
0.553722
0.52855
0.498455
0.470627
0.396567
0.318447
0.233319
0.151397
0.0807558
0.0298564
0.00376531
0
0
0
0
0
0
0
0
0
0
0
0
0
0
0
0
0
0.00277161
0.0317181
0.0883722
0.16629
0.257559
0.364943
0.416289
0.461801
0.512172
0.559387
0.602584
0.639282
0.557144
0.591161
0.618007
0.645085
0.666327
0.681465
0.69054
0.700157
0.703374
0.700157
0.69054
0.681465
0.666327
0.645085
0.618007
0.591161
0.557144
0.639282
0.602584
0.559387
0.512172
0.461801
0.416289
0.364943
0.257559
0.16629
0.0851487
0.0303381
0.00251702
0
0
0
0
0
0
0
0
0
0
0
0
0
0
0
0
0.0175365
0.0716653
0.153211
0.255641
0.369724
0.485646
0.427457
0.483293
0.537021
0.587612
0.632559
0.678143
0.718423
0.751702
0.675427
0.705873
0.783081
0.805676
0.730094
0.752255
0.828148
0.843965
0.767976
0.775943
0.853133
0.860409
0.785861
0.789171
0.863695
0.860409
0.785861
0.775943
0.853133
0.843965
0.767976
0.752255
0.828148
0.805676
0.730094
0.705873
0.783081
0.751702
0.675427
0.718423
0.678143
0.632559
0.587612
0.537021
0.483293
0.427457
0.485646
0.369724
0.252563
0.152001
0.0715888
0.0190649
0
0
0
0
0
0
0
0
0
0
0
0
0
0
0
0.00382556
0.0393026
0.113289
0.212258
0.329915
0.464715
0.594558
0.544027
0.602848
0.541307
0.601848
0.658138
0.713603
0.655129
0.703787
0.763611
0.786413
0.807638
0.778779
0.744861
0.786195
0.815838
0.83415
0.804497
0.849017
0.877135
0.890146
0.862226
0.891336
0.918844
0.9257
0.899809
0.91538
0.940586
0.944175
0.91955
0.924033
0.948125
0.947398
0.923261
0.91538
0.940586
0.937185
0.911803
0.891336
0.918844
0.91097
0.883529
0.849017
0.877135
0.865648
0.834102
0.786195
0.815838
0.795863
0.766297
0.703787
0.763611
0.713603
0.655129
0.601848
0.658138
0.602848
0.541307
0.544027
0.591879
0.464394
0.335233
0.210476
0.112186
0.0412725
0.00437472
0
0
0
0
0
0
0
0
0
0
0
0
0
0
0.0125163
0.0633459
0.148834
0.261522
0.391749
0.534985
0.668667
0.635683
0.698591
0.655778
0.712936
0.756934
0.809625
0.765001
0.811122
0.835012
0.855561
0.834984
0.893038
0.902922
0.910898
0.901104
0.94537
0.953276
0.958408
0.950664
0.976348
0.982109
0.984724
0.97892
0.989924
0.99415
0.994753
0.99065
0.993396
0.996801
0.996743
0.993314
0.989924
0.99415
0.993316
0.988936
0.976348
0.982109
0.979917
0.973253
0.94537
0.953276
0.948809
0.93961
0.893038
0.902922
0.911966
0.894756
0.875511
0.811122
0.835012
0.855765
0.809625
0.765001
0.712936
0.755204
0.698141
0.655778
0.636444
0.670648
0.53364
0.395651
0.264264
0.150559
0.0642498
0.0128251
0
0
0
0
0
0
0
0
0
0
0
0
0
0
0.0192999
0.0786931
0.173173
0.294762
0.433219
0.576911
0.713809
0.696848
0.759258
0.730284
0.786784
0.816115
0.866306
0.842064
0.887754
0.89904
0.918703
0.907678
0.955024
0.960238
0.966121
0.961071
0.991311
0.993827
0.99593
0.993709
1
1
1
1
1
1
1
1
1
1
1
1
1
1
1
1
1
1
1
1
0.991311
0.993827
0.991055
0.988428
0.955024
0.960238
0.964693
0.951092
0.941348
0.887238
0.900351
0.910364
0.865104
0.842813
0.791268
0.815101
0.758452
0.733512
0.696256
0.714164
0.576674
0.43253
0.293817
0.172187
0.0778773
0.0188365
0
0
0
0
0
0
0
0
0
0
0
0
0
0
0.0204622
0.0812087
0.177139
0.300191
0.440027
0.584898
0.722631
0.722885
0.785359
0.7761
0.832537
0.841807
0.891037
0.881971
0.925
0.929158
0.94641
0.942661
0.981601
0.983205
0.987463
0.985982
1
1
1
1
1
1
1
1
1
1
1
1
1
1
1
1
1
0.999959
0.999815
0.981601
0.983205
0.984263
0.974264
0.970735
0.924943
0.929216
0.932015
0.891037
0.883252
0.833529
0.839686
0.782924
0.776777
0.720188
0.721015
0.583099
0.438201
0.298495
0.17572
0.080191
0.0199349
0
0
0
0
0
0
0
0
0
0
0
0
0
0
0.0167223
0.0730835
0.164421
0.282943
0.418616
0.560033
0.695419
0.714959
0.77733
0.785155
0.841656
0.833824
0.883286
0.890944
0.931977
0.929782
0.947029
0.949121
0.986017
0.985496
0.989487
0.98996
1
1
1
1
1
1
1
1
1
1
1
1
1
1
1
1
0.986017
0.98507
0.98455
0.974574
0.975708
0.93111
0.929712
0.92547
0.88389
0.889852
0.840362
0.834264
0.777594
0.783684
0.715046
0.697187
0.561332
0.419465
0.28341
0.164607
0.0731016
0.0166858
0
0
0
0
0
0
0
0
0
0
0
0
0
0
0.00845791
0.0531257
0.132139
0.238403
0.37065
0.50588
0.637785
0.672765
0.735295
0.757336
0.817419
0.792672
0.84381
0.868386
0.911672
0.901299
0.920112
0.930185
0.972428
0.969477
0.974843
0.977993
0.99879
0.997765
0.998989
0.999624
1
1
1
1
1
1
1
1
0.99879
0.997614
0.995989
0.997442
0.972428
0.969477
0.965465
0.952748
0.960601
0.911672
0.901299
0.889518
0.84381
0.868386
0.815896
0.792672
0.735295
0.759323
0.672765
0.637785
0.50588
0.365873
0.240747
0.133676
0.053967
0.00874216
0
0
0
0
0
0
0
0
0
0
0
0
0
0
0.00104654
0.0310663
0.0946005
0.186023
0.296976
0.417723
0.544427
0.59247
0.656894
0.699138
0.758818
0.713298
0.769784
0.810716
0.858402
0.839281
0.860344
0.879303
0.93048
0.921965
0.929708
0.936781
0.975708
0.970109
0.974196
0.979579
0.995933
0.992801
0.994177
0.997037
1
0.999444
0.999661
1
1
1
1
1
1
1
0.999444
0.999138
0.999966
0.999991
0.995933
0.992801
0.991102
0.994512
0.975708
0.970109
0.965553
0.971357
0.931165
0.923348
0.913955
0.898422
0.91531
0.856045
0.838308
0.81759
0.768727
0.810716
0.758818
0.713298
0.656894
0.699138
0.59247
0.544427
0.417723
0.296976
0.186023
0.0946005
0.0289787
0.00125709
0
0
0
0
0
0
0
0
0
0
0
0
0
0
0
0.0095489
0.0503191
0.11839
0.20666
0.316949
0.430981
0.484774
0.54825
0.602531
0.661379
0.605396
0.658825
0.71669
0.76677
0.7076
0.748433
0.782336
0.810835
0.789595
0.848729
0.8191
0.837414
0.865486
0.907434
0.882031
0.892192
0.918523
0.944606
0.922094
0.928707
0.950844
0.963884
0.943111
0.946777
0.966438
0.969856
0.950672
0.94968
0.969072
0.963884
0.943111
0.93791
0.959878
0.944606
0.922094
0.913829
0.936741
0.907434
0.882031
0.868895
0.894578
0.848729
0.8191
0.801902
0.830425
0.76677
0.7076
0.658825
0.71669
0.661379
0.605396
0.54825
0.602531
0.484774
0.430981
0.316949
0.20666
0.11839
0.0503191
0.0095489
0
0
0
0
0
0
0
0
0
0
0
0
0
0
0
0
0
0.0143898
0.0594189
0.127377
0.211659
0.303975
0.395105
0.465824
0.541023
0.48707
0.516433
0.591807
0.636601
0.563854
0.607225
0.682315
0.722694
0.685329
0.699751
0.740704
0.786657
0.749919
0.763551
0.800395
0.831704
0.794752
0.800845
0.838814
0.858716
0.823232
0.827376
0.862826
0.867658
0.832398
0.830692
0.86611
0.858716
0.823232
0.817428
0.852948
0.831704
0.794752
0.785986
0.822929
0.786657
0.749919
0.734714
0.771298
0.722694
0.685329
0.642143
0.607225
0.682315
0.636601
0.563854
0.516433
0.591807
0.541023
0.465824
0.395105
0.303975
0.48707
0.211659
0.127377
0.0594189
0.0143898
0
0
0
0
0
0
0
0
0
0
0
0
0
0
0
0
0
0
0.000182481
0.0163473
0.0553956
0.108556
0.177682
0.251405
0.322685
0.364296
0.441533
0.485322
0.399372
0.438946
0.521403
0.560965
0.518454
0.535854
0.579055
0.625688
0.580829
0.593207
0.63849
0.667495
0.622575
0.632576
0.677787
0.699353
0.653566
0.657484
0.703373
0.708669
0.662784
0.660627
0.706596
0.699353
0.653566
0.648096
0.693738
0.667495
0.622575
0.611124
0.6597
0.625688
0.580829
0.567107
0.61148
0.560965
0.518454
0.475173
0.438946
0.521403
0.485322
0.399372
0.364296
0.441533
0.322685
0.251405
0.177682
0.108556
0.0553956
0.0163473
0.000182481
0
0
0
0
0
0
0
0
0
0
0
0
0
0
0
0
0
0
0
0
0.00858503
0.0357563
0.0724354
0.121968
0.180347
0.212659
0.283367
0.320476
0.244324
0.274545
0.355589
0.387937
0.344816
0.358797
0.402857
0.441706
0.395291
0.401951
0.447707
0.481488
0.433849
0.442193
0.490308
0.508895
0.459798
0.463099
0.512377
0.51745
0.468024
0.46575
0.515172
0.508895
0.459798
0.455198
0.504041
0.481488
0.433849
0.424329
0.471416
0.441706
0.395291
0.384102
0.429809
0.387937
0.344816
0.302591
0.274545
0.355589
0.320476
0.244324
0.212659
0.283367
0.180347
0.121968
0.0724354
0.0357563
0.00858503
0
0
0
0
0
0
0
0
0
0
0
0
0
0
0
0
0
0
0
0
0
0
0
0.000731082
0.0124009
0.0346091
0.0726025
0.0923686
0.148063
0.173999
0.112439
0.132136
0.199035
0.222483
0.185406
0.19527
0.233414
0.259742
0.219828
0.229082
0.269911
0.295535
0.252466
0.258635
0.302278
0.316559
0.271719
0.274183
0.319245
0.323535
0.278204
0.276163
0.321404
0.316559
0.271719
0.268292
0.312821
0.295535
0.252466
0.245454
0.287861
0.259742
0.219828
0.209941
0.24886
0.222483
0.185406
0.150824
0.132136
0.199035
0.173999
0.112439
0.0923686
0.148063
0.0726025
0.0346091
0.0124009
0.000731082
0
0
0
0
0
0
0
0
0
0
0
0
0
0
0
0
0
0
0
0
0
0
0
0
0
0
0.000132524
0.00995642
0.0173423
0.0480884
0.062305
0.0258593
0.0349675
0.0766476
0.0905403
0.0623242
0.0687044
0.0939613
0.115369
0.0868245
0.0923249
0.121809
0.138277
0.106477
0.110267
0.142665
0.152028
0.118377
0.119915
0.153799
0.156879
0.122645
0.121154
0.155225
0.152028
0.118377
0.116243
0.149568
0.138277
0.106477
0.102197
0.133311
0.115369
0.0868245
0.0810162
0.108541
0.0905403
0.0623242
0.0419104
0.0349675
0.0766476
0.062305
0.0258593
0.0173423
0.0480884
0.00995642
0.000132524
0
0
0
0
0
0
0
0
0
0
0
0
0
0
0
0
0
0
0
0
0
0
0
0
0
0
0
0
0
0
0
0.00486708
0.00176036
0
0.00765345
0.0127861
0.000391444
0.00171098
0.0184258
0.0241404
0.00360784
0.00574472
0.0295402
0.0342864
0.00782716
0.00961071
0.0380991
0.0407629
0.0109069
0.0115874
0.0421319
0.0432273
0.0121689
0.0115874
0.0421319
0.0407629
0.0109069
0.00961071
0.0380991
0.0342864
0.00782716
0.00574472
0.0295402
0.0241404
0.00360784
0.00171098
0.0184258
0.0127861
0.000391444
0
0.00765345
0.00486708
0
0
0
0.00176036
0
0
0
0
0
0
0
0
0
0
0
0
0
0
0
0
0
0
0
0
0
0
0
0
0
0
0
0
0
0
0
0
0
0
0
0
0
0
0
0
3.51788e-05
0
0
0.000135379
8.05486e-05
0
3.51788e-05
8.05486e-05
0
0
0
0
0
0
0
0
0
0
0
0
0
0
0
0
0
0
0
0
0
0
0
0
0
0
0
0
0
0
0
0
0
0
0
0
0
0
0
0
0
0
0
0
0
0
0
0
0
0
0
0
0
0
0
0
0
0
0
0
0
0
0
0
0
0
0
0
0
0
0
0
0
0
0
0
0
0
0
0
0
0
0
0
0
0
0
0
0
0
0
0
0
0
0
0
0
0
0
0
0
0
0
0
0
0
0
0
0
0
0
0
0
0
0
0
0
0
0
0
0
0
0
0
0
0
0
0
0
0
0
0
0
0
0
0
0
0
0
0
0
0
0
0
0
0
0
0
0
0
0
0
0
0
0
0
0
0
0
0
0
0
0
0
0
0
0
0
0
0
0
0
0
0
0
0
0
0
0
0
0
0
0
0
0
0
0
0
0
0
0
0
0
0
0
0
0
0
0
0
0
0
0
0
0
0
0
0
0
0
0
0
0
0
0
0
0
0
0
0
0
0
0
0
0
0
0
0
0
0
0
0
0
0
0
0
0
0
0
0
0
0
0
0
0
0
0
0
0
0
0
0
0
0
0
0
0
0
0
0
0
0
0
0
0
0
0
0
0
0
0
0
0
0
0
0
0
0
0
0
0
0
0
0
0
0
0
0
0
0
0
0
0
0
0
0
0
0
0
0
0
0
0
0
0
0
0
0
0
0
0
0
0
0
0
0
0
0
0
0
0
0
0
0
0
0
0
0
0
0
0
0
0
0
0
0
0
0
0
0
0
0
0
0
0
0
0
0
0
0
0
0
0
0
0
0
0
0
0
0
0
0
0
0
0
0
0
0
0
0
0
0
0
0
0
0
0
0
0
0
0
0
0
0
0
0
0
0
0
0
0
0
0
0
0
0
0
0
0
0
0
0
0
0
0
0
0
0
0
0
0
0
0
0
0
0
0
0
0
0
0
0
0
0
0
0
0
0
0
0
0
0
0
0
0
0
0
0
0
0
0
0
0
0
0
0
0
0
0
0
0
0
0
0
0
0
0
0
0
0
0
0
0
0
0
0
0
0
0
0
0
0
0
0
0
0
0
0
0
0
0
0
0
0
0
0
0
0
0
0
0
0
0
0
0
0
0
0
0
0
0
0
0
0
0
0
0
0
0
0
0
0
0
0
0
0
0
0
0
0
0
0
0
0
0
0
0
0
0
0
0
0
0
0
0
0
0
0
0
0
0
0
0
0
0
0
0
0
0
0
0
0
0
0
0
0
0
0
0
0
0
0
0
0
0
0
0
0
0
0
0
0
0
0
0
0
0
0
0
0
0
0
0
0
0
0
0
0
0
0
0
0
0
0
0
0
0
0
0
0
0
0
0
0
0
0
0
0
0
0
0
0
0
0
0
0
0
0
0
0
0
0
0
0
0
0
0
0
0
0
0
0
0
0
0
0
0
0
0
0
0
0
0
0
0
0
0
0
0
0
0
0
0
0
0
0
0
0
0
0
0
0
0
0
0
0
0
0
0
0
0
0
0
0
0
0
0
0
0
0
0
0
0
0
0
0
0
0
0
0
0
0
0
0
0
0
0
0
0
0
0
0
0
0
0
0
0
0
0
0
0
0
0
0
0
0
0
0
0
0
0
0
0
0
0
0
0
0
0
0
0
0
0
0
0
0
0
0
0
0
0
0
0
0
0
0
0
0
0
0
0
0
0
0
0
0
0
0
0
0
0
0
0
0
0
0
0
0
0
0
0
0
0
0
0
0
0
0
0
0
0
0
0
0
0
0
0
0
0
0
0
0
0
0
0
0
0
0
0
0
0
0
0
0
0
0
0
0
0
0
0
0
0
0
0
0
0
0
0
0
0
0
0
0
0
0
0
0
0
0
0
0
0
0
0
0
0
0
0
0
0
0
0
0
0
0
0
0
0
0
0
0
0
0
0
0
0
0
0
0
0
0
0
0
0
0
0
0
0
0
0
0
0
0
0
0
0
0
0
0
0
0
0
0
0
0
0
0
0
0
0
0
0
0
0
0
0
0
0
0
0
0
0
0
0
0
0
0
0
0
0
0
0
0
0
0
0
0
0
0
0
0
0
0
0
0
0
0
0
0
0
0
0
0
0
0
0
0
0
0
0
0
0
0
0
0
0
0
0
0
0
0
0
0
0
0
0
0
0
0
0
0
0
0
0
0
0
0
0
0
0
0
0
0
0
0
0
0
0
0
0
0
0
0
0
0
0
0
0
0
0
0
0
0
0
0
0
0
0
0
0
0
0
0
0
0
0
0
0
0
0
0
0
0
0
0
0
0
0
0
0
0
0
0
0
0
0
0
0
0
0
0
0
0
0
0
0
0
0
0
0
0
0
0
0
0
0
0
0
0
0
0
0
0
0
0
0
0
0
0
0
0
0
0
0
0
0
0
0
0
0
0
0
0
0
0
0
0
0
0
0
0
0
0
0
0
0
0
0
0
0
0
0
0
0
0
0
0
0
0
0
0
0
0
0
0
0
0
0
0
0
0
0
0
0
0
0
0
0
0
0
0
0
0
0
0
0
0
0
0
0
0
0
0
0
0
0
0
0
0
0
0
0
0
0
0
0
0
0
0
0
0
0
0
0
0
0
0
0
0
0
0
0
0
0
0
0
0
0
0
0
0
0
0
0
0
0
0
0
0
0
0
0
0
0
0
0
0
0
0
0
0
0
0
0
0
0
0
0
0
0
0
0
0
0
0
0
0
0
0
0
0
0
0
0
0
0
0
0
0
0
0
0
0
0
0
0
0
0
0
0
0
0
0
0
0
0
0
0
0
0
0
0
0
0
0
0
0
0
0
0
0
0
0
0
0
0
0
0
0
0
0
0
0
0
0
0
0
0
0
0
0
0
0
0
0
0
0
0
0
0
0
0
0
0
0
0
0
0
0
0
0
0
0
0
0
0
0
0
0
0
0
0
0
0
0
0
0
0
0
0
0
0
0
0
0
0
0
0
0
0
0
0
0
0
0
0
0
0
0
0
0
0
0
0
0
0
0
0
0
0
0
0
0
0
0
0
0
0
0
0
0
0
0
0
0
0
0
0
0
0
0
0
0
0
0
0
0
0
0
0
0
0
0
0
0
0
0
0
0
0
0
0
0
0
0
0
0
0
0
0
0
0
0
0
0
0
0
0
0
0
0
0
0
0
0
0
0
0
0
0
0
0
0
0
0
0
0
0
0
0
0
0
0
0
0
0
0
0
0
0
0
0
0
0
0
0
0
0
0
0
0
0
0
0
0
0
0
0
0
0
0
0
0
0
0
0
0
0
0
0
0
0
0
0
0
0
0
0
0
0
0
0
0
0
0
0
0
0
0
0
0
0
0
0
0
0
0
0
0
0
0
0
0
0
0
0
0
0
0
0
0
0
0
0
0
0
0
0
0
0
0
0
0
0
0
0
0
0
0
0
0
0
0
0
0
0
0
0
0
0
0
0
0
0
0
0
0
0
0
0
0
0
0
0
0
0
0
0
0
0
0
0
0
0
0
0
0
0
0
0
0
0
0
0
0
0
0
0
0
0
0
0
0
0
0
0
0
0
0
0
0
0
0
0
0
0
0
0
0
0
0
0
0
0
0
0
0
0
0
0
0
0
0
0
0
0
0
0
0
0
0
0
0
0
0
0
0
0
0
0
0
0
0
0
0
0
0
0
0
0
0
0
0
0
0
0
0
0
0
0
0
0
0
0
0
0
0
0
0
0
0
0
0
0
0
0
0
0
0
0
0
0
0
0
0
0
0
0
0
0
0
0
0
0
0
0
0
0
0
0
0
0
0
0
0
0
0
0
0
0
0
0
0
0
0
0
0
0
0
0
0
0
0
0
0
0
0
0
0
0
0
0
0
0
0
0
0
0
0
0
0
0
0
0
0
0
0
0
0
0
0
0
0
0
0
0
0
0
0
0
0
0
0
0
0
0
0
0
0
0
0
0
0
0
0
0
0
0
0
0
0
0
0
0
0
0
0
0
0
0
0
0
0
0
0
0
0
0
0
0
0
0
0
0
0
0
0
0
0
0
0
0
0
0
0
0
0
0
0
0
0
0
0
0
0
0
0
0
0
0
0
0
0
0
0
0
0
0
0
0
0
0
0
0
0
0
0
0
0
0
0
0
0
0
0
0
0
0
0
0
0
0
0
0
0
0
0
0
0
0
0
0
0
0
0
0
0
0
0
0
0
0
0
0
0
0
0
0
0
0
0
0
0
0
0
0
0
0
0
0
0
0
0
0
0
0
0
0
0
0
0
0
0
0
0
0
0
0
0
0
0
0
0
0
0
0
0
0
0
0
0
0
0
0
0
0
0
0
0
0
0
0
0
0
0
0
0
0
0
0
0
0
0
0
0
0
0
0
0
0
0
0
0
0
0
0
0
0
0
0
0
0
0
0
0
0
0
0
0
0
0
0
0
0
0
0
0
0
0
0
0
0
0
0
0
0
0
0
0
0
0
0
0
0
0
0
0
0
0
0
0
0
0
0
0
0
0
0
0
0
0
0
0
0
0
0
0
0
0
0
0
0
0
0
0
0
0
0
0
0
0
0
0
0
0
0
0
0
0
0
0
0
0
0
0
0
0
0
0
0
0
0
0
0
0
0
0
0
0
0
0
0
0
0
0
0
0
0
0
0
0
0
0
0
0
0
0
0
0
0
0
0
0
0
0
0
0
0
0
0
0
0
0
0
0
0
0
0
0
0
0
0
0
0
0
0
0
0
0
0
0
0
0
0
0
0
0
0
0
0
0
0
0
0
0
0
0
0
0
0
0
0
0
0
0
0
0
0
0
0
0
0
0
0
0
0
0
0
0
0
0
0
0
0
0
0
0
0
0
0
0
0
0
0
0
0
0
0
0
0
0
0
0
0
0
0
0
0
0
0
0
0
0
0
0
0
0
0
0
0
0
0
0
0
0
0
0
0
0
0
0
0
0
0
0
0
0
0
0
0
0
0
0
0
0
0
0
0
0
0
0
0
0
0
0
0
0
0
0
0
0
0
0
0
0
0
0
0
0
0
0
0
0
0
0
0
0
0
0
0
0
0
0
0
0
0
0
0
0
0
0
0
0
0
0
0
0
0
0
0
0
0
0
0
0
0
0
0
0
0
0
0
0
0
0
0
0
0
0
0
0
0
0
0
0
0
0
0
0
0
0
0
0
0
0
0
0
0
0
0
0
0
0
0
0
0
0
0
0
0
0
0
0
0
0
0
0
0
0
0
0
0
0
0
0
0
0
0
0
0
0
0
0
0
0
0
0
0
0
0
0
0
0
0
0
0
0
0
0
0
0
0
0
0
0
0
0
0
0
0
0
0
0
0
0
0
0
0
0
0
0
0
0
0
0
0
0
0
0
0
0
0
0
0
0
0
0
0
0
0
0
0
0
0
0
0
0
0
0
0
0
0
0
0
0
0
0
0
0
0
0
0
0
0
0
0
0
0
0
0
0
0
0
0
0
0
0
0
0
0
0
0
0
0
0
0
0
0
0
0
0
0
0
0
0
0
0
0
0
0
0
0
0
0
0
0
0
0
0
0
0
0
0
0
0
0
0
0
0
0
0
0
0
0
0
0
0
0
0
0
0
0
0
0
0
0
0
0
0
0
0
0
0
0
0
0
0
0
0
0
0
0
0
0
0
0
0
0
0
0
0
0
0
0
0
0
0
0
0
0
0
0
0
0
0
0
0
0
0
0
0
0
0
0
0
0
0
0
0
0
0
0
0
0
0
0
0
0
0
0
0
0
0
0
0
0
0
0
0
0
0
0
0
0
0
0
0
0
0
0
0
0
0
0
0
0
0
0
0
0
0
0
0
0
0
0
0
0
0
0
0
0
0
0
0
0
0
0
0
0
0
0
0
0
0
0
0
0
0
0
0
0
0
0
0
0
0
0
0
0
0
0
0
0
0
0
0
0
0
0
0
0
0
0
0
0
0
0
0
0
0
0
0
0
0
0
0
0
0
0
0
0
0
0
0
0
0
0
0
0
0
0
0
0
0
0
0
0
0
0
0
0
0
0
0
0
0
0
0
0
0
0
0
0
0
0
0
0
0
0
0
0
0
0
0
0
0
0
0
0
0
0
0
0
0
0
0
0
0
0
0
0
0
0
0
0
0
0
0
0
0
0
0
0
0
0
0
0
0
0
0
0
0
0
0
0
0
0
0
0
0
0
0
0
0
0
0
0
0
0
0
0
0
0
0
0
0
0
0
0
0
0
0
0
0
0
0
0
0
0
0
0
0
0
0
0
0
0
0
0
0
0
0
0
0
0
0
0
0
0
0
0
0
0
0
0
0
0
0
0
0
0
0
0
0
0
0
0
0
0
0
0
0
0
0
0
0
0
0
0
0
0
0
0
0
0
0
0
0
0
0
0
0
0
0
0
0
0
0
0
0
0
0
0
0
0
0
0
0
0
0
0
0
0
0
0
0
0
0
0
0
0
0
0
0
0
0
0
0
0
0
0
0
0
0
0
0
0
0
0
0
0
0
0
0
0
0
0
0
0
0
0
0
0
0
0
0
0
0
0
0
0
0
0
0
0
0
0
0
0
0
0
0
0
0
0
0
0
0
0
0
0
0
0
0
0
0
0
0
0
0
0
0
0
0
0
0
0
0
0
0
0
0
0
0
0
0
0
0
0
0
0
0
0
0
0
0
0
0
0
0
0
0
0
0
0
0
0
0
0
0
0
0
0
0
0
0
0
0
0
0
0
0
0
0
0
0
0
0
0
0
0
0
0
0
0
0
0
0
0
0
0
0
0
0
0
0
0
0
0
0
0
0
0
0
0
0
0
0
0
0
0
0
0
0
0
0
0
0
0
0
0
0
0
0
0
0
0
0
0
0
0
0
0
0
0
0
0
0
0
0
0
0
0
0
0
0
0
0
0
0
0
0
0
0
0
0
0
0
0
0
0
0
0
0
0
0
0
0
0
0
0
0
0
0
0
0
0
0
0
0
0
0
0
0
0
0
0
0
0
0
0
0
0
0
0
0
0
0
0
0
0
0
0
0
0
0
0
0
0
0
0
0
0
0
0
0
0
0
0
0
0
0
0
0
0
0
0
0
0
0
0
0
0
0
0
0
0
0
0
0
0
0
0
0
0
0
0
0
0
0
0
0
0
0
0
0
0
0
0
0
0
0
0
0
0
0
0
0
0
0
0
1
1
1
1
1
0.993314
0.996743
1
1
1
1
0.99065
0.994753
1
1
1
1
1
1
1
1
1
1
1
1
1
1
1
1
1
1
1
1
1
1
1
1
1
1
1
1
1
1
0.999953
0.999433
1
1
1
1
1
1
1
1
1
1
0.999459
0.999953
0.99962
1
0.998901
0.998115
1
1
0.999991
1
1
1
1
1
1
1
1
1
0.998115
0.998901
0.997037
1
1
1
1
0.988936
0.993316
1
1
1
0.97892
0.984724
1
1
1
1
1
1
1
1
1
1
1
1
1
1
1
1
1
1
1
1
1
1
1
1
1
1
1
1
1
1
1
0.993709
0.99593
1
1
1
1
1
1
1
1
1
1
1
1
1
1
1
1
1
1
1
1
1
1
1
1
1
1
1
1
1
1
1
1
1
1
1
1
1
1
1
1
1
1
1
1
1
1
1
1
1
1
1
1
1
1
1
1
1
1
1
1
1
1
1
1
1
1
1
1
1
1
1
1
1
1
1
1
1
1
1
1
1
1
1
1
1
1
1
1
1
1
1
1
1
1
1
1
1
1
1
1
1
1
1
1
1
1
1
1
1
1
1
1
1
1
1
1
1
1
1
1
1
1
1
1
1
1
1
1
1
1
1
1
1
1
1
1
1
1
1
1
1
1
1
1
1
1
1
1
1
1
1
1
1
1
1
1
1
1
1
1
1
1
1
1
1
1
1
1
1
1
1
1
1
1
1
1
1
1
1
1
1
1
1
1
1
1
1
1
1
1
1
1
1
1
1
1
1
1
1
1
1
1
1
1
1
1
1
1
1
1
1
1
1
1
1
1
1
1
1
1
1
1
1
1
1
1
1
0.981875
0.980858
0.979531
0.984446
0.984309
0.983877
0.969072
1
0.983877
0.984309
0.979531
0.980858
0.981875
0.966438
1
0.999661
1
1
1
1
1
1
0.999966
1
1
0.999993
1
1
1
1
1
1
1
1
1
1
1
1
1
1
1
0.999966
0.999993
1
1
1
1
1
1
1
1
1
1
1
1
1
1
1
1
1
1
1
1
1
1
1
1
1
1
1
1
1
1
1
1
1
1
1
1
1
1
1
1
1
1
1
1
1
1
1
1
1
1
1
1
1
1
1
1
1
1
1
1
1
1
1
1
1
1
1
1
1
1
1
1
1
1
1
1
1
1
1
1
1
1
1
1
1
1
1
1
1
1
1
1
1
1
1
1
1
1
1
1
1
1
1
1
1
1
1
1
1
1
1
1
1
1
1
1
1
1
1
1
1
1
1
1
1
1
1
1
1
1
1
1
1
1
1
1
1
1
1
1
1
1
1
1
1
1
1
1
1
1
1
1
1
1
1
1
1
1
1
1
1
1
1
1
1
1
1
1
1
1
1
1
1
1
1
1
1
1
1
1
1
1
1
1
1
1
1
1
1
1
1
1
1
1
1
1
1
1
1
1
1
1
1
1
1
1
1
1
1
1
1
1
1
1
1
1
1
1
1
1
1
1
1
1
1
1
1
1
1
1
1
1
1
1
1
1
1
1
1
1
1
1
1
1
1
1
1
1
1
1
1
1
1
1
1
1
1
1
1
1
1
1
1
1
1
1
1
1
1
1
1
1
1
1
1
1
1
1
1
1
1
1
1
1
1
1
1
1
1
1
1
1
1
1
1
1
1
1
1
1
1
1
1
1
1
1
1
1
1
1
1
1
1
1
1
1
1
1
1
1
1
1
1
1
1
1
1
1
1
1
1
1
1
1
1
1
1
1
1
1
1
1
1
1
1
1
1
1
1
1
1
1
1
1
1
1
1
1
1
1
1
1
1
1
1
1
1
1
1
1
1
1
1
1
1
1
1
1
1
1
1
1
1
1
1
1
1
1
1
1
1
1
1
1
1
1
1
1
1
1
1
1
1
1
1
1
1
1
1
1
1
1
1
1
1
1
1
1
1
1
1
0.984352
0.980938
0.997012
0.994512
1
1
1
1
1
1
1
1
1
1
1
1
1
1
1
1
1
1
1
1
1
1
1
1
1
1
1
1
0.997012
0.980938
0.984352
0.979579
0.998929
1
1
1
1
1
1
1
1
1
1
1
1
1
1
1
1
1
1
1
1
1
1
1
1
1
1
1
1
1
1
1
1
1
1
1
1
1
1
1
1
1
1
1
1
1
1
1
1
1
1
1
1
1
1
1
1
1
1
1
1
1
1
1
1
1
1
1
1
1
1
1
1
1
1
1
1
1
1
1
1
1
1
1
1
1
1
1
1
1
1
1
1
1
1
1
1
1
1
1
1
1
1
1
1
1
1
1
1
1
1
1
1
1
1
1
1
1
1
1
1
1
1
1
1
1
1
1
1
1
1
1
1
1
1
1
1
1
1
1
1
1
1
1
1
1
1
1
1
1
1
1
1
1
1
1
1
1
1
1
1
1
1
1
1
1
1
1
1
1
1
1
1
1
1
1
1
1
1
1
1
1
1
1
1
1
1
1
1
1
1
1
1
1
1
1
1
1
1
1
1
1
1
1
1
1
1
1
1
1
1
1
1
1
1
1
1
1
1
1
1
1
1
1
1
1
1
1
1
1
1
1
1
1
1
1
1
1
1
1
1
1
1
1
1
1
1
1
1
1
1
1
1
1
1
1
1
1
1
1
1
1
1
1
1
1
1
1
1
1
1
1
1
1
1
1
1
1
1
1
1
1
1
1
1
1
1
1
1
1
1
1
1
1
1
1
1
1
1
1
1
1
1
1
1
1
1
1
1
1
1
1
1
1
1
1
1
1
1
1
1
1
1
1
1
1
1
1
1
1
1
1
1
1
1
1
1
1
1
1
1
1
1
1
1
1
1
1
1
1
1
1
1
1
1
1
1
1
1
1
1
1
1
1
1
1
1
1
1
1
1
1
1
1
1
1
1
1
1
1
1
1
1
1
1
1
1
1
1
1
1
1
1
1
1
1
1
1
1
1
1
1
1
1
1
1
1
1
1
1
1
1
1
1
1
1
1
1
1
1
1
1
1
1
1
1
1
1
1
1
1
1
1
1
1
1
1
1
1
1
1
1
1
1
1
1
1
1
1
1
1
1
1
1
1
1
1
1
1
1
1
1
1
1
1
1
1
1
1
1
1
1
1
1
1
1
1
1
1
1
1
1
1
1
1
1
1
1
1
1
1
1
1
1
1
1
1
1
1
1
1
1
1
1
1
1
1
1
1
1
1
1
1
1
1
1
1
1
1
1
1
1
1
1
1
1
1
1
1
1
1
1
1
1
1
1
1
1
1
1
1
1
1
1
1
1
1
1
1
1
1
1
1
1
1
1
1
1
1
1
1
1
1
1
1
1
1
1
1
1
1
1
1
1
1
1
1
1
1
1
1
1
1
1
1
1
1
1
1
1
1
1
1
1
1
1
1
1
1
1
1
1
1
1
1
1
1
1
1
1
1
1
1
1
1
1
1
1
1
1
1
1
1
1
1
1
1
1
1
1
1
1
1
1
1
1
1
1
1
1
1
1
1
1
1
1
1
1
1
1
1
1
1
1
1
1
1
1
1
1
1
1
1
1
1
1
1
1
1
1
1
1
1
1
1
1
1
1
1
1
1
1
1
1
1
1
1
1
1
1
1
1
1
1
1
1
1
1
1
1
1
1
1
1
1
1
1
1
1
1
1
1
1
1
1
1
1
1
1
1
1
1
1
1
1
1
1
1
1
1
1
1
1
1
1
1
1
1
1
1
1
1
1
1
1
1
1
1
1
1
1
1
1
1
1
1
1
1
1
1
1
1
1
1
1
1
1
1
1
1
1
1
1
1
1
1
1
1
1
1
1
1
1
1
1
1
1
1
1
1
1
1
1
1
1
1
1
1
1
1
1
1
1
1
1
1
1
1
1
1
1
1
1
1
1
1
1
1
1
1
1
1
1
1
1
1
1
1
1
1
1
1
1
1
1
1
1
1
1
1
1
1
1
1
1
1
1
1
1
1
1
1
1
1
1
1
1
1
1
1
1
1
1
1
1
1
1
1
1
1
1
1
1
1
1
1
1
1
1
1
1
1
1
1
1
1
1
1
1
1
1
1
1
1
1
1
1
1
1
1
1
1
1
1
1
1
1
1
1
1
1
1
1
1
1
1
1
1
1
1
1
1
1
1
1
1
1
1
1
1
1
1
1
1
1
1
1
1
1
1
1
1
1
1
1
1
1
1
1
1
1
1
1
1
1
1
1
1
1
1
1
1
1
1
1
1
1
1
1
1
1
1
1
1
1
1
1
1
1
1
1
1
1
1
1
1
1
1
1
1
1
1
1
1
1
1
1
1
1
1
1
1
1
1
1
1
1
1
1
1
1
1
1
1
1
1
1
1
1
1
1
1
1
1
1
1
1
1
1
1
1
1
1
1
1
1
1
1
1
1
1
1
1
1
1
1
1
1
1
1
1
1
1
1
1
1
1
1
1
1
1
1
1
1
1
1
1
1
1
1
1
1
1
1
1
1
1
1
1
1
1
1
1
1
1
1
1
1
1
1
1
1
1
1
1
1
1
1
1
1
1
1
1
1
1
1
1
1
1
1
1
1
1
1
1
1
1
1
1
1
1
1
1
1
1
1
1
1
1
1
1
1
1
1
1
1
1
1
1
1
1
1
1
1
1
1
1
1
1
1
1
1
1
1
1
1
1
1
1
1
1
1
1
1
1
1
1
1
1
1
1
1
1
1
1
1
1
1
1
1
1
1
1
1
1
1
1
1
1
1
1
1
1
1
1
1
1
1
1
1
1
1
1
1
1
1
1
1
1
1
1
1
1
1
1
1
1
1
1
1
1
1
1
1
1
1
1
1
1
1
1
1
1
1
1
1
1
1
1
1
1
1
1
1
1
1
1
1
1
1
1
1
1
1
1
1
1
1
1
1
1
1
1
1
1
1
1
1
1
1
1
1
1
1
1
1
1
1
1
1
1
1
1
1
1
1
1
1
1
1
1
1
1
1
1
1
1
1
1
1
1
1
1
1
1
1
1
1
1
1
1
1
1
1
1
1
1
1
1
1
1
1
1
1
1
1
1
1
1
1
1
1
1
1
1
1
1
1
1
1
1
1
1
1
1
1
1
1
1
1
1
1
1
1
1
1
1
1
1
1
1
1
1
1
1
1
1
1
1
1
1
1
1
1
1
1
1
1
1
1
1
1
1
1
1
1
1
1
1
1
1
1
1
1
1
1
1
1
1
1
1
1
1
1
1
1
1
1
1
1
1
1
1
1
1
1
1
1
1
1
1
1
1
1
1
1
1
1
1
1
1
1
1
1
1
1
1
1
1
1
1
1
1
1
1
1
1
1
1
1
1
1
1
1
1
1
1
1
1
1
1
1
1
1
1
1
1
1
1
1
1
1
1
1
1
1
1
1
1
1
1
1
1
1
1
1
1
1
1
1
1
0.890456
0.882312
0.93656
0.930661
0.93961
0.834102
0.865648
0.942001
0.969328
0.965541
0.973253
0.883529
0.91097
0.972076
0.984542
0.983425
0.911803
0.937185
0.98537
0.988784
0.988678
0.923261
0.947398
0.988678
0.984542
0.98537
0.91955
0.944175
0.983425
0.969328
0.972076
0.899809
0.9257
0.965541
0.93656
0.942001
0.950664
0.862226
0.890146
0.930661
0.882312
0.890456
0.901104
0.804497
0.83415
0.893521
0.873343
0.949021
0.943233
0.927978
0.941348
0.875511
0.894756
0.911966
0.955227
0.987813
0.984923
0.988428
0.948809
0.990774
0.999934
0.999609
0.999999
0.979917
0.995283
0.996454
0.993349
0.991917
0.998928
0.996954
0.996028
0.998285
0.984518
0.982985
0.988408
0.989772
1
0.999421
0.999153
0.999999
0.99983
0.999745
1
0.992434
0.991982
0.995772
0.99611
1
1
0.999999
1
0.992434
0.992862
0.99639
0.99611
0.99993
0.999871
0.998733
0.999153
0.998928
0.996954
0.997642
0.999357
0.984518
0.985743
0.99085
0.989772
0.999999
0.999609
0.999934
0.987813
0.990774
0.958408
0.984923
0.949021
0.955227
0.961071
0.910898
0.927978
0.943233
0.873343
0.893521
0.906561
0.834984
0.855561
0.936365
0.918449
0.979352
0.977523
0.965479
0.971016
0.951576
0.964693
0.984089
0.99997
0.999518
0.999815
0.991055
0.998568
0.999523
0.998741
0.997463
1
1
1
0.998505
0.997259
0.998718
0.999483
1
1
1
1
1
1
1
1
1
1
1
1
1
1
1
1
1
1
1
1
1
1
1
1
1
1
1
1
1
0.998505
0.999341
0.999926
0.999483
0.999518
0.999974
0.979352
0.984089
0.985982
0.966121
0.966003
0.977523
0.917754
0.935604
0.942517
0.919379
0.950026
0.933005
0.986338
0.986519
0.976854
0.976212
0.97386
0.984263
0.990236
1
1
0.999959
1
1
1
1
1
1
1
1
1
1
1
1
1
1
1
1
1
1
1
1
0.986338
0.990236
0.98996
0.987463
0.976854
0.986519
0.933005
0.950026
0.948373
0.946604
0.937278
0.91902
0.975648
0.978214
0.966929
0.960601
0.974432
0.98455
0.980545
0.998428
0.997442
1
1
1
1
1
1
1
1
1
1
1
1
0.998428
0.975648
0.980544
0.977993
0.989154
0.966929
0.978214
0.91902
0.937278
0.930185
0.94704
0.894144
0.874373
0.93818
0.945047
0.930433
0.915376
0.952748
0.965465
0.944859
0.97705
0.971357
0.995989
0.991965
0.994296
0.996354
0.994246
0.998791
0.999628
0.998983
0.997626
1
1
1
1
1
1
1
1
1
1
1
1
1
1
1
1
0.998791
0.999628
0.999976
0.999537
1
1
0.97705
0.938157
0.945197
0.938338
0.974843
0.927823
0.944341
0.874373
0.894144
0.876039
0.920112
0.815044
0.792142
0.873545
0.855799
0.830425
0.896778
0.913955
0.889725
0.881682
0.929198
0.9232
0.916744
0.894578
0.965553
0.939842
0.934743
0.96307
0.95895
0.955947
0.936741
0.991102
0.96879
0.966122
0.977794
0.976629
0.959878
0.999966
0.999138
0.991023
0.991749
0.995481
0.994976
0.993409
0.9968
0.996546
0.993083
1
1
0.994302
0.994202
0.997346
0.997421
0.993409
0.9968
0.997106
0.993851
1
1
0.976629
0.977794
0.96307
0.966122
0.96879
0.950844
0.994177
0.955947
0.95895
0.929198
0.934743
0.939842
0.918523
0.974196
0.916744
0.9232
0.873545
0.881682
0.889725
0.865486
0.929708
0.775825
0.757611
0.820535
0.805122
0.771298
0.868895
0.83428
0.865429
0.856727
0.822929
0.913829
0.872462
0.890709
0.885049
0.852948
0.93791
0.894735
0.899321
0.897945
0.86611
0.94968
0.897945
0.890709
0.894735
0.862826
0.946777
0.885049
0.865429
0.872462
0.838814
0.928707
0.856727
0.820535
0.83428
0.800395
0.892192
0.805122
0.757611
0.775825
0.740704
0.837414
0.621017
0.602317
0.669082
0.65446
0.61148
0.734714
0.682238
0.710645
0.703997
0.6597
0.785986
0.721168
0.74317
0.737448
0.693738
0.817428
0.747264
0.752515
0.750545
0.706596
0.830692
0.750545
0.74317
0.747264
0.703373
0.827376
0.737448
0.710645
0.721168
0.677787
0.800845
0.703997
0.669082
0.682238
0.63849
0.763551
0.65446
0.602317
0.621017
0.579055
0.699751
0.447338
0.431529
0.488399
0.47584
0.429809
0.567107
0.499753
0.529127
0.518545
0.471416
0.611124
0.538385
0.557872
0.552787
0.504041
0.648096
0.561519
0.566705
0.564445
0.515172
0.660627
0.564445
0.557872
0.561519
0.512377
0.657484
0.552787
0.529127
0.538385
0.490308
0.632576
0.518545
0.488399
0.499753
0.447707
0.593207
0.47584
0.431529
0.447338
0.402857
0.535854
0.273655
0.261677
0.301556
0.29543
0.24886
0.384102
0.312616
0.340417
0.332101
0.287861
0.424329
0.347717
0.363158
0.359119
0.312821
0.455198
0.366059
0.37059
0.36839
0.321404
0.46575
0.36839
0.363158
0.366059
0.319245
0.463099
0.359119
0.340417
0.347717
0.302278
0.442193
0.332101
0.301556
0.312616
0.269911
0.401951
0.29543
0.261677
0.273655
0.233414
0.358797
0.122561
0.119092
0.147273
0.139421
0.108541
0.209941
0.154657
0.173447
0.167793
0.133311
0.245454
0.178433
0.189049
0.186263
0.149568
0.268292
0.191053
0.194467
0.192666
0.155225
0.276163
0.192666
0.189049
0.191053
0.153799
0.274183
0.186263
0.173447
0.178433
0.142665
0.258635
0.167793
0.147273
0.154657
0.121809
0.229082
0.139421
0.119092
0.122561
0.0939613
0.19527
0.0521611
0.0470655
0.0419104
0.0619371
0.0571372
0.0810162
0.0707982
0.0665073
0.0783636
0.0747641
0.102197
0.0843199
0.0815597
0.0884267
0.0866165
0.116243
0.0905214
0.0897326
0.0920994
0.0907854
0.121154
0.0905214
0.0907854
0.0884267
0.0897326
0.119915
0.0843199
0.0866165
0.0783636
0.0815597
0.110267
0.0707982
0.0747641
0.0619371
0.0665073
0.0923249
0.0521611
0.0571372
0.0470655
0.0687044
1
1
1
1
1
1
1
1
1
1
1
1
1
1
1
1
1
1
1
1
0.99639
0.992862
1
1
1
1
1
1
1
1
1
1
1
1
1
1
1
1
1
1
1
1
0.995772
0.991982
1
0.999745
0.99983
0.999421
1
1
1
1
1
1
1
1
1
1
1
1
1
1
1
1
1
1
1
1
1
1
1
1
1
1
1
1
1
1
1
1
1
1
1
1
1
1
1
1
1
1
1
1
1
1
1
1
1
1
1
1
1
1
1
1
1
1
1
1
1
1
1
1
1
1
1
1
1
1
1
1
1
1
1
1
1
1
1
1
1
1
1
1
1
1
1
1
1
1
1
1
1
1
1
1
1
1
1
1
1
1
1
1
1
0.999243
0.999969
0.999884
0.999785
0.998622
1
1
1
1
1
1
0.999589
1
0.999998
1
1
1
1
1
1
1
1
1
1
1
1
1
1
1
1
1
1
1
1
1
1
1
1
1
1
1
1
1
1
1
1
1
1
1
1
1
1
1
1
1
1
1
1
1
1
0.999201
0.999969
0.999998
1
0.999609
1
1
1
1
1
1
0.998622
0.999785
0.999884
1
1
1
1
1
1
1
1
1
1
1
1
0.999604
0.999882
0.997684
0.998548
0.99993
1
0.999957
0.999993
0.999357
1
0.99085
0.985743
0.997642
0.998733
0.999871
1
1
0.999993
0.999957
0.999882
1
0.995283
0.996454
0.998548
0.997684
0.999604
0.998285
1
0.988408
0.982985
0.996028
0.991917
0.993349
1
1
0.999337
0.99989
1
1
1
1
1
1
1
1
0.999926
0.999341
1
1
1
1
1
1
1
1
1
1
1
1
1
1
1
1
1
1
1
1
1
1
1
1
1
0.998568
0.999523
0.999908
0.999337
1
1
1
0.998718
0.997259
1
0.997463
0.998741
1
1
1
1
1
1
1
1
1
1
1
1
1
1
1
1
1
1
1
1
1
1
1
1
1
1
1
1
1
1
1
1
1
1
1
1
1
1
1
1
1
1
1
1
1
1
1
1
1
1
1
1
1
1
1
1
1
1
1
1
1
1
1
1
1
1
1
1
1
1
1
1
1
1
1
1
1
1
1
1
1
1
1
1
1
1
1
1
1
1
1
1
1
1
1
1
1
1
1
1
1
1
1
1
1
1
1
1
1
1
1
1
1
1
1
1
1
1
1
1
1
1
1
1
1
1
1
1
1
1
1
1
1
1
1
1
1
1
1
1
1
1
1
1
1
1
1
1
1
1
1
1
1
1
1
1
1
1
1
1
1
1
1
1
1
1
1
1
1
1
1
1
1
1
1
1
1
1
1
1
1
1
1
1
1
1
1
1
1
1
1
1
1
1
1
1
1
1
1
1
1
1
1
1
1
0.968416
0.98303
0.982597
0.98843
0.988815
0.985677
0.986875
0.994202
0.989853
0.989973
0.989391
0.993851
0.983739
1
0.997106
0.997346
0.968416
0.98303
0.983739
0.989391
0.988815
0.989853
0.991023
0.991749
0.986875
0.985677
0.98843
0.993083
0.982597
1
0.996546
0.994976
0.995481
1
1
1
1
1
1
1
1
1
1
1
1
1
1
1
1
1
1
1
1
1
1
1
1
1
1
1
1
1
1
1
1
1
1
1
1
1
1
1
1
1
1
1
1
1
1
1
1
1
1
1
1
1
1
1
1
1
1
1
1
1
1
1
1
1
1
1
1
1
1
1
1
1
1
1
1
1
1
1
1
1
1
1
1
1
1
1
1
1
1
1
1
1
1
1
1
1
1
1
1
1
1
1
1
1
1
1
1
1
1
1
1
1
1
1
1
1
1
1
1
1
1
1
1
1
1
1
1
1
1
1
1
1
1
1
1
1
1
1
1
1
1
1
1
1
1
1
1
1
1
1
1
1
1
1
1
1
1
1
1
1
1
1
1
1
1
1
1
1
1
1
1
1
1
1
1
1
1
1
1
1
1
1
1
1
1
1
1
1
1
1
1
1
1
1
1
1
1
1
1
1
1
1
1
1
1
1
1
1
1
1
1
1
1
1
1
1
1
1
1
1
1
1
1
1
1
1
1
1
1
1
1
1
1
1
1
1
1
1
1
1
1
1
1
1
1
1
1
1
1
1
1
1
1
1
1
1
1
0.988493
0.992244
0.989836
0.98595
0.995797
0.997308
0.988904
0.991444
1
1
0.998425
0.999537
0.990642
0.994116
1
0.999976
1
1
1
1
1
1
1
1
1
1
1
1
1
1
1
1
1
1
1
0.988493
0.992244
0.994116
0.990642
0.998425
0.997308
1
0.991965
0.994296
0.991444
0.988904
0.995797
0.997626
0.98595
0.989836
1
0.998983
0.994319
0.996354
1
1
1
1
1
1
1
1
1
1
1
1
1
1
1
1
1
1
1
1
1
1
1
1
1
1
1
1
1
1
1
1
1
1
1
1
1
1
1
1
1
1
1
1
1
1
1
1
1
1
1
1
1
1
1
1
1
1
1
1
1
1
1
1
1
1
1
1
1
1
1
1
1
1
1
1
1
1
1
1
1
1
1
1
1
1
1
1
1
1
1
1
1
1
1
1
1
1
1
1
1
1
1
1
1
1
1
1
1
1
1
1
1
1
1
1
1
1
1
1
1
1
1
1
1
1
1
1
1
1
1
1
1
1
1
1
1
1
1
1
1
1
1
1
1
1
1
1
1
1
1
1
1
1
1
1
1
1
1
1
1
1
1
1
1
1
1
1
1
1
1
1
1
1
1
1
1
1
1
1
1
1
1
1
1
1
1
1
1
1
1
1
1
1
1
1
1
1
1
1
1
1
1
1
1
1
1
1
1
1
1
1
1
1
1
1
1
1
1
1
1
1
1
1
1
1
1
1
1
1
1
1
1
1
1
0.766297
0.821159
0.873727
0.90662
0.920937
0.920937
0.90662
0.873727
0.821159
0.744861
0.789338
0.812227
0.870744
0.852985
0.795863
0.852985
0.870744
0.789338
0.812227
0.778779
0.807638
0.786413
0.855765
0.929406
0.936605
0.927942
0.920177
0.955093
0.948247
0.941976
0.948976
0.922499
0.915833
0.925418
0.931966
0.974611
0.978308
0.972409
0.968502
0.987594
0.982636
0.979901
0.984792
0.96385
0.959893
0.967289
0.971063
0.987536
0.989507
0.99129
0.986734
0.981126
0.997222
0.997676
0.998092
0.995392
0.991512
0.998988
0.998956
0.998897
0.996651
0.993195
0.997222
0.996575
0.995895
0.992225
0.987665
0.993795
0.99016
0.987594
0.982636
0.985547
0.989717
0.96385
0.967385
0.974414
0.971063
0.974611
0.970455
0.964145
0.968502
0.955093
0.948247
0.954028
0.960707
0.922499
0.928703
0.938042
0.931966
0.908907
0.971468
0.976888
0.973989
0.968424
0.989612
0.987259
0.983402
0.985958
0.976853
0.972251
0.976277
0.980565
0.995785
0.997398
0.998799
0.997549
0.99556
1
1
1
1
1
1
1
1
1
1
1
1
1
1
1
0.999817
0.999953
1
0.999982
0.997147
0.995559
0.989612
0.987259
0.990561
0.992687
0.976853
0.980945
0.98485
0.980565
0.932015
0.985974
0.989914
0.989223
0.985219
0.997854
0.997529
0.99541
0.995856
0.995631
0.992922
0.994102
0.996485
1
1
1
1
1
1
1
1
1
1
1
1
1
1
0.997854
0.997529
0.998998
0.9992
0.995489
0.997647
0.998247
0.996484
0.924732
0.981541
0.986054
0.987732
0.983515
0.9958
0.99663
0.99429
0.993185
0.997894
0.995902
0.99555
0.997516
1
1
1
1
1
1
1
1
1
1
1
1
0.99999
1
0.9958
0.99663
0.99835
0.997781
0.997894
0.999229
0.998994
0.997516
0.889518
0.956371
0.9626
0.966419
0.960714
0.978055
0.981857
0.977443
0.973437
0.99014
0.986665
0.98389
0.987586
0.996314
0.997867
0.998962
0.999719
0.999988
1
1
1
1
1
1
1
1
1
1
1
1
1
0.989142
0.991766
0.978023
0.981556
0.985575
0.981944
0.99014
0.993054
0.991117
0.987586
0.81702
0.894321
0.902671
0.911899
0.905113
0.924875
0.933769
0.926963
0.917947
0.95657
0.950486
0.943687
0.949927
0.94792
0.952548
0.960706
0.956239
0.965634
0.972617
0.968335
0.961715
0.98103
0.983749
0.977254
0.980169
0.985657
0.983489
0.9861
0.990981
0.989534
0.984462
0.996541
0.997498
0.997778
0.998192
0.998527
0.999779
0.999993
0.999322
0.999278
0.999997
0.999998
0.999998
0.999198
0.999987
0.999993
1
1
0.989805
0.994073
0.9861
0.990981
0.992137
0.987428
0.998203
0.997498
0.977254
0.974924
0.98134
0.983489
0.965634
0.972617
0.975924
0.969131
0.986605
0.983749
0.94792
0.942847
0.951322
0.956239
0.924875
0.933769
0.940094
0.93133
0.95657
0.962146
0.95499
0.949927
0.855799
0.792142
0.815044
0.789595
0.860187
0.789818
0.769899
0.801902
0.808135
0.824804
0.85402
0.879934
0.8513
0.864947
0.876879
0.903875
0.927183
0.895639
0.902514
0.906337
0.933719
0.955533
0.918922
0.922807
0.925124
0.948958
0.927084
0.925895
0.925124
0.948958
0.918922
0.913444
0.906337
0.933719
0.955533
0.895639
0.887103
0.876879
0.903875
0.927183
0.8513
0.839798
0.824804
0.85402
0.879934
0.748433
0.769899
0.789818
0.810835
0.782336
0.642143
0.661365
0.679224
0.717975
0.754351
0.710615
0.724051
0.735929
0.775581
0.812491
0.754908
0.762312
0.771377
0.809965
0.84552
0.784595
0.788733
0.791217
0.829863
0.865289
0.793893
0.792046
0.791217
0.829863
0.865289
0.784595
0.778808
0.771377
0.809965
0.84552
0.754908
0.746222
0.735929
0.775581
0.812491
0.710615
0.695658
0.679224
0.717975
0.754351
0.475173
0.491811
0.507361
0.552095
0.595916
0.534922
0.546815
0.552873
0.604194
0.649839
0.576306
0.58596
0.594188
0.641092
0.686543
0.606252
0.610046
0.612327
0.659841
0.705789
0.615308
0.613089
0.612327
0.659841
0.705789
0.606252
0.600961
0.594188
0.641092
0.686543
0.576306
0.565263
0.552873
0.604194
0.649839
0.534922
0.521752
0.507361
0.552095
0.595916
0.302591
0.315588
0.327802
0.371916
0.416838
0.344852
0.356774
0.367756
0.413679
0.460139
0.386673
0.394508
0.401206
0.449321
0.497837
0.411061
0.414167
0.416038
0.465086
0.514472
0.418911
0.416663
0.416038
0.465086
0.514472
0.411061
0.406733
0.401206
0.449321
0.497837
0.386673
0.37774
0.367756
0.413679
0.460139
0.344852
0.339162
0.327802
0.371916
0.416838
0.150824
0.159606
0.163977
0.199488
0.243721
0.182212
0.190535
0.198248
0.237642
0.279303
0.211636
0.217218
0.222006
0.263921
0.308051
0.229076
0.231312
0.23266
0.275667
0.320863
0.23504
0.23311
0.23266
0.275667
0.320863
0.229076
0.225967
0.222006
0.263921
0.308051
0.211636
0.205299
0.198248
0.237642
0.279303
0.182212
0.173338
0.163977
0.199488
0.243721
0.0749562
0.101384
0.097465
0.127806
0.113532
0.146439
0.120843
0.154867
0.120843
0.154867
0.113532
0.146439
0.097465
0.127806
0.0749562
0.101384
1
1
1
1
1
1
1
1
0.993195
0.996651
0.998897
0.998956
1
1
1
1
1
1
1
0.991512
0.995392
0.998092
0.997676
1
1
1
1
1
1
1
1
1
1
1
1
1
1
1
1
1
1
1
1
1
1
1
1
1
1
1
1
1
1
1
1
1
1
1
1
1
1
1
1
1
1
1
1
1
1
1
1
1
1
0.999845
0.999997
1
0.999983
1
1
1
1
1
1
1
1
1
1
1
1
1
1
1
1
1
0.999845
0.999983
1
0.999997
1
1
1
1
0.999988
1
1
1
1
1
1
1
1
1
1
1
1
1
0.997978
0.999423
0.999994
0.999937
0.999838
0.999459
1
1
1
1
1
1
0.999839
0.999906
1
0.999999
1
1
1
1
1
1
1
1
1
1
1
1
1
1
1
1
1
0.999839
0.999999
1
0.999906
1
1
1
1
1
1
0.999422
0.999839
0.999994
0.999423
0.999944
0.997978
1
1
1
1
1
1
0.999944
0.999696
1
1
1
1
0.999189
0.999993
1
1
1
1
1
1
1
1
0.987665
0.992225
0.995895
0.996575
1
1
1
1
1
1
1
1
0.999189
0.999696
1
0.999993
0.999944
1
1
1
1
1
0.981126
0.986734
0.99129
0.989507
0.987536
1
1
1
1
1
1
0.999778
1
1
1
1
1
1
1
0.999817
0.999982
1
0.999953
1
1
1
1
1
1
1
1
1
1
1
1
1
1
0.999741
1
1
1
1
1
1
1
1
1
1
0.995561
0.997549
0.998799
0.997398
0.995785
1
1
1
1
1
1
1
1
1
1
1
1
1
1
1
1
1
1
1
1
1
1
1
1
1
1
1
1
1
1
1
1
1
1
1
1
1
1
1
1
1
1
1
1
1
1
1
1
1
1
1
1
1
1
1
1
1
1
1
1
1
1
1
1
1
1
1
1
1
1
1
1
1
1
1
1
1
1
1
1
1
1
1
1
1
1
1
1
1
1
1
0.999198
0.999278
0.999997
0.999993
0.999987
0.999998
0.999993
0.999779
0.998527
0.998192
0.997778
1
1
1
1
1
1
1
1
1
1
1
1
1
1
1
1
1
1
1
1
1
1
1
1
1
1
1
1
1
1
1
1
1
1
1
1
1
1
1
1
1
1
1
1
1
1
1
1
1
1
1
1
1
1
1
1
1
1
1
1
1
1
1
1
1
1
1
1
1
1
1
1
1
1
1
1
1
1
1
1
1
1
1
1
1
1
1
1
1
1
1
1
1
1
1
1
1
1
1
1
1
1
1
1
1
0.982987
0.98731
0.990983
0.988291
0.985127
0.998738
0.997878
0.995622
0.992734
1
1
1
1
1
1
1
1
1
1
1
1
1
1
1
1
1
1
1
1
0.992734
0.995622
0.997878
0.998738
0.985127
0.988291
0.990983
0.98731
0.982987
0.999713
0.99901
0.997918
0.996296
1
1
1
1
1
1
1
1
1
1
1
1
1
1
1
1
1
1
1
1
1
1
1
1
1
1
1
1
1
1
1
1
1
1
1
1
1
1
1
1
1
1
1
1
1
1
1
1
1
1
1
1
1
1
1
1
1
1
1
1
1
1
1
1
1
1
1
1
1
1
1
1
1
0.955658
0.95154
0.925409
0.914493
0.937532
0.942219
0.946478
0.904634
0.926835
0.932406
0.942098
0.934592
0.953748
0.957987
0.961281
0.950317
0.967385
0.959355
0.978143
0.976467
0.953775
0.94763
0.966702
0.968853
0.970651
0.964181
0.961522
0.958381
0.975234
0.976784
0.978008
0.973345
0.980259
0.987557
0.986998
0.965851
0.964493
0.980226
0.980831
0.981491
0.97892
0.967837
0.967178
0.982688
0.982847
0.982978
0.982248
0.988145
0.987557
0.988145
0.965851
0.967178
0.982688
0.982248
0.981491
0.982847
0.961522
0.964493
0.980226
0.97892
0.978008
0.980831
0.986998
0.978143
0.980259
0.953775
0.958381
0.975234
0.973345
0.970651
0.976784
0.942098
0.94763
0.966702
0.964181
0.961281
0.968853
0.976467
0.955658
0.959355
0.925409
0.934592
0.953748
0.950317
0.946478
0.957987
0.904634
0.914493
0.937532
0.932406
0.926835
0.942219
0.959893
0.95154
0.971938
0.967134
0.956267
0.961105
0.935976
0.943664
0.970455
0.975897
0.979836
0.966543
0.960707
0.980945
0.977154
0.938042
0.928703
0.954028
0.964145
0.99685
0.995263
0.988904
0.991348
0.983303
0.993795
0.996504
0.993455
0.989717
0.998048
0.974414
0.985547
0.99016
0.997485
0.994823
0.993912
0.992748
0.999617
0.998577
0.99836
1
1
0.999943
0.999931
0.999913
0.999951
0.999949
0.998577
0.998726
0.999883
0.999847
0.999909
1
0.99966
0.998315
0.993912
0.994813
0.99685
0.998048
0.993455
0.991348
0.996504
0.978308
0.983303
0.979836
0.988904
0.984792
0.995263
0.967289
0.979901
0.972409
0.971938
0.977154
0.966543
0.961105
0.975897
0.929406
0.936605
0.943664
0.935976
0.956267
0.948976
0.972251
0.967134
0.925418
0.915833
0.941976
0.920177
0.927942
0.994573
0.991699
0.988328
0.991391
0.975084
0.980083
0.997147
0.99822
0.99426
0.992687
0.997647
0.99683
0.98485
0.990561
0.995559
0.999959
0.999553
0.999967
0.999604
0.999964
1
1
1
1
1
1
1
1
1
1
1
1
1
1
1
1
1
1
0.999967
1
1
1
1
1
1
1
0.999997
1
0.999999
1
0.994573
0.99683
0.99426
0.991391
0.99822
0.971468
0.976888
0.980083
0.975084
0.988328
0.985958
0.992922
0.991699
0.976277
0.983402
0.968424
0.973989
0.998028
0.996085
0.996029
0.997987
0.986233
0.990147
1
1
0.999288
0.9992
0.99923
0.999312
0.998247
0.998998
1
1
1
1
1
1
1
1
1
1
1
1
1
1
1
1
1
1
1
1
0.998028
0.999311
0.999288
0.997987
1
0.985974
0.989914
0.990147
0.986233
0.996029
0.995856
0.995902
0.996085
0.994102
0.99541
0.984802
0.989223
0.992094
0.988602
0.992155
0.99492
0.980166
0.984779
0.99999
0.999858
0.999593
0.999986
0.997075
0.997781
0.993054
0.994776
0.998995
0.998351
1
1
1
1
1
1
1
1
1
1
1
1
1
1
1
1
1
1
1
0.992094
0.994776
0.997075
0.99492
0.999986
0.999593
0.999858
0.98154
0.986054
0.984779
0.980166
0.992155
0.993185
0.986665
0.988602
0.995381
0.99429
0.983515
0.987732
0.96324
0.957735
0.968675
0.973495
0.951102
0.957485
0.989142
0.985817
0.97781
0.982151
0.962146
0.967785
0.991117
0.98573
0.991906
0.996163
0.997898
0.999996
0.99973
0.999995
1
1
1
1
1
1
1
1
1
1
0.999918
1
1
0.99999
1
1
1
0.999996
1
1
1
1
1
1
1
1
1
1
1
0.96324
0.967785
0.978151
0.973543
0.985817
0.955187
0.962081
0.956505
0.948855
0.968403
0.973255
0.950486
0.957735
0.98389
0.976981
0.960714
0.966419
0.904443
0.897312
0.908065
0.915101
0.88417
0.892599
0.942847
0.932833
0.938704
0.921674
0.93133
0.909826
0.95499
0.940094
0.951322
0.948733
0.944502
0.953592
0.957677
0.944116
0.974924
0.967462
0.970775
0.961341
0.969131
0.952543
0.986605
0.975924
0.98134
0.973023
0.971084
0.978315
0.980115
0.973662
0.989805
0.984377
0.981588
0.987428
0.974617
0.998203
0.992137
0.994073
0.992535
0.996114
0.99898
0.998817
1
0.999898
0.999844
0.999941
0.999925
0.993953
0.997184
0.99898
0.999151
1
0.999974
0.999986
0.999941
0.999967
0.973023
0.974617
0.981588
0.980115
0.984377
0.980169
0.973662
0.970775
0.978315
0.984462
0.971084
0.996541
0.989534
0.985657
0.948733
0.952543
0.961341
0.957677
0.967462
0.952558
0.944116
0.938704
0.953592
0.961715
0.944502
0.98103
0.968885
0.960085
0.904443
0.909826
0.921674
0.915101
0.932833
0.894321
0.902671
0.892599
0.88417
0.908065
0.917947
0.897312
0.943687
0.926963
0.905113
0.911899
0.792453
0.839798
0.846346
0.887103
0.877736
0.913444
0.897143
0.925895
0.897143
0.922807
0.877736
0.902514
0.846346
0.864947
0.792453
0.808135
0.638419
0.695658
0.693888
0.746222
0.730109
0.778808
0.749724
0.792046
0.749724
0.788733
0.730109
0.762312
0.693888
0.724051
0.638419
0.661365
0.462131
0.521752
0.506686
0.565263
0.546282
0.600961
0.563712
0.613089
0.563712
0.610046
0.546282
0.58596
0.506686
0.546815
0.462131
0.491811
0.284929
0.339162
0.322817
0.37774
0.353963
0.406733
0.367806
0.416663
0.367806
0.414167
0.353963
0.394508
0.322817
0.356774
0.284929
0.315588
0.131162
0.173338
0.161514
0.205299
0.182716
0.225967
0.192261
0.23311
0.192261
0.231312
0.182716
0.217218
0.161514
0.190535
0.131162
0.159606
1
1
1
1
1
1
1
1
0.998726
1
1
0.999883
0.999909
0.999913
0.999847
0.999943
0.999949
0.999931
1
1
1
1
1
1
1
1
1
0.99836
0.999617
1
1
1
1
1
1
1
1
1
1
1
1
1
1
1
1
1
1
1
1
1
1
1
1
1
1
1
1
1
1
1
1
1
1
1
1
1
1
1
1
1
1
1
1
1
1
1
1
1
1
1
1
1
1
1
1
1
1
1
1
1
1
1
1
1
1
0.99994
1
1
1
1
1
1
1
1
1
1
1
1
1
1
1
1
1
1
1
1
0.99994
1
1
1
1
1
1
1
1
1
1
1
1
1
1
1
1
1
1
1
1
1
1
1
1
1
1
1
1
1
0.999987
1
1
1
1
1
1
1
1
0.999994
1
1
0.999976
1
1
1
1
1
1
1
1
1
1
1
1
1
1
1
1
1
1
1
1
1
1
1
1
1
1
1
1
1
1
1
1
1
1
1
1
1
1
1
1
1
1
1
1
1
1
1
1
1
1
1
1
1
0.999976
1
1
0.999992
1
1
1
1
1
1
0.999987
1
1
1
1
1
1
1
1
1
1
0.999991
1
0.999147
1
1
0.99966
1
1
1
1
1
1
1
1
1
1
1
1
1
1
1
0.994813
0.998315
1
1
1
1
1
1
1
1
1
1
1
1
1
1
1
1
1
1
0.997485
0.999147
1
1
0.999991
1
1
1
0.992748
0.994823
1
1
1
1
1
1
1
1
1
1
0.999984
1
0.999995
1
1
1
1
1
1
1
0.999999
1
1
0.999997
1
1
1
1
1
1
1
1
1
1
1
1
1
1
1
0.999959
1
1
0.999997
1
1
0.999984
1
1
1
1
1
1
1
1
1
0.999604
0.999553
0.999964
1
1
1
1
1
1
1
1
1
1
1
1
1
1
1
1
1
1
1
1
1
1
1
1
1
1
1
1
1
1
1
1
1
1
1
1
1
1
1
1
1
1
1
1
1
1
1
1
1
1
0.987787
0.993953
0.989513
0.999151
0.999974
0.999967
0.999986
1
0.997184
0.989513
0.992535
0.987787
0.998817
0.999898
0.999925
0.999844
1
0.996114
1
1
1
1
1
1
1
1
1
1
1
1
1
1
1
1
1
1
1
1
1
1
1
1
1
1
1
1
1
1
1
1
1
1
1
1
1
1
1
1
1
1
1
1
1
1
1
1
1
1
1
1
1
1
1
1
1
1
1
1
1
1
1
1
1
1
1
1
1
1
1
1
1
1
0.99506
0.993229
0.993853
0.999918
0.999273
0.999764
0.999967
1
0.99999
0.999901
0.996689
1
1
1
1
1
1
1
1
1
1
1
1
1
1
1
1
1
1
1
1
1
1
1
0.99506
0.996689
0.999273
0.999764
0.999901
1
0.999967
0.996163
0.993853
0.993229
0.99973
0.999997
1
1
1
1
0.997898
1
1
1
1
1
1
1
1
1
1
1
1
1
1
1
1
1
1
1
1
1
1
1
1
1
1
1
1
1
1
1
1
1
1
1
1
1
1
1
1
1
1
1
1
1
1
1
1
0.901416
0.932238
0.945209
0.945209
0.932238
0.901416
0.891746
0.877077
0.850761
0.87616
0.894689
0.874326
0.856145
0.919842
0.927229
0.918396
0.908702
0.961477
0.96627
0.970404
0.963075
0.955502
0.985545
0.983195
0.977359
0.970514
0.961477
0.956937
0.951941
0.943654
0.933378
0.913506
0.894689
0.874326
0.856145
0.927136
0.943235
0.936234
0.925558
0.970414
0.975579
0.971466
0.966595
1
1
1
0.993702
0.991121
0.988201
0.985038
0.959965
0.945658
0.936307
0.925558
0.949134
0.963881
0.961332
0.958021
0.988433
0.991965
0.991095
0.989755
1
1
1
1
1
1
0.999672
0.999396
0.999986
1
0.999039
0.976183
0.963881
0.961644
0.957801
0.941512
0.957274
0.961936
0.963892
0.98868
0.992172
0.99284
0.993257
1
1
1
1
1
1
1
0.999714
0.999816
1
1
1
0.999907
1
1
1
0.970638
0.958207
0.962018
0.963265
0.90902
0.926487
0.93683
0.946512
0.970999
0.975988
0.979645
0.982618
1
1
1
0.994153
0.991468
0.993818
0.995421
0.941881
0.926487
0.93683
0.946512
0.837423
0.858579
0.879597
0.898309
0.921809
0.929172
0.936948
0.943891
0.963629
0.967915
0.971756
0.977831
0.988664
0.990272
0.992022
0.995496
1
0.99718
0.996436
0.998699
0.988664
0.986724
0.984424
0.989046
0.963629
0.958884
0.953669
0.960517
0.967224
0.87793
0.858579
0.880243
0.897453
1
1
1
1
1
1
1
1
1
1
1
1
1
1
1
1
1
1
1
1
1
1
1
1
1
1
1
1
1
1
1
1
1
1
1
1
1
1
1
1
0.912139
0.905369
0.877077
0.860625
0.886714
0.894025
0.899997
0.845117
0.878954
0.891746
0.914335
0.920813
0.907397
0.917468
0.850761
0.946991
0.962645
0.970514
0.97445
0.982003
0.986454
0.988537
0.988537
0.986454
0.982003
0.97445
0.962645
0.946991
0.955502
0.912139
0.917468
0.914335
0.907397
0.899997
0.920813
0.845117
0.860625
0.886714
0.878954
0.894025
0.905369
0.911746
0.913506
0.961826
0.955711
0.949724
0.984218
0.98051
0.976299
0.98129
0.985038
0.933378
0.943654
0.951941
0.956937
0.993248
0.990193
0.987439
0.99849
0.997465
0.998902
0.977359
0.983195
0.985545
1
1
0.998902
0.997465
0.99849
0.984218
0.987439
0.990193
0.993248
0.963075
0.970404
0.96627
0.98129
0.976299
0.98051
0.949724
0.955711
0.961826
0.966595
0.908702
0.918396
0.927229
0.919842
0.911746
0.87616
0.952058
0.958858
0.988205
0.98663
0.982378
0.998975
0.997663
0.998475
0.999039
0.988201
0.991121
0.993702
1
1
1
1
1
1
0.998474
0.997663
0.998975
0.982378
0.98663
0.988205
0.989755
0.971466
0.975579
0.970414
0.951247
0.929106
0.964668
0.976183
0.993487
0.993613
0.99039
1
1
0.999947
0.999945
1
1
0.999907
1
1
0.999917
0.999397
0.999672
1
0.999986
1
1
1
1
1
1
1
1
1
1
1
1
1
1
1
0.999917
1
0.999947
1
1
0.999945
1
1
0.99039
0.993613
0.993487
0.993257
0.991095
0.991964
0.988433
0.964668
0.949134
0.953269
0.970638
0.984861
0.987101
0.982957
0.999149
0.997781
0.996883
0.995421
0.999816
1
1
1
0.999714
1
1
1
1
1
1
1
1
1
1
1
1
1
1
1
1
1
0.996882
0.997781
0.999149
0.982957
0.987101
0.984861
0.982618
0.992592
0.992172
0.98868
0.953269
0.942985
0.913759
0.941881
0.951038
0.957602
0.951581
0.981472
0.977907
0.972669
0.967224
0.993818
0.991481
0.994269
1
1
1
1
1
1
0.972669
0.977907
0.981472
0.951244
0.957618
0.951722
0.945009
0.979645
0.975988
0.970999
0.911971
0.90902
0.836284
0.87793
0.960517
0.953669
0.958884
0.989046
0.984424
0.986724
0.998699
0.996436
0.99718
1
1
0.995496
0.992022
0.990272
0.977831
0.971756
0.967915
0.936948
0.929172
0.921809
1
1
1
1
1
1
1
1
1
1
1
1
1
1
1
1
1
1
1
1
1
1
1
1
1
1
1
1
1
1
1
1
1
1
1
1
1
1
1
1
1
1
1
1
1
1
1
1
1
1
1
1
1
1
1
1
1
1
1
1
1
1
1
1
1
1
1
1
1
1
1
1
1
1
1
1
1
1
1
1
1
1
1
1
1
1
1
1
1
1
1
1
1
1
1
1
1
1
1
1
1
1
1
1
1
1
1
1
1
1
1
1
1
1
1
1
1
1
1
1
1
1
1
1
1
1
1
1
1
1
0.833464
0.827223
0.833464
0.827223
0.94235
0.935208
0.940544
0.934129
0.981563
0.976423
0.977316
0.973745
0.991951
0.988046
0.977316
0.980459
0.965824
0.959324
0.940544
0.94648
0.981718
0.978981
0.984264
0.980194
1
1
1
0.995194
0.993322
0.984264
0.987803
0.993209
0.99264
0.997103
0.994855
1
1
1
1
0.999895
0.999814
1
1
1
0.999998
1
1
0.997103
0.998708
0.989936
0.991324
0.997229
0.995022
1
1
1
1
0.999131
0.999457
0.999977
0.99992
0.999995
1
0.997229
0.998792
0.968288
0.972479
0.985035
0.981013
1
1
1
1
0.985808
0.989048
0.984361
0.988224
0.910547
0.919674
0.941794
0.935121
0.956741
0.964733
0.978645
0.975169
0.982492
0.987769
0.994772
0.99355
0.988865
0.993278
0.994772
0.995723
0.972222
0.978825
0.978645
0.981739
0.937319
0.945942
0.941794
0.947974
0.836284
0.837423
1
1
1
1
1
1
1
1
1
1
1
1
1
1
1
1
1
1
1
1
1
1
1
1
1
1
1
1
1
1
1
1
1
1
1
1
1
1
1
1
1
0.967559
0.962195
0.95022
0.965824
0.97147
0.972413
0.94648
0.959324
0.994406
0.992505
0.986318
0.991951
0.995168
0.995929
0.980459
0.988046
0.994406
0.995929
0.995168
0.981563
0.986318
0.992505
0.973745
0.976423
0.967559
0.972413
0.97147
0.94235
0.95022
0.962195
0.934129
0.935208
0.993329
0.990279
0.984497
0.995194
0.996533
0.995787
0.987803
0.993322
1
1
1
1
1
0.993329
0.995786
0.996533
0.981718
0.984497
0.990279
0.980194
0.978981
0.998097
0.996183
0.993414
0.99989
0.99992
1
0.999998
1
0.999941
1
0.999352
0.999928
0.999935
0.998708
0.999814
1
1
1
1
1
1
1
1
1
1
1
1
1
0.998097
0.999352
0.999935
0.999919
0.999928
0.999941
1
1
1
0.993209
0.993414
0.996183
0.994855
0.99264
0.993604
0.990648
0.988775
0.999131
0.998628
0.995977
0.998792
0.999457
1
0.999977
0.999995
0.999921
1
1
1
1
1
1
1
1
0.993604
0.995977
0.998628
0.989936
0.988775
0.990648
0.995022
0.991324
0.96879
0.963116
0.963341
0.985739
0.982238
0.9736
0.98852
0.989074
1
1
1
1
0.96879
0.9736
0.982238
0.967942
0.962725
0.963465
0.980439
0.971596
0.900565
0.937319
0.927788
0.947974
0.945942
0.949075
0.972222
0.964598
0.981739
0.978825
0.97617
0.988865
0.983314
0.995723
0.993278
0.983314
0.982492
0.97617
0.99355
0.987769
0.964598
0.957361
0.949075
0.975122
0.964713
0.927788
0.910547
0.900565
0.935121
0.919674
1
1
1
1
1
1
1
1
1
1
1
1
1
1
1
1
1
1
1
1
1
1
1
1
1
1
1
1
1
1
1
1
1
1
1
1
1
1
1
1
1
1
1
1
1
1
1
1
1
1
1
1
1
1
1
1
1
1
1
1
1
1
1
1
1
1
1
1
1
1
1
1
1
1
1
1
1
1
1
1
1
1
1
1
1
1
1
1
1
1
1
1
1
1
1
1
1
1
1
1
1
1
1
1
0.898141
0.924299
0.924299
0.898141
1
1
1
1
1
1
1
1
1
1
1
1
1
1
1
1
1
1
1
1
1
1
1
1
1
1
1
)
;

boundaryField
{
    inlet
    {
        type            calculated;
    }
    outlet
    {
        type            calculated;
    }
    down
    {
        type            empty;
    }
    up
    {
        type            empty;
    }
    sides
    {
        type            calculated;
    }
    cylinder1
    {
        type            calculated;
    }
}


// ************************************************************************* //
