/*--------------------------------*- C++ -*----------------------------------*\
  =========                 |
  \\      /  F ield         | OpenFOAM: The Open Source CFD Toolbox
   \\    /   O peration     | Website:  https://openfoam.org
    \\  /    A nd           | Version:  6
     \\/     M anipulation  |
\*---------------------------------------------------------------------------*/
FoamFile
{
    version     2.0;
    format      ascii;
    class       labelList;
    note        "nPoints: 5202 nCells: 2500 nFaces: 10100 nInternalFaces: 4900";
    location    "constant/polyMesh";
    object      owner;
}
// * * * * * * * * * * * * * * * * * * * * * * * * * * * * * * * * * * * * * //


10100
(
0
0
1
1
2
2
3
3
4
4
5
5
6
6
7
7
8
8
9
9
10
10
11
11
12
12
13
13
14
14
15
15
16
16
17
17
18
18
19
19
20
20
21
21
22
22
23
23
24
24
25
25
26
26
27
27
28
28
29
29
30
30
31
31
32
32
33
33
34
34
35
35
36
36
37
37
38
38
39
39
40
40
41
41
42
42
43
43
44
44
45
45
46
46
47
47
48
48
49
50
50
51
51
52
52
53
53
54
54
55
55
56
56
57
57
58
58
59
59
60
60
61
61
62
62
63
63
64
64
65
65
66
66
67
67
68
68
69
69
70
70
71
71
72
72
73
73
74
74
75
75
76
76
77
77
78
78
79
79
80
80
81
81
82
82
83
83
84
84
85
85
86
86
87
87
88
88
89
89
90
90
91
91
92
92
93
93
94
94
95
95
96
96
97
97
98
98
99
100
100
101
101
102
102
103
103
104
104
105
105
106
106
107
107
108
108
109
109
110
110
111
111
112
112
113
113
114
114
115
115
116
116
117
117
118
118
119
119
120
120
121
121
122
122
123
123
124
124
125
125
126
126
127
127
128
128
129
129
130
130
131
131
132
132
133
133
134
134
135
135
136
136
137
137
138
138
139
139
140
140
141
141
142
142
143
143
144
144
145
145
146
146
147
147
148
148
149
150
150
151
151
152
152
153
153
154
154
155
155
156
156
157
157
158
158
159
159
160
160
161
161
162
162
163
163
164
164
165
165
166
166
167
167
168
168
169
169
170
170
171
171
172
172
173
173
174
174
175
175
176
176
177
177
178
178
179
179
180
180
181
181
182
182
183
183
184
184
185
185
186
186
187
187
188
188
189
189
190
190
191
191
192
192
193
193
194
194
195
195
196
196
197
197
198
198
199
200
200
201
201
202
202
203
203
204
204
205
205
206
206
207
207
208
208
209
209
210
210
211
211
212
212
213
213
214
214
215
215
216
216
217
217
218
218
219
219
220
220
221
221
222
222
223
223
224
224
225
225
226
226
227
227
228
228
229
229
230
230
231
231
232
232
233
233
234
234
235
235
236
236
237
237
238
238
239
239
240
240
241
241
242
242
243
243
244
244
245
245
246
246
247
247
248
248
249
250
250
251
251
252
252
253
253
254
254
255
255
256
256
257
257
258
258
259
259
260
260
261
261
262
262
263
263
264
264
265
265
266
266
267
267
268
268
269
269
270
270
271
271
272
272
273
273
274
274
275
275
276
276
277
277
278
278
279
279
280
280
281
281
282
282
283
283
284
284
285
285
286
286
287
287
288
288
289
289
290
290
291
291
292
292
293
293
294
294
295
295
296
296
297
297
298
298
299
300
300
301
301
302
302
303
303
304
304
305
305
306
306
307
307
308
308
309
309
310
310
311
311
312
312
313
313
314
314
315
315
316
316
317
317
318
318
319
319
320
320
321
321
322
322
323
323
324
324
325
325
326
326
327
327
328
328
329
329
330
330
331
331
332
332
333
333
334
334
335
335
336
336
337
337
338
338
339
339
340
340
341
341
342
342
343
343
344
344
345
345
346
346
347
347
348
348
349
350
350
351
351
352
352
353
353
354
354
355
355
356
356
357
357
358
358
359
359
360
360
361
361
362
362
363
363
364
364
365
365
366
366
367
367
368
368
369
369
370
370
371
371
372
372
373
373
374
374
375
375
376
376
377
377
378
378
379
379
380
380
381
381
382
382
383
383
384
384
385
385
386
386
387
387
388
388
389
389
390
390
391
391
392
392
393
393
394
394
395
395
396
396
397
397
398
398
399
400
400
401
401
402
402
403
403
404
404
405
405
406
406
407
407
408
408
409
409
410
410
411
411
412
412
413
413
414
414
415
415
416
416
417
417
418
418
419
419
420
420
421
421
422
422
423
423
424
424
425
425
426
426
427
427
428
428
429
429
430
430
431
431
432
432
433
433
434
434
435
435
436
436
437
437
438
438
439
439
440
440
441
441
442
442
443
443
444
444
445
445
446
446
447
447
448
448
449
450
450
451
451
452
452
453
453
454
454
455
455
456
456
457
457
458
458
459
459
460
460
461
461
462
462
463
463
464
464
465
465
466
466
467
467
468
468
469
469
470
470
471
471
472
472
473
473
474
474
475
475
476
476
477
477
478
478
479
479
480
480
481
481
482
482
483
483
484
484
485
485
486
486
487
487
488
488
489
489
490
490
491
491
492
492
493
493
494
494
495
495
496
496
497
497
498
498
499
500
500
501
501
502
502
503
503
504
504
505
505
506
506
507
507
508
508
509
509
510
510
511
511
512
512
513
513
514
514
515
515
516
516
517
517
518
518
519
519
520
520
521
521
522
522
523
523
524
524
525
525
526
526
527
527
528
528
529
529
530
530
531
531
532
532
533
533
534
534
535
535
536
536
537
537
538
538
539
539
540
540
541
541
542
542
543
543
544
544
545
545
546
546
547
547
548
548
549
550
550
551
551
552
552
553
553
554
554
555
555
556
556
557
557
558
558
559
559
560
560
561
561
562
562
563
563
564
564
565
565
566
566
567
567
568
568
569
569
570
570
571
571
572
572
573
573
574
574
575
575
576
576
577
577
578
578
579
579
580
580
581
581
582
582
583
583
584
584
585
585
586
586
587
587
588
588
589
589
590
590
591
591
592
592
593
593
594
594
595
595
596
596
597
597
598
598
599
600
600
601
601
602
602
603
603
604
604
605
605
606
606
607
607
608
608
609
609
610
610
611
611
612
612
613
613
614
614
615
615
616
616
617
617
618
618
619
619
620
620
621
621
622
622
623
623
624
624
625
625
626
626
627
627
628
628
629
629
630
630
631
631
632
632
633
633
634
634
635
635
636
636
637
637
638
638
639
639
640
640
641
641
642
642
643
643
644
644
645
645
646
646
647
647
648
648
649
650
650
651
651
652
652
653
653
654
654
655
655
656
656
657
657
658
658
659
659
660
660
661
661
662
662
663
663
664
664
665
665
666
666
667
667
668
668
669
669
670
670
671
671
672
672
673
673
674
674
675
675
676
676
677
677
678
678
679
679
680
680
681
681
682
682
683
683
684
684
685
685
686
686
687
687
688
688
689
689
690
690
691
691
692
692
693
693
694
694
695
695
696
696
697
697
698
698
699
700
700
701
701
702
702
703
703
704
704
705
705
706
706
707
707
708
708
709
709
710
710
711
711
712
712
713
713
714
714
715
715
716
716
717
717
718
718
719
719
720
720
721
721
722
722
723
723
724
724
725
725
726
726
727
727
728
728
729
729
730
730
731
731
732
732
733
733
734
734
735
735
736
736
737
737
738
738
739
739
740
740
741
741
742
742
743
743
744
744
745
745
746
746
747
747
748
748
749
750
750
751
751
752
752
753
753
754
754
755
755
756
756
757
757
758
758
759
759
760
760
761
761
762
762
763
763
764
764
765
765
766
766
767
767
768
768
769
769
770
770
771
771
772
772
773
773
774
774
775
775
776
776
777
777
778
778
779
779
780
780
781
781
782
782
783
783
784
784
785
785
786
786
787
787
788
788
789
789
790
790
791
791
792
792
793
793
794
794
795
795
796
796
797
797
798
798
799
800
800
801
801
802
802
803
803
804
804
805
805
806
806
807
807
808
808
809
809
810
810
811
811
812
812
813
813
814
814
815
815
816
816
817
817
818
818
819
819
820
820
821
821
822
822
823
823
824
824
825
825
826
826
827
827
828
828
829
829
830
830
831
831
832
832
833
833
834
834
835
835
836
836
837
837
838
838
839
839
840
840
841
841
842
842
843
843
844
844
845
845
846
846
847
847
848
848
849
850
850
851
851
852
852
853
853
854
854
855
855
856
856
857
857
858
858
859
859
860
860
861
861
862
862
863
863
864
864
865
865
866
866
867
867
868
868
869
869
870
870
871
871
872
872
873
873
874
874
875
875
876
876
877
877
878
878
879
879
880
880
881
881
882
882
883
883
884
884
885
885
886
886
887
887
888
888
889
889
890
890
891
891
892
892
893
893
894
894
895
895
896
896
897
897
898
898
899
900
900
901
901
902
902
903
903
904
904
905
905
906
906
907
907
908
908
909
909
910
910
911
911
912
912
913
913
914
914
915
915
916
916
917
917
918
918
919
919
920
920
921
921
922
922
923
923
924
924
925
925
926
926
927
927
928
928
929
929
930
930
931
931
932
932
933
933
934
934
935
935
936
936
937
937
938
938
939
939
940
940
941
941
942
942
943
943
944
944
945
945
946
946
947
947
948
948
949
950
950
951
951
952
952
953
953
954
954
955
955
956
956
957
957
958
958
959
959
960
960
961
961
962
962
963
963
964
964
965
965
966
966
967
967
968
968
969
969
970
970
971
971
972
972
973
973
974
974
975
975
976
976
977
977
978
978
979
979
980
980
981
981
982
982
983
983
984
984
985
985
986
986
987
987
988
988
989
989
990
990
991
991
992
992
993
993
994
994
995
995
996
996
997
997
998
998
999
1000
1000
1001
1001
1002
1002
1003
1003
1004
1004
1005
1005
1006
1006
1007
1007
1008
1008
1009
1009
1010
1010
1011
1011
1012
1012
1013
1013
1014
1014
1015
1015
1016
1016
1017
1017
1018
1018
1019
1019
1020
1020
1021
1021
1022
1022
1023
1023
1024
1024
1025
1025
1026
1026
1027
1027
1028
1028
1029
1029
1030
1030
1031
1031
1032
1032
1033
1033
1034
1034
1035
1035
1036
1036
1037
1037
1038
1038
1039
1039
1040
1040
1041
1041
1042
1042
1043
1043
1044
1044
1045
1045
1046
1046
1047
1047
1048
1048
1049
1050
1050
1051
1051
1052
1052
1053
1053
1054
1054
1055
1055
1056
1056
1057
1057
1058
1058
1059
1059
1060
1060
1061
1061
1062
1062
1063
1063
1064
1064
1065
1065
1066
1066
1067
1067
1068
1068
1069
1069
1070
1070
1071
1071
1072
1072
1073
1073
1074
1074
1075
1075
1076
1076
1077
1077
1078
1078
1079
1079
1080
1080
1081
1081
1082
1082
1083
1083
1084
1084
1085
1085
1086
1086
1087
1087
1088
1088
1089
1089
1090
1090
1091
1091
1092
1092
1093
1093
1094
1094
1095
1095
1096
1096
1097
1097
1098
1098
1099
1100
1100
1101
1101
1102
1102
1103
1103
1104
1104
1105
1105
1106
1106
1107
1107
1108
1108
1109
1109
1110
1110
1111
1111
1112
1112
1113
1113
1114
1114
1115
1115
1116
1116
1117
1117
1118
1118
1119
1119
1120
1120
1121
1121
1122
1122
1123
1123
1124
1124
1125
1125
1126
1126
1127
1127
1128
1128
1129
1129
1130
1130
1131
1131
1132
1132
1133
1133
1134
1134
1135
1135
1136
1136
1137
1137
1138
1138
1139
1139
1140
1140
1141
1141
1142
1142
1143
1143
1144
1144
1145
1145
1146
1146
1147
1147
1148
1148
1149
1150
1150
1151
1151
1152
1152
1153
1153
1154
1154
1155
1155
1156
1156
1157
1157
1158
1158
1159
1159
1160
1160
1161
1161
1162
1162
1163
1163
1164
1164
1165
1165
1166
1166
1167
1167
1168
1168
1169
1169
1170
1170
1171
1171
1172
1172
1173
1173
1174
1174
1175
1175
1176
1176
1177
1177
1178
1178
1179
1179
1180
1180
1181
1181
1182
1182
1183
1183
1184
1184
1185
1185
1186
1186
1187
1187
1188
1188
1189
1189
1190
1190
1191
1191
1192
1192
1193
1193
1194
1194
1195
1195
1196
1196
1197
1197
1198
1198
1199
1200
1200
1201
1201
1202
1202
1203
1203
1204
1204
1205
1205
1206
1206
1207
1207
1208
1208
1209
1209
1210
1210
1211
1211
1212
1212
1213
1213
1214
1214
1215
1215
1216
1216
1217
1217
1218
1218
1219
1219
1220
1220
1221
1221
1222
1222
1223
1223
1224
1224
1225
1225
1226
1226
1227
1227
1228
1228
1229
1229
1230
1230
1231
1231
1232
1232
1233
1233
1234
1234
1235
1235
1236
1236
1237
1237
1238
1238
1239
1239
1240
1240
1241
1241
1242
1242
1243
1243
1244
1244
1245
1245
1246
1246
1247
1247
1248
1248
1249
1250
1250
1251
1251
1252
1252
1253
1253
1254
1254
1255
1255
1256
1256
1257
1257
1258
1258
1259
1259
1260
1260
1261
1261
1262
1262
1263
1263
1264
1264
1265
1265
1266
1266
1267
1267
1268
1268
1269
1269
1270
1270
1271
1271
1272
1272
1273
1273
1274
1274
1275
1275
1276
1276
1277
1277
1278
1278
1279
1279
1280
1280
1281
1281
1282
1282
1283
1283
1284
1284
1285
1285
1286
1286
1287
1287
1288
1288
1289
1289
1290
1290
1291
1291
1292
1292
1293
1293
1294
1294
1295
1295
1296
1296
1297
1297
1298
1298
1299
1300
1300
1301
1301
1302
1302
1303
1303
1304
1304
1305
1305
1306
1306
1307
1307
1308
1308
1309
1309
1310
1310
1311
1311
1312
1312
1313
1313
1314
1314
1315
1315
1316
1316
1317
1317
1318
1318
1319
1319
1320
1320
1321
1321
1322
1322
1323
1323
1324
1324
1325
1325
1326
1326
1327
1327
1328
1328
1329
1329
1330
1330
1331
1331
1332
1332
1333
1333
1334
1334
1335
1335
1336
1336
1337
1337
1338
1338
1339
1339
1340
1340
1341
1341
1342
1342
1343
1343
1344
1344
1345
1345
1346
1346
1347
1347
1348
1348
1349
1350
1350
1351
1351
1352
1352
1353
1353
1354
1354
1355
1355
1356
1356
1357
1357
1358
1358
1359
1359
1360
1360
1361
1361
1362
1362
1363
1363
1364
1364
1365
1365
1366
1366
1367
1367
1368
1368
1369
1369
1370
1370
1371
1371
1372
1372
1373
1373
1374
1374
1375
1375
1376
1376
1377
1377
1378
1378
1379
1379
1380
1380
1381
1381
1382
1382
1383
1383
1384
1384
1385
1385
1386
1386
1387
1387
1388
1388
1389
1389
1390
1390
1391
1391
1392
1392
1393
1393
1394
1394
1395
1395
1396
1396
1397
1397
1398
1398
1399
1400
1400
1401
1401
1402
1402
1403
1403
1404
1404
1405
1405
1406
1406
1407
1407
1408
1408
1409
1409
1410
1410
1411
1411
1412
1412
1413
1413
1414
1414
1415
1415
1416
1416
1417
1417
1418
1418
1419
1419
1420
1420
1421
1421
1422
1422
1423
1423
1424
1424
1425
1425
1426
1426
1427
1427
1428
1428
1429
1429
1430
1430
1431
1431
1432
1432
1433
1433
1434
1434
1435
1435
1436
1436
1437
1437
1438
1438
1439
1439
1440
1440
1441
1441
1442
1442
1443
1443
1444
1444
1445
1445
1446
1446
1447
1447
1448
1448
1449
1450
1450
1451
1451
1452
1452
1453
1453
1454
1454
1455
1455
1456
1456
1457
1457
1458
1458
1459
1459
1460
1460
1461
1461
1462
1462
1463
1463
1464
1464
1465
1465
1466
1466
1467
1467
1468
1468
1469
1469
1470
1470
1471
1471
1472
1472
1473
1473
1474
1474
1475
1475
1476
1476
1477
1477
1478
1478
1479
1479
1480
1480
1481
1481
1482
1482
1483
1483
1484
1484
1485
1485
1486
1486
1487
1487
1488
1488
1489
1489
1490
1490
1491
1491
1492
1492
1493
1493
1494
1494
1495
1495
1496
1496
1497
1497
1498
1498
1499
1500
1500
1501
1501
1502
1502
1503
1503
1504
1504
1505
1505
1506
1506
1507
1507
1508
1508
1509
1509
1510
1510
1511
1511
1512
1512
1513
1513
1514
1514
1515
1515
1516
1516
1517
1517
1518
1518
1519
1519
1520
1520
1521
1521
1522
1522
1523
1523
1524
1524
1525
1525
1526
1526
1527
1527
1528
1528
1529
1529
1530
1530
1531
1531
1532
1532
1533
1533
1534
1534
1535
1535
1536
1536
1537
1537
1538
1538
1539
1539
1540
1540
1541
1541
1542
1542
1543
1543
1544
1544
1545
1545
1546
1546
1547
1547
1548
1548
1549
1550
1550
1551
1551
1552
1552
1553
1553
1554
1554
1555
1555
1556
1556
1557
1557
1558
1558
1559
1559
1560
1560
1561
1561
1562
1562
1563
1563
1564
1564
1565
1565
1566
1566
1567
1567
1568
1568
1569
1569
1570
1570
1571
1571
1572
1572
1573
1573
1574
1574
1575
1575
1576
1576
1577
1577
1578
1578
1579
1579
1580
1580
1581
1581
1582
1582
1583
1583
1584
1584
1585
1585
1586
1586
1587
1587
1588
1588
1589
1589
1590
1590
1591
1591
1592
1592
1593
1593
1594
1594
1595
1595
1596
1596
1597
1597
1598
1598
1599
1600
1600
1601
1601
1602
1602
1603
1603
1604
1604
1605
1605
1606
1606
1607
1607
1608
1608
1609
1609
1610
1610
1611
1611
1612
1612
1613
1613
1614
1614
1615
1615
1616
1616
1617
1617
1618
1618
1619
1619
1620
1620
1621
1621
1622
1622
1623
1623
1624
1624
1625
1625
1626
1626
1627
1627
1628
1628
1629
1629
1630
1630
1631
1631
1632
1632
1633
1633
1634
1634
1635
1635
1636
1636
1637
1637
1638
1638
1639
1639
1640
1640
1641
1641
1642
1642
1643
1643
1644
1644
1645
1645
1646
1646
1647
1647
1648
1648
1649
1650
1650
1651
1651
1652
1652
1653
1653
1654
1654
1655
1655
1656
1656
1657
1657
1658
1658
1659
1659
1660
1660
1661
1661
1662
1662
1663
1663
1664
1664
1665
1665
1666
1666
1667
1667
1668
1668
1669
1669
1670
1670
1671
1671
1672
1672
1673
1673
1674
1674
1675
1675
1676
1676
1677
1677
1678
1678
1679
1679
1680
1680
1681
1681
1682
1682
1683
1683
1684
1684
1685
1685
1686
1686
1687
1687
1688
1688
1689
1689
1690
1690
1691
1691
1692
1692
1693
1693
1694
1694
1695
1695
1696
1696
1697
1697
1698
1698
1699
1700
1700
1701
1701
1702
1702
1703
1703
1704
1704
1705
1705
1706
1706
1707
1707
1708
1708
1709
1709
1710
1710
1711
1711
1712
1712
1713
1713
1714
1714
1715
1715
1716
1716
1717
1717
1718
1718
1719
1719
1720
1720
1721
1721
1722
1722
1723
1723
1724
1724
1725
1725
1726
1726
1727
1727
1728
1728
1729
1729
1730
1730
1731
1731
1732
1732
1733
1733
1734
1734
1735
1735
1736
1736
1737
1737
1738
1738
1739
1739
1740
1740
1741
1741
1742
1742
1743
1743
1744
1744
1745
1745
1746
1746
1747
1747
1748
1748
1749
1750
1750
1751
1751
1752
1752
1753
1753
1754
1754
1755
1755
1756
1756
1757
1757
1758
1758
1759
1759
1760
1760
1761
1761
1762
1762
1763
1763
1764
1764
1765
1765
1766
1766
1767
1767
1768
1768
1769
1769
1770
1770
1771
1771
1772
1772
1773
1773
1774
1774
1775
1775
1776
1776
1777
1777
1778
1778
1779
1779
1780
1780
1781
1781
1782
1782
1783
1783
1784
1784
1785
1785
1786
1786
1787
1787
1788
1788
1789
1789
1790
1790
1791
1791
1792
1792
1793
1793
1794
1794
1795
1795
1796
1796
1797
1797
1798
1798
1799
1800
1800
1801
1801
1802
1802
1803
1803
1804
1804
1805
1805
1806
1806
1807
1807
1808
1808
1809
1809
1810
1810
1811
1811
1812
1812
1813
1813
1814
1814
1815
1815
1816
1816
1817
1817
1818
1818
1819
1819
1820
1820
1821
1821
1822
1822
1823
1823
1824
1824
1825
1825
1826
1826
1827
1827
1828
1828
1829
1829
1830
1830
1831
1831
1832
1832
1833
1833
1834
1834
1835
1835
1836
1836
1837
1837
1838
1838
1839
1839
1840
1840
1841
1841
1842
1842
1843
1843
1844
1844
1845
1845
1846
1846
1847
1847
1848
1848
1849
1850
1850
1851
1851
1852
1852
1853
1853
1854
1854
1855
1855
1856
1856
1857
1857
1858
1858
1859
1859
1860
1860
1861
1861
1862
1862
1863
1863
1864
1864
1865
1865
1866
1866
1867
1867
1868
1868
1869
1869
1870
1870
1871
1871
1872
1872
1873
1873
1874
1874
1875
1875
1876
1876
1877
1877
1878
1878
1879
1879
1880
1880
1881
1881
1882
1882
1883
1883
1884
1884
1885
1885
1886
1886
1887
1887
1888
1888
1889
1889
1890
1890
1891
1891
1892
1892
1893
1893
1894
1894
1895
1895
1896
1896
1897
1897
1898
1898
1899
1900
1900
1901
1901
1902
1902
1903
1903
1904
1904
1905
1905
1906
1906
1907
1907
1908
1908
1909
1909
1910
1910
1911
1911
1912
1912
1913
1913
1914
1914
1915
1915
1916
1916
1917
1917
1918
1918
1919
1919
1920
1920
1921
1921
1922
1922
1923
1923
1924
1924
1925
1925
1926
1926
1927
1927
1928
1928
1929
1929
1930
1930
1931
1931
1932
1932
1933
1933
1934
1934
1935
1935
1936
1936
1937
1937
1938
1938
1939
1939
1940
1940
1941
1941
1942
1942
1943
1943
1944
1944
1945
1945
1946
1946
1947
1947
1948
1948
1949
1950
1950
1951
1951
1952
1952
1953
1953
1954
1954
1955
1955
1956
1956
1957
1957
1958
1958
1959
1959
1960
1960
1961
1961
1962
1962
1963
1963
1964
1964
1965
1965
1966
1966
1967
1967
1968
1968
1969
1969
1970
1970
1971
1971
1972
1972
1973
1973
1974
1974
1975
1975
1976
1976
1977
1977
1978
1978
1979
1979
1980
1980
1981
1981
1982
1982
1983
1983
1984
1984
1985
1985
1986
1986
1987
1987
1988
1988
1989
1989
1990
1990
1991
1991
1992
1992
1993
1993
1994
1994
1995
1995
1996
1996
1997
1997
1998
1998
1999
2000
2000
2001
2001
2002
2002
2003
2003
2004
2004
2005
2005
2006
2006
2007
2007
2008
2008
2009
2009
2010
2010
2011
2011
2012
2012
2013
2013
2014
2014
2015
2015
2016
2016
2017
2017
2018
2018
2019
2019
2020
2020
2021
2021
2022
2022
2023
2023
2024
2024
2025
2025
2026
2026
2027
2027
2028
2028
2029
2029
2030
2030
2031
2031
2032
2032
2033
2033
2034
2034
2035
2035
2036
2036
2037
2037
2038
2038
2039
2039
2040
2040
2041
2041
2042
2042
2043
2043
2044
2044
2045
2045
2046
2046
2047
2047
2048
2048
2049
2050
2050
2051
2051
2052
2052
2053
2053
2054
2054
2055
2055
2056
2056
2057
2057
2058
2058
2059
2059
2060
2060
2061
2061
2062
2062
2063
2063
2064
2064
2065
2065
2066
2066
2067
2067
2068
2068
2069
2069
2070
2070
2071
2071
2072
2072
2073
2073
2074
2074
2075
2075
2076
2076
2077
2077
2078
2078
2079
2079
2080
2080
2081
2081
2082
2082
2083
2083
2084
2084
2085
2085
2086
2086
2087
2087
2088
2088
2089
2089
2090
2090
2091
2091
2092
2092
2093
2093
2094
2094
2095
2095
2096
2096
2097
2097
2098
2098
2099
2100
2100
2101
2101
2102
2102
2103
2103
2104
2104
2105
2105
2106
2106
2107
2107
2108
2108
2109
2109
2110
2110
2111
2111
2112
2112
2113
2113
2114
2114
2115
2115
2116
2116
2117
2117
2118
2118
2119
2119
2120
2120
2121
2121
2122
2122
2123
2123
2124
2124
2125
2125
2126
2126
2127
2127
2128
2128
2129
2129
2130
2130
2131
2131
2132
2132
2133
2133
2134
2134
2135
2135
2136
2136
2137
2137
2138
2138
2139
2139
2140
2140
2141
2141
2142
2142
2143
2143
2144
2144
2145
2145
2146
2146
2147
2147
2148
2148
2149
2150
2150
2151
2151
2152
2152
2153
2153
2154
2154
2155
2155
2156
2156
2157
2157
2158
2158
2159
2159
2160
2160
2161
2161
2162
2162
2163
2163
2164
2164
2165
2165
2166
2166
2167
2167
2168
2168
2169
2169
2170
2170
2171
2171
2172
2172
2173
2173
2174
2174
2175
2175
2176
2176
2177
2177
2178
2178
2179
2179
2180
2180
2181
2181
2182
2182
2183
2183
2184
2184
2185
2185
2186
2186
2187
2187
2188
2188
2189
2189
2190
2190
2191
2191
2192
2192
2193
2193
2194
2194
2195
2195
2196
2196
2197
2197
2198
2198
2199
2200
2200
2201
2201
2202
2202
2203
2203
2204
2204
2205
2205
2206
2206
2207
2207
2208
2208
2209
2209
2210
2210
2211
2211
2212
2212
2213
2213
2214
2214
2215
2215
2216
2216
2217
2217
2218
2218
2219
2219
2220
2220
2221
2221
2222
2222
2223
2223
2224
2224
2225
2225
2226
2226
2227
2227
2228
2228
2229
2229
2230
2230
2231
2231
2232
2232
2233
2233
2234
2234
2235
2235
2236
2236
2237
2237
2238
2238
2239
2239
2240
2240
2241
2241
2242
2242
2243
2243
2244
2244
2245
2245
2246
2246
2247
2247
2248
2248
2249
2250
2250
2251
2251
2252
2252
2253
2253
2254
2254
2255
2255
2256
2256
2257
2257
2258
2258
2259
2259
2260
2260
2261
2261
2262
2262
2263
2263
2264
2264
2265
2265
2266
2266
2267
2267
2268
2268
2269
2269
2270
2270
2271
2271
2272
2272
2273
2273
2274
2274
2275
2275
2276
2276
2277
2277
2278
2278
2279
2279
2280
2280
2281
2281
2282
2282
2283
2283
2284
2284
2285
2285
2286
2286
2287
2287
2288
2288
2289
2289
2290
2290
2291
2291
2292
2292
2293
2293
2294
2294
2295
2295
2296
2296
2297
2297
2298
2298
2299
2300
2300
2301
2301
2302
2302
2303
2303
2304
2304
2305
2305
2306
2306
2307
2307
2308
2308
2309
2309
2310
2310
2311
2311
2312
2312
2313
2313
2314
2314
2315
2315
2316
2316
2317
2317
2318
2318
2319
2319
2320
2320
2321
2321
2322
2322
2323
2323
2324
2324
2325
2325
2326
2326
2327
2327
2328
2328
2329
2329
2330
2330
2331
2331
2332
2332
2333
2333
2334
2334
2335
2335
2336
2336
2337
2337
2338
2338
2339
2339
2340
2340
2341
2341
2342
2342
2343
2343
2344
2344
2345
2345
2346
2346
2347
2347
2348
2348
2349
2350
2350
2351
2351
2352
2352
2353
2353
2354
2354
2355
2355
2356
2356
2357
2357
2358
2358
2359
2359
2360
2360
2361
2361
2362
2362
2363
2363
2364
2364
2365
2365
2366
2366
2367
2367
2368
2368
2369
2369
2370
2370
2371
2371
2372
2372
2373
2373
2374
2374
2375
2375
2376
2376
2377
2377
2378
2378
2379
2379
2380
2380
2381
2381
2382
2382
2383
2383
2384
2384
2385
2385
2386
2386
2387
2387
2388
2388
2389
2389
2390
2390
2391
2391
2392
2392
2393
2393
2394
2394
2395
2395
2396
2396
2397
2397
2398
2398
2399
2400
2400
2401
2401
2402
2402
2403
2403
2404
2404
2405
2405
2406
2406
2407
2407
2408
2408
2409
2409
2410
2410
2411
2411
2412
2412
2413
2413
2414
2414
2415
2415
2416
2416
2417
2417
2418
2418
2419
2419
2420
2420
2421
2421
2422
2422
2423
2423
2424
2424
2425
2425
2426
2426
2427
2427
2428
2428
2429
2429
2430
2430
2431
2431
2432
2432
2433
2433
2434
2434
2435
2435
2436
2436
2437
2437
2438
2438
2439
2439
2440
2440
2441
2441
2442
2442
2443
2443
2444
2444
2445
2445
2446
2446
2447
2447
2448
2448
2449
2450
2451
2452
2453
2454
2455
2456
2457
2458
2459
2460
2461
2462
2463
2464
2465
2466
2467
2468
2469
2470
2471
2472
2473
2474
2475
2476
2477
2478
2479
2480
2481
2482
2483
2484
2485
2486
2487
2488
2489
2490
2491
2492
2493
2494
2495
2496
2497
2498
2450
2451
2452
2453
2454
2455
2456
2457
2458
2459
2460
2461
2462
2463
2464
2465
2466
2467
2468
2469
2470
2471
2472
2473
2474
2475
2476
2477
2478
2479
2480
2481
2482
2483
2484
2485
2486
2487
2488
2489
2490
2491
2492
2493
2494
2495
2496
2497
2498
2499
0
1
2
3
4
5
6
7
8
9
10
11
12
13
14
15
16
17
18
19
20
21
22
23
24
25
26
27
28
29
30
31
32
33
34
35
36
37
38
39
40
41
42
43
44
45
46
47
48
49
49
99
149
199
249
299
349
399
449
499
549
599
649
699
749
799
849
899
949
999
1049
1099
1149
1199
1249
1299
1349
1399
1449
1499
1549
1599
1649
1699
1749
1799
1849
1899
1949
1999
2049
2099
2149
2199
2249
2299
2349
2399
2449
2499
0
50
100
150
200
250
300
350
400
450
500
550
600
650
700
750
800
850
900
950
1000
1050
1100
1150
1200
1250
1300
1350
1400
1450
1500
1550
1600
1650
1700
1750
1800
1850
1900
1950
2000
2050
2100
2150
2200
2250
2300
2350
2400
2450
0
50
100
150
200
250
300
350
400
450
500
550
600
650
700
750
800
850
900
950
1000
1050
1100
1150
1200
1250
1300
1350
1400
1450
1500
1550
1600
1650
1700
1750
1800
1850
1900
1950
2000
2050
2100
2150
2200
2250
2300
2350
2400
2450
1
51
101
151
201
251
301
351
401
451
501
551
601
651
701
751
801
851
901
951
1001
1051
1101
1151
1201
1251
1301
1351
1401
1451
1501
1551
1601
1651
1701
1751
1801
1851
1901
1951
2001
2051
2101
2151
2201
2251
2301
2351
2401
2451
2
52
102
152
202
252
302
352
402
452
502
552
602
652
702
752
802
852
902
952
1002
1052
1102
1152
1202
1252
1302
1352
1402
1452
1502
1552
1602
1652
1702
1752
1802
1852
1902
1952
2002
2052
2102
2152
2202
2252
2302
2352
2402
2452
3
53
103
153
203
253
303
353
403
453
503
553
603
653
703
753
803
853
903
953
1003
1053
1103
1153
1203
1253
1303
1353
1403
1453
1503
1553
1603
1653
1703
1753
1803
1853
1903
1953
2003
2053
2103
2153
2203
2253
2303
2353
2403
2453
4
54
104
154
204
254
304
354
404
454
504
554
604
654
704
754
804
854
904
954
1004
1054
1104
1154
1204
1254
1304
1354
1404
1454
1504
1554
1604
1654
1704
1754
1804
1854
1904
1954
2004
2054
2104
2154
2204
2254
2304
2354
2404
2454
5
55
105
155
205
255
305
355
405
455
505
555
605
655
705
755
805
855
905
955
1005
1055
1105
1155
1205
1255
1305
1355
1405
1455
1505
1555
1605
1655
1705
1755
1805
1855
1905
1955
2005
2055
2105
2155
2205
2255
2305
2355
2405
2455
6
56
106
156
206
256
306
356
406
456
506
556
606
656
706
756
806
856
906
956
1006
1056
1106
1156
1206
1256
1306
1356
1406
1456
1506
1556
1606
1656
1706
1756
1806
1856
1906
1956
2006
2056
2106
2156
2206
2256
2306
2356
2406
2456
7
57
107
157
207
257
307
357
407
457
507
557
607
657
707
757
807
857
907
957
1007
1057
1107
1157
1207
1257
1307
1357
1407
1457
1507
1557
1607
1657
1707
1757
1807
1857
1907
1957
2007
2057
2107
2157
2207
2257
2307
2357
2407
2457
8
58
108
158
208
258
308
358
408
458
508
558
608
658
708
758
808
858
908
958
1008
1058
1108
1158
1208
1258
1308
1358
1408
1458
1508
1558
1608
1658
1708
1758
1808
1858
1908
1958
2008
2058
2108
2158
2208
2258
2308
2358
2408
2458
9
59
109
159
209
259
309
359
409
459
509
559
609
659
709
759
809
859
909
959
1009
1059
1109
1159
1209
1259
1309
1359
1409
1459
1509
1559
1609
1659
1709
1759
1809
1859
1909
1959
2009
2059
2109
2159
2209
2259
2309
2359
2409
2459
10
60
110
160
210
260
310
360
410
460
510
560
610
660
710
760
810
860
910
960
1010
1060
1110
1160
1210
1260
1310
1360
1410
1460
1510
1560
1610
1660
1710
1760
1810
1860
1910
1960
2010
2060
2110
2160
2210
2260
2310
2360
2410
2460
11
61
111
161
211
261
311
361
411
461
511
561
611
661
711
761
811
861
911
961
1011
1061
1111
1161
1211
1261
1311
1361
1411
1461
1511
1561
1611
1661
1711
1761
1811
1861
1911
1961
2011
2061
2111
2161
2211
2261
2311
2361
2411
2461
12
62
112
162
212
262
312
362
412
462
512
562
612
662
712
762
812
862
912
962
1012
1062
1112
1162
1212
1262
1312
1362
1412
1462
1512
1562
1612
1662
1712
1762
1812
1862
1912
1962
2012
2062
2112
2162
2212
2262
2312
2362
2412
2462
13
63
113
163
213
263
313
363
413
463
513
563
613
663
713
763
813
863
913
963
1013
1063
1113
1163
1213
1263
1313
1363
1413
1463
1513
1563
1613
1663
1713
1763
1813
1863
1913
1963
2013
2063
2113
2163
2213
2263
2313
2363
2413
2463
14
64
114
164
214
264
314
364
414
464
514
564
614
664
714
764
814
864
914
964
1014
1064
1114
1164
1214
1264
1314
1364
1414
1464
1514
1564
1614
1664
1714
1764
1814
1864
1914
1964
2014
2064
2114
2164
2214
2264
2314
2364
2414
2464
15
65
115
165
215
265
315
365
415
465
515
565
615
665
715
765
815
865
915
965
1015
1065
1115
1165
1215
1265
1315
1365
1415
1465
1515
1565
1615
1665
1715
1765
1815
1865
1915
1965
2015
2065
2115
2165
2215
2265
2315
2365
2415
2465
16
66
116
166
216
266
316
366
416
466
516
566
616
666
716
766
816
866
916
966
1016
1066
1116
1166
1216
1266
1316
1366
1416
1466
1516
1566
1616
1666
1716
1766
1816
1866
1916
1966
2016
2066
2116
2166
2216
2266
2316
2366
2416
2466
17
67
117
167
217
267
317
367
417
467
517
567
617
667
717
767
817
867
917
967
1017
1067
1117
1167
1217
1267
1317
1367
1417
1467
1517
1567
1617
1667
1717
1767
1817
1867
1917
1967
2017
2067
2117
2167
2217
2267
2317
2367
2417
2467
18
68
118
168
218
268
318
368
418
468
518
568
618
668
718
768
818
868
918
968
1018
1068
1118
1168
1218
1268
1318
1368
1418
1468
1518
1568
1618
1668
1718
1768
1818
1868
1918
1968
2018
2068
2118
2168
2218
2268
2318
2368
2418
2468
19
69
119
169
219
269
319
369
419
469
519
569
619
669
719
769
819
869
919
969
1019
1069
1119
1169
1219
1269
1319
1369
1419
1469
1519
1569
1619
1669
1719
1769
1819
1869
1919
1969
2019
2069
2119
2169
2219
2269
2319
2369
2419
2469
20
70
120
170
220
270
320
370
420
470
520
570
620
670
720
770
820
870
920
970
1020
1070
1120
1170
1220
1270
1320
1370
1420
1470
1520
1570
1620
1670
1720
1770
1820
1870
1920
1970
2020
2070
2120
2170
2220
2270
2320
2370
2420
2470
21
71
121
171
221
271
321
371
421
471
521
571
621
671
721
771
821
871
921
971
1021
1071
1121
1171
1221
1271
1321
1371
1421
1471
1521
1571
1621
1671
1721
1771
1821
1871
1921
1971
2021
2071
2121
2171
2221
2271
2321
2371
2421
2471
22
72
122
172
222
272
322
372
422
472
522
572
622
672
722
772
822
872
922
972
1022
1072
1122
1172
1222
1272
1322
1372
1422
1472
1522
1572
1622
1672
1722
1772
1822
1872
1922
1972
2022
2072
2122
2172
2222
2272
2322
2372
2422
2472
23
73
123
173
223
273
323
373
423
473
523
573
623
673
723
773
823
873
923
973
1023
1073
1123
1173
1223
1273
1323
1373
1423
1473
1523
1573
1623
1673
1723
1773
1823
1873
1923
1973
2023
2073
2123
2173
2223
2273
2323
2373
2423
2473
24
74
124
174
224
274
324
374
424
474
524
574
624
674
724
774
824
874
924
974
1024
1074
1124
1174
1224
1274
1324
1374
1424
1474
1524
1574
1624
1674
1724
1774
1824
1874
1924
1974
2024
2074
2124
2174
2224
2274
2324
2374
2424
2474
25
75
125
175
225
275
325
375
425
475
525
575
625
675
725
775
825
875
925
975
1025
1075
1125
1175
1225
1275
1325
1375
1425
1475
1525
1575
1625
1675
1725
1775
1825
1875
1925
1975
2025
2075
2125
2175
2225
2275
2325
2375
2425
2475
26
76
126
176
226
276
326
376
426
476
526
576
626
676
726
776
826
876
926
976
1026
1076
1126
1176
1226
1276
1326
1376
1426
1476
1526
1576
1626
1676
1726
1776
1826
1876
1926
1976
2026
2076
2126
2176
2226
2276
2326
2376
2426
2476
27
77
127
177
227
277
327
377
427
477
527
577
627
677
727
777
827
877
927
977
1027
1077
1127
1177
1227
1277
1327
1377
1427
1477
1527
1577
1627
1677
1727
1777
1827
1877
1927
1977
2027
2077
2127
2177
2227
2277
2327
2377
2427
2477
28
78
128
178
228
278
328
378
428
478
528
578
628
678
728
778
828
878
928
978
1028
1078
1128
1178
1228
1278
1328
1378
1428
1478
1528
1578
1628
1678
1728
1778
1828
1878
1928
1978
2028
2078
2128
2178
2228
2278
2328
2378
2428
2478
29
79
129
179
229
279
329
379
429
479
529
579
629
679
729
779
829
879
929
979
1029
1079
1129
1179
1229
1279
1329
1379
1429
1479
1529
1579
1629
1679
1729
1779
1829
1879
1929
1979
2029
2079
2129
2179
2229
2279
2329
2379
2429
2479
30
80
130
180
230
280
330
380
430
480
530
580
630
680
730
780
830
880
930
980
1030
1080
1130
1180
1230
1280
1330
1380
1430
1480
1530
1580
1630
1680
1730
1780
1830
1880
1930
1980
2030
2080
2130
2180
2230
2280
2330
2380
2430
2480
31
81
131
181
231
281
331
381
431
481
531
581
631
681
731
781
831
881
931
981
1031
1081
1131
1181
1231
1281
1331
1381
1431
1481
1531
1581
1631
1681
1731
1781
1831
1881
1931
1981
2031
2081
2131
2181
2231
2281
2331
2381
2431
2481
32
82
132
182
232
282
332
382
432
482
532
582
632
682
732
782
832
882
932
982
1032
1082
1132
1182
1232
1282
1332
1382
1432
1482
1532
1582
1632
1682
1732
1782
1832
1882
1932
1982
2032
2082
2132
2182
2232
2282
2332
2382
2432
2482
33
83
133
183
233
283
333
383
433
483
533
583
633
683
733
783
833
883
933
983
1033
1083
1133
1183
1233
1283
1333
1383
1433
1483
1533
1583
1633
1683
1733
1783
1833
1883
1933
1983
2033
2083
2133
2183
2233
2283
2333
2383
2433
2483
34
84
134
184
234
284
334
384
434
484
534
584
634
684
734
784
834
884
934
984
1034
1084
1134
1184
1234
1284
1334
1384
1434
1484
1534
1584
1634
1684
1734
1784
1834
1884
1934
1984
2034
2084
2134
2184
2234
2284
2334
2384
2434
2484
35
85
135
185
235
285
335
385
435
485
535
585
635
685
735
785
835
885
935
985
1035
1085
1135
1185
1235
1285
1335
1385
1435
1485
1535
1585
1635
1685
1735
1785
1835
1885
1935
1985
2035
2085
2135
2185
2235
2285
2335
2385
2435
2485
36
86
136
186
236
286
336
386
436
486
536
586
636
686
736
786
836
886
936
986
1036
1086
1136
1186
1236
1286
1336
1386
1436
1486
1536
1586
1636
1686
1736
1786
1836
1886
1936
1986
2036
2086
2136
2186
2236
2286
2336
2386
2436
2486
37
87
137
187
237
287
337
387
437
487
537
587
637
687
737
787
837
887
937
987
1037
1087
1137
1187
1237
1287
1337
1387
1437
1487
1537
1587
1637
1687
1737
1787
1837
1887
1937
1987
2037
2087
2137
2187
2237
2287
2337
2387
2437
2487
38
88
138
188
238
288
338
388
438
488
538
588
638
688
738
788
838
888
938
988
1038
1088
1138
1188
1238
1288
1338
1388
1438
1488
1538
1588
1638
1688
1738
1788
1838
1888
1938
1988
2038
2088
2138
2188
2238
2288
2338
2388
2438
2488
39
89
139
189
239
289
339
389
439
489
539
589
639
689
739
789
839
889
939
989
1039
1089
1139
1189
1239
1289
1339
1389
1439
1489
1539
1589
1639
1689
1739
1789
1839
1889
1939
1989
2039
2089
2139
2189
2239
2289
2339
2389
2439
2489
40
90
140
190
240
290
340
390
440
490
540
590
640
690
740
790
840
890
940
990
1040
1090
1140
1190
1240
1290
1340
1390
1440
1490
1540
1590
1640
1690
1740
1790
1840
1890
1940
1990
2040
2090
2140
2190
2240
2290
2340
2390
2440
2490
41
91
141
191
241
291
341
391
441
491
541
591
641
691
741
791
841
891
941
991
1041
1091
1141
1191
1241
1291
1341
1391
1441
1491
1541
1591
1641
1691
1741
1791
1841
1891
1941
1991
2041
2091
2141
2191
2241
2291
2341
2391
2441
2491
42
92
142
192
242
292
342
392
442
492
542
592
642
692
742
792
842
892
942
992
1042
1092
1142
1192
1242
1292
1342
1392
1442
1492
1542
1592
1642
1692
1742
1792
1842
1892
1942
1992
2042
2092
2142
2192
2242
2292
2342
2392
2442
2492
43
93
143
193
243
293
343
393
443
493
543
593
643
693
743
793
843
893
943
993
1043
1093
1143
1193
1243
1293
1343
1393
1443
1493
1543
1593
1643
1693
1743
1793
1843
1893
1943
1993
2043
2093
2143
2193
2243
2293
2343
2393
2443
2493
44
94
144
194
244
294
344
394
444
494
544
594
644
694
744
794
844
894
944
994
1044
1094
1144
1194
1244
1294
1344
1394
1444
1494
1544
1594
1644
1694
1744
1794
1844
1894
1944
1994
2044
2094
2144
2194
2244
2294
2344
2394
2444
2494
45
95
145
195
245
295
345
395
445
495
545
595
645
695
745
795
845
895
945
995
1045
1095
1145
1195
1245
1295
1345
1395
1445
1495
1545
1595
1645
1695
1745
1795
1845
1895
1945
1995
2045
2095
2145
2195
2245
2295
2345
2395
2445
2495
46
96
146
196
246
296
346
396
446
496
546
596
646
696
746
796
846
896
946
996
1046
1096
1146
1196
1246
1296
1346
1396
1446
1496
1546
1596
1646
1696
1746
1796
1846
1896
1946
1996
2046
2096
2146
2196
2246
2296
2346
2396
2446
2496
47
97
147
197
247
297
347
397
447
497
547
597
647
697
747
797
847
897
947
997
1047
1097
1147
1197
1247
1297
1347
1397
1447
1497
1547
1597
1647
1697
1747
1797
1847
1897
1947
1997
2047
2097
2147
2197
2247
2297
2347
2397
2447
2497
48
98
148
198
248
298
348
398
448
498
548
598
648
698
748
798
848
898
948
998
1048
1098
1148
1198
1248
1298
1348
1398
1448
1498
1548
1598
1648
1698
1748
1798
1848
1898
1948
1998
2048
2098
2148
2198
2248
2298
2348
2398
2448
2498
49
99
149
199
249
299
349
399
449
499
549
599
649
699
749
799
849
899
949
999
1049
1099
1149
1199
1249
1299
1349
1399
1449
1499
1549
1599
1649
1699
1749
1799
1849
1899
1949
1999
2049
2099
2149
2199
2249
2299
2349
2399
2449
2499
0
50
100
150
200
250
300
350
400
450
500
550
600
650
700
750
800
850
900
950
1000
1050
1100
1150
1200
1250
1300
1350
1400
1450
1500
1550
1600
1650
1700
1750
1800
1850
1900
1950
2000
2050
2100
2150
2200
2250
2300
2350
2400
2450
1
51
101
151
201
251
301
351
401
451
501
551
601
651
701
751
801
851
901
951
1001
1051
1101
1151
1201
1251
1301
1351
1401
1451
1501
1551
1601
1651
1701
1751
1801
1851
1901
1951
2001
2051
2101
2151
2201
2251
2301
2351
2401
2451
2
52
102
152
202
252
302
352
402
452
502
552
602
652
702
752
802
852
902
952
1002
1052
1102
1152
1202
1252
1302
1352
1402
1452
1502
1552
1602
1652
1702
1752
1802
1852
1902
1952
2002
2052
2102
2152
2202
2252
2302
2352
2402
2452
3
53
103
153
203
253
303
353
403
453
503
553
603
653
703
753
803
853
903
953
1003
1053
1103
1153
1203
1253
1303
1353
1403
1453
1503
1553
1603
1653
1703
1753
1803
1853
1903
1953
2003
2053
2103
2153
2203
2253
2303
2353
2403
2453
4
54
104
154
204
254
304
354
404
454
504
554
604
654
704
754
804
854
904
954
1004
1054
1104
1154
1204
1254
1304
1354
1404
1454
1504
1554
1604
1654
1704
1754
1804
1854
1904
1954
2004
2054
2104
2154
2204
2254
2304
2354
2404
2454
5
55
105
155
205
255
305
355
405
455
505
555
605
655
705
755
805
855
905
955
1005
1055
1105
1155
1205
1255
1305
1355
1405
1455
1505
1555
1605
1655
1705
1755
1805
1855
1905
1955
2005
2055
2105
2155
2205
2255
2305
2355
2405
2455
6
56
106
156
206
256
306
356
406
456
506
556
606
656
706
756
806
856
906
956
1006
1056
1106
1156
1206
1256
1306
1356
1406
1456
1506
1556
1606
1656
1706
1756
1806
1856
1906
1956
2006
2056
2106
2156
2206
2256
2306
2356
2406
2456
7
57
107
157
207
257
307
357
407
457
507
557
607
657
707
757
807
857
907
957
1007
1057
1107
1157
1207
1257
1307
1357
1407
1457
1507
1557
1607
1657
1707
1757
1807
1857
1907
1957
2007
2057
2107
2157
2207
2257
2307
2357
2407
2457
8
58
108
158
208
258
308
358
408
458
508
558
608
658
708
758
808
858
908
958
1008
1058
1108
1158
1208
1258
1308
1358
1408
1458
1508
1558
1608
1658
1708
1758
1808
1858
1908
1958
2008
2058
2108
2158
2208
2258
2308
2358
2408
2458
9
59
109
159
209
259
309
359
409
459
509
559
609
659
709
759
809
859
909
959
1009
1059
1109
1159
1209
1259
1309
1359
1409
1459
1509
1559
1609
1659
1709
1759
1809
1859
1909
1959
2009
2059
2109
2159
2209
2259
2309
2359
2409
2459
10
60
110
160
210
260
310
360
410
460
510
560
610
660
710
760
810
860
910
960
1010
1060
1110
1160
1210
1260
1310
1360
1410
1460
1510
1560
1610
1660
1710
1760
1810
1860
1910
1960
2010
2060
2110
2160
2210
2260
2310
2360
2410
2460
11
61
111
161
211
261
311
361
411
461
511
561
611
661
711
761
811
861
911
961
1011
1061
1111
1161
1211
1261
1311
1361
1411
1461
1511
1561
1611
1661
1711
1761
1811
1861
1911
1961
2011
2061
2111
2161
2211
2261
2311
2361
2411
2461
12
62
112
162
212
262
312
362
412
462
512
562
612
662
712
762
812
862
912
962
1012
1062
1112
1162
1212
1262
1312
1362
1412
1462
1512
1562
1612
1662
1712
1762
1812
1862
1912
1962
2012
2062
2112
2162
2212
2262
2312
2362
2412
2462
13
63
113
163
213
263
313
363
413
463
513
563
613
663
713
763
813
863
913
963
1013
1063
1113
1163
1213
1263
1313
1363
1413
1463
1513
1563
1613
1663
1713
1763
1813
1863
1913
1963
2013
2063
2113
2163
2213
2263
2313
2363
2413
2463
14
64
114
164
214
264
314
364
414
464
514
564
614
664
714
764
814
864
914
964
1014
1064
1114
1164
1214
1264
1314
1364
1414
1464
1514
1564
1614
1664
1714
1764
1814
1864
1914
1964
2014
2064
2114
2164
2214
2264
2314
2364
2414
2464
15
65
115
165
215
265
315
365
415
465
515
565
615
665
715
765
815
865
915
965
1015
1065
1115
1165
1215
1265
1315
1365
1415
1465
1515
1565
1615
1665
1715
1765
1815
1865
1915
1965
2015
2065
2115
2165
2215
2265
2315
2365
2415
2465
16
66
116
166
216
266
316
366
416
466
516
566
616
666
716
766
816
866
916
966
1016
1066
1116
1166
1216
1266
1316
1366
1416
1466
1516
1566
1616
1666
1716
1766
1816
1866
1916
1966
2016
2066
2116
2166
2216
2266
2316
2366
2416
2466
17
67
117
167
217
267
317
367
417
467
517
567
617
667
717
767
817
867
917
967
1017
1067
1117
1167
1217
1267
1317
1367
1417
1467
1517
1567
1617
1667
1717
1767
1817
1867
1917
1967
2017
2067
2117
2167
2217
2267
2317
2367
2417
2467
18
68
118
168
218
268
318
368
418
468
518
568
618
668
718
768
818
868
918
968
1018
1068
1118
1168
1218
1268
1318
1368
1418
1468
1518
1568
1618
1668
1718
1768
1818
1868
1918
1968
2018
2068
2118
2168
2218
2268
2318
2368
2418
2468
19
69
119
169
219
269
319
369
419
469
519
569
619
669
719
769
819
869
919
969
1019
1069
1119
1169
1219
1269
1319
1369
1419
1469
1519
1569
1619
1669
1719
1769
1819
1869
1919
1969
2019
2069
2119
2169
2219
2269
2319
2369
2419
2469
20
70
120
170
220
270
320
370
420
470
520
570
620
670
720
770
820
870
920
970
1020
1070
1120
1170
1220
1270
1320
1370
1420
1470
1520
1570
1620
1670
1720
1770
1820
1870
1920
1970
2020
2070
2120
2170
2220
2270
2320
2370
2420
2470
21
71
121
171
221
271
321
371
421
471
521
571
621
671
721
771
821
871
921
971
1021
1071
1121
1171
1221
1271
1321
1371
1421
1471
1521
1571
1621
1671
1721
1771
1821
1871
1921
1971
2021
2071
2121
2171
2221
2271
2321
2371
2421
2471
22
72
122
172
222
272
322
372
422
472
522
572
622
672
722
772
822
872
922
972
1022
1072
1122
1172
1222
1272
1322
1372
1422
1472
1522
1572
1622
1672
1722
1772
1822
1872
1922
1972
2022
2072
2122
2172
2222
2272
2322
2372
2422
2472
23
73
123
173
223
273
323
373
423
473
523
573
623
673
723
773
823
873
923
973
1023
1073
1123
1173
1223
1273
1323
1373
1423
1473
1523
1573
1623
1673
1723
1773
1823
1873
1923
1973
2023
2073
2123
2173
2223
2273
2323
2373
2423
2473
24
74
124
174
224
274
324
374
424
474
524
574
624
674
724
774
824
874
924
974
1024
1074
1124
1174
1224
1274
1324
1374
1424
1474
1524
1574
1624
1674
1724
1774
1824
1874
1924
1974
2024
2074
2124
2174
2224
2274
2324
2374
2424
2474
25
75
125
175
225
275
325
375
425
475
525
575
625
675
725
775
825
875
925
975
1025
1075
1125
1175
1225
1275
1325
1375
1425
1475
1525
1575
1625
1675
1725
1775
1825
1875
1925
1975
2025
2075
2125
2175
2225
2275
2325
2375
2425
2475
26
76
126
176
226
276
326
376
426
476
526
576
626
676
726
776
826
876
926
976
1026
1076
1126
1176
1226
1276
1326
1376
1426
1476
1526
1576
1626
1676
1726
1776
1826
1876
1926
1976
2026
2076
2126
2176
2226
2276
2326
2376
2426
2476
27
77
127
177
227
277
327
377
427
477
527
577
627
677
727
777
827
877
927
977
1027
1077
1127
1177
1227
1277
1327
1377
1427
1477
1527
1577
1627
1677
1727
1777
1827
1877
1927
1977
2027
2077
2127
2177
2227
2277
2327
2377
2427
2477
28
78
128
178
228
278
328
378
428
478
528
578
628
678
728
778
828
878
928
978
1028
1078
1128
1178
1228
1278
1328
1378
1428
1478
1528
1578
1628
1678
1728
1778
1828
1878
1928
1978
2028
2078
2128
2178
2228
2278
2328
2378
2428
2478
29
79
129
179
229
279
329
379
429
479
529
579
629
679
729
779
829
879
929
979
1029
1079
1129
1179
1229
1279
1329
1379
1429
1479
1529
1579
1629
1679
1729
1779
1829
1879
1929
1979
2029
2079
2129
2179
2229
2279
2329
2379
2429
2479
30
80
130
180
230
280
330
380
430
480
530
580
630
680
730
780
830
880
930
980
1030
1080
1130
1180
1230
1280
1330
1380
1430
1480
1530
1580
1630
1680
1730
1780
1830
1880
1930
1980
2030
2080
2130
2180
2230
2280
2330
2380
2430
2480
31
81
131
181
231
281
331
381
431
481
531
581
631
681
731
781
831
881
931
981
1031
1081
1131
1181
1231
1281
1331
1381
1431
1481
1531
1581
1631
1681
1731
1781
1831
1881
1931
1981
2031
2081
2131
2181
2231
2281
2331
2381
2431
2481
32
82
132
182
232
282
332
382
432
482
532
582
632
682
732
782
832
882
932
982
1032
1082
1132
1182
1232
1282
1332
1382
1432
1482
1532
1582
1632
1682
1732
1782
1832
1882
1932
1982
2032
2082
2132
2182
2232
2282
2332
2382
2432
2482
33
83
133
183
233
283
333
383
433
483
533
583
633
683
733
783
833
883
933
983
1033
1083
1133
1183
1233
1283
1333
1383
1433
1483
1533
1583
1633
1683
1733
1783
1833
1883
1933
1983
2033
2083
2133
2183
2233
2283
2333
2383
2433
2483
34
84
134
184
234
284
334
384
434
484
534
584
634
684
734
784
834
884
934
984
1034
1084
1134
1184
1234
1284
1334
1384
1434
1484
1534
1584
1634
1684
1734
1784
1834
1884
1934
1984
2034
2084
2134
2184
2234
2284
2334
2384
2434
2484
35
85
135
185
235
285
335
385
435
485
535
585
635
685
735
785
835
885
935
985
1035
1085
1135
1185
1235
1285
1335
1385
1435
1485
1535
1585
1635
1685
1735
1785
1835
1885
1935
1985
2035
2085
2135
2185
2235
2285
2335
2385
2435
2485
36
86
136
186
236
286
336
386
436
486
536
586
636
686
736
786
836
886
936
986
1036
1086
1136
1186
1236
1286
1336
1386
1436
1486
1536
1586
1636
1686
1736
1786
1836
1886
1936
1986
2036
2086
2136
2186
2236
2286
2336
2386
2436
2486
37
87
137
187
237
287
337
387
437
487
537
587
637
687
737
787
837
887
937
987
1037
1087
1137
1187
1237
1287
1337
1387
1437
1487
1537
1587
1637
1687
1737
1787
1837
1887
1937
1987
2037
2087
2137
2187
2237
2287
2337
2387
2437
2487
38
88
138
188
238
288
338
388
438
488
538
588
638
688
738
788
838
888
938
988
1038
1088
1138
1188
1238
1288
1338
1388
1438
1488
1538
1588
1638
1688
1738
1788
1838
1888
1938
1988
2038
2088
2138
2188
2238
2288
2338
2388
2438
2488
39
89
139
189
239
289
339
389
439
489
539
589
639
689
739
789
839
889
939
989
1039
1089
1139
1189
1239
1289
1339
1389
1439
1489
1539
1589
1639
1689
1739
1789
1839
1889
1939
1989
2039
2089
2139
2189
2239
2289
2339
2389
2439
2489
40
90
140
190
240
290
340
390
440
490
540
590
640
690
740
790
840
890
940
990
1040
1090
1140
1190
1240
1290
1340
1390
1440
1490
1540
1590
1640
1690
1740
1790
1840
1890
1940
1990
2040
2090
2140
2190
2240
2290
2340
2390
2440
2490
41
91
141
191
241
291
341
391
441
491
541
591
641
691
741
791
841
891
941
991
1041
1091
1141
1191
1241
1291
1341
1391
1441
1491
1541
1591
1641
1691
1741
1791
1841
1891
1941
1991
2041
2091
2141
2191
2241
2291
2341
2391
2441
2491
42
92
142
192
242
292
342
392
442
492
542
592
642
692
742
792
842
892
942
992
1042
1092
1142
1192
1242
1292
1342
1392
1442
1492
1542
1592
1642
1692
1742
1792
1842
1892
1942
1992
2042
2092
2142
2192
2242
2292
2342
2392
2442
2492
43
93
143
193
243
293
343
393
443
493
543
593
643
693
743
793
843
893
943
993
1043
1093
1143
1193
1243
1293
1343
1393
1443
1493
1543
1593
1643
1693
1743
1793
1843
1893
1943
1993
2043
2093
2143
2193
2243
2293
2343
2393
2443
2493
44
94
144
194
244
294
344
394
444
494
544
594
644
694
744
794
844
894
944
994
1044
1094
1144
1194
1244
1294
1344
1394
1444
1494
1544
1594
1644
1694
1744
1794
1844
1894
1944
1994
2044
2094
2144
2194
2244
2294
2344
2394
2444
2494
45
95
145
195
245
295
345
395
445
495
545
595
645
695
745
795
845
895
945
995
1045
1095
1145
1195
1245
1295
1345
1395
1445
1495
1545
1595
1645
1695
1745
1795
1845
1895
1945
1995
2045
2095
2145
2195
2245
2295
2345
2395
2445
2495
46
96
146
196
246
296
346
396
446
496
546
596
646
696
746
796
846
896
946
996
1046
1096
1146
1196
1246
1296
1346
1396
1446
1496
1546
1596
1646
1696
1746
1796
1846
1896
1946
1996
2046
2096
2146
2196
2246
2296
2346
2396
2446
2496
47
97
147
197
247
297
347
397
447
497
547
597
647
697
747
797
847
897
947
997
1047
1097
1147
1197
1247
1297
1347
1397
1447
1497
1547
1597
1647
1697
1747
1797
1847
1897
1947
1997
2047
2097
2147
2197
2247
2297
2347
2397
2447
2497
48
98
148
198
248
298
348
398
448
498
548
598
648
698
748
798
848
898
948
998
1048
1098
1148
1198
1248
1298
1348
1398
1448
1498
1548
1598
1648
1698
1748
1798
1848
1898
1948
1998
2048
2098
2148
2198
2248
2298
2348
2398
2448
2498
49
99
149
199
249
299
349
399
449
499
549
599
649
699
749
799
849
899
949
999
1049
1099
1149
1199
1249
1299
1349
1399
1449
1499
1549
1599
1649
1699
1749
1799
1849
1899
1949
1999
2049
2099
2149
2199
2249
2299
2349
2399
2449
2499
)


// ************************************************************************* //
