/*--------------------------------*- C++ -*----------------------------------*\
  =========                 |
  \\      /  F ield         | OpenFOAM: The Open Source CFD Toolbox
   \\    /   O peration     | Website:  https://openfoam.org
    \\  /    A nd           | Version:  6
     \\/     M anipulation  |
\*---------------------------------------------------------------------------*/
FoamFile
{
    version     2.0;
    format      ascii;
    class       volVectorField;
    location    "0";
    object      Ulift1;
}
// * * * * * * * * * * * * * * * * * * * * * * * * * * * * * * * * * * * * * //

dimensions      [0 1 -1 0 0 0 0];

internalField   nonuniform List<vector> 
2200
(
(3.59321e-06 8.99733e-07 0)
(3.6036e-06 2.62702e-06 0)
(3.61127e-06 4.47815e-06 0)
(3.59681e-06 6.77219e-06 0)
(3.53046e-06 9.6009e-06 0)
(3.37197e-06 1.30148e-05 0)
(3.0706e-06 1.69652e-05 0)
(2.57111e-06 2.12106e-05 0)
(1.82766e-06 2.51946e-05 0)
(8.16852e-07 2.79326e-05 0)
(-3.26935e-07 2.82201e-05 0)
(-1.31988e-06 2.59875e-05 0)
(-2.08458e-06 2.24242e-05 0)
(-2.68096e-06 1.85622e-05 0)
(-3.14043e-06 1.4897e-05 0)
(-3.47351e-06 1.15618e-05 0)
(-3.69225e-06 8.53394e-06 0)
(-3.81914e-06 5.77512e-06 0)
(-3.88256e-06 3.27632e-06 0)
(-3.90918e-06 1.04637e-06 0)
(1.15253e-05 8.62032e-07 0)
(1.15071e-05 2.56611e-06 0)
(1.14521e-05 4.49139e-06 0)
(1.13122e-05 6.94804e-06 0)
(1.10126e-05 1.00178e-05 0)
(1.04468e-05 1.3732e-05 0)
(9.47485e-06 1.80122e-05 0)
(7.93334e-06 2.25712e-05 0)
(5.66415e-06 2.68013e-05 0)
(2.55919e-06 2.96714e-05 0)
(-9.98836e-07 2.99438e-05 0)
(-4.13519e-06 2.76007e-05 0)
(-6.53414e-06 2.39242e-05 0)
(-8.31035e-06 1.99577e-05 0)
(-9.56325e-06 1.61505e-05 0)
(-1.03833e-05 1.26045e-05 0)
(-1.08687e-05 9.31344e-06 0)
(-1.11197e-05 6.28691e-06 0)
(-1.12229e-05 3.56484e-06 0)
(-1.12418e-05 1.143e-06 0)
(2.06847e-05 9.66057e-07 0)
(2.06251e-05 2.85969e-06 0)
(2.045e-05 4.99714e-06 0)
(2.00851e-05 7.75437e-06 0)
(1.94207e-05 1.1221e-05 0)
(1.82982e-05 1.54235e-05 0)
(1.65024e-05 2.02576e-05 0)
(1.37676e-05 2.53841e-05 0)
(9.80958e-06 3.01155e-05 0)
(4.40638e-06 3.33082e-05 0)
(-1.81228e-06 3.36222e-05 0)
(-7.30742e-06 3.10664e-05 0)
(-1.14314e-05 2.70146e-05 0)
(-1.43266e-05 2.25498e-05 0)
(-1.62007e-05 1.81608e-05 0)
(-1.72971e-05 1.40174e-05 0)
(-1.78612e-05 1.01866e-05 0)
(-1.81e-05 6.72004e-06 0)
(-1.81606e-05 3.65727e-06 0)
(-1.81325e-05 1.11521e-06 0)
(3.0636e-05 1.07821e-06 0)
(3.05281e-05 3.31215e-06 0)
(3.02464e-05 5.94115e-06 0)
(2.96795e-05 9.26398e-06 0)
(2.86612e-05 1.33792e-05 0)
(2.69565e-05 1.83174e-05 0)
(2.42526e-05 2.39575e-05 0)
(2.01673e-05 2.99067e-05 0)
(1.42918e-05 3.5374e-05 0)
(6.30629e-06 3.90468e-05 0)
(-2.8501e-06 3.93968e-05 0)
(-1.08561e-05 3.6419e-05 0)
(-1.67266e-05 3.16229e-05 0)
(-2.07215e-05 2.62123e-05 0)
(-2.32363e-05 2.08045e-05 0)
(-2.46953e-05 1.57094e-05 0)
(-2.54726e-05 1.11009e-05 0)
(-2.58476e-05 7.07242e-06 0)
(-2.60018e-05 3.64602e-06 0)
(-2.60412e-05 1.04093e-06 0)
(4.23266e-05 1.35779e-06 0)
(4.21689e-05 4.10359e-06 0)
(4.17444e-05 7.27856e-06 0)
(4.09008e-05 1.1323e-05 0)
(3.94163e-05 1.63452e-05 0)
(3.69789e-05 2.23534e-05 0)
(3.31728e-05 2.91699e-05 0)
(2.7487e-05 3.63045e-05 0)
(1.93708e-05 4.28113e-05 0)
(8.39275e-06 4.71379e-05 0)
(-4.13767e-06 4.74692e-05 0)
(-1.49993e-05 4.37744e-05 0)
(-2.28784e-05 3.782e-05 0)
(-2.82277e-05 3.10764e-05 0)
(-3.16679e-05 2.43845e-05 0)
(-3.37932e-05 1.82052e-05 0)
(-3.50703e-05 1.27653e-05 0)
(-3.58181e-05 8.13187e-06 0)
(-3.62369e-05 4.2669e-06 0)
(-3.6449e-05 1.25847e-06 0)
(5.61492e-05 1.65085e-06 0)
(5.59418e-05 5.16918e-06 0)
(5.5371e-05 9.35246e-06 0)
(5.42257e-05 1.45098e-05 0)
(5.22065e-05 2.07657e-05 0)
(4.89031e-05 2.81383e-05 0)
(4.37782e-05 3.6424e-05 0)
(3.61727e-05 4.50435e-05 0)
(2.53694e-05 5.28669e-05 0)
(1.07975e-05 5.80147e-05 0)
(-5.80536e-06 5.82664e-05 0)
(-2.01847e-05 5.35735e-05 0)
(-3.06771e-05 4.61103e-05 0)
(-3.79484e-05 3.77357e-05 0)
(-4.28137e-05 2.95452e-05 0)
(-4.59866e-05 2.21138e-05 0)
(-4.80001e-05 1.56695e-05 0)
(-4.92239e-05 1.0225e-05 0)
(-4.99106e-05 5.68295e-06 0)
(-5.02362e-05 1.81071e-06 0)
(7.3068e-05 2.11059e-06 0)
(7.27827e-05 6.58337e-06 0)
(7.20075e-05 1.18932e-05 0)
(7.04697e-05 1.84531e-05 0)
(6.77845e-05 2.63713e-05 0)
(6.34254e-05 3.56147e-05 0)
(5.67017e-05 4.58948e-05 0)
(4.67612e-05 5.64979e-05 0)
(3.26656e-05 6.60614e-05 0)
(1.36557e-05 7.22923e-05 0)
(-8.01904e-06 7.2461e-05 0)
(-2.68508e-05 6.6547e-05 0)
(-4.07158e-05 5.72922e-05 0)
(-5.04705e-05 4.70161e-05 0)
(-5.71053e-05 3.70386e-05 0)
(-6.14683e-05 2.79909e-05 0)
(-6.42113e-05 2.00811e-05 0)
(-6.58194e-05 1.3295e-05 0)
(-6.6652e-05 7.52655e-06 0)
(-6.69723e-05 2.4404e-06 0)
(9.40202e-05 2.68654e-06 0)
(9.36568e-05 8.55024e-06 0)
(9.26446e-05 1.55749e-05 0)
(9.06324e-05 2.40286e-05 0)
(8.71304e-05 3.40397e-05 0)
(8.14701e-05 4.55807e-05 0)
(7.2769e-05 5.83206e-05 0)
(5.9925e-05 7.14121e-05 0)
(4.17103e-05 8.32002e-05 0)
(1.71256e-05 9.0842e-05 0)
(-1.09261e-05 9.09433e-05 0)
(-3.5333e-05 8.35227e-05 0)
(-5.33293e-05 7.20192e-05 0)
(-6.59643e-05 5.92768e-05 0)
(-7.44691e-05 4.68648e-05 0)
(-7.99404e-05 3.55158e-05 0)
(-8.32636e-05 2.5487e-05 0)
(-8.51184e-05 1.67985e-05 0)
(-8.6005e-05 9.36458e-06 0)
(-8.62783e-05 2.97334e-06 0)
(0.000119976 3.43024e-06 0)
(0.000119495 1.09653e-05 0)
(0.000118193 2.00287e-05 0)
(0.000115626 3.08842e-05 0)
(0.000111166 4.36396e-05 0)
(0.000103951 5.82203e-05 0)
(9.28351e-05 7.42068e-05 0)
(7.63797e-05 9.05703e-05 0)
(5.29859e-05 0.000105275 0)
(2.13748e-05 0.000114763 0)
(-1.46665e-05 0.000114781 0)
(-4.59422e-05 0.00010539 0)
(-6.88657e-05 9.08892e-05 0)
(-8.47757e-05 7.47876e-05 0)
(-9.52975e-05 5.90269e-05 0)
(-0.00010192 4.45526e-05 0)
(-0.000105853 3.17397e-05 0)
(-0.000108006 2.06535e-05 0)
(-0.000109024 1.12014e-05 0)
(-0.000109344 3.43292e-06 0)
(0.000152628 4.435e-06 0)
(0.00015201 1.42355e-05 0)
(0.000150348 2.59836e-05 0)
(0.00014708 3.98711e-05 0)
(0.00014141 5.60431e-05 0)
(0.000132232 7.44324e-05 0)
(0.000118059 9.45472e-05 0)
(9.70183e-05 0.000115123 0)
(6.70489e-05 0.000133595 0)
(2.65531e-05 0.000145429 0)
(-1.95096e-05 0.000145247 0)
(-5.92951e-05 0.000133157 0)
(-8.82522e-05 0.000114591 0)
(-0.000108181 9.39732e-05 0)
(-0.000121267 7.38115e-05 0)
(-0.000129488 5.5374e-05 0)
(-0.000134406 3.91791e-05 0)
(-0.00013716 2.53078e-05 0)
(-0.000138534 1.36068e-05 0)
(-0.000139053 4.13508e-06 0)
(0.000193496 5.67451e-06 0)
(0.000192699 1.8238e-05 0)
(0.000190614 3.32957e-05 0)
(0.000186521 5.10346e-05 0)
(0.000179388 7.16213e-05 0)
(0.000167774 9.49699e-05 0)
(0.00014974 0.000120469 0)
(0.000122864 0.000146519 0)
(8.45232e-05 0.000169834 0)
(3.27582e-05 0.000184608 0)
(-2.59688e-05 0.000184026 0)
(-7.65183e-05 0.000168323 0)
(-0.000113211 0.00014446 0)
(-0.000138465 0.000118111 0)
(-0.000155128 9.25134e-05 0)
(-0.00016571 6.92801e-05 0)
(-0.000172152 4.90162e-05 0)
(-0.000175848 3.17531e-05 0)
(-0.000177765 1.72422e-05 0)
(-0.000178558 5.31664e-06 0)
(0.000245459 7.32742e-06 0)
(0.000244445 2.34383e-05 0)
(0.000241802 4.26136e-05 0)
(0.00023661 6.51758e-05 0)
(0.000227543 9.13629e-05 0)
(0.000212734 0.00012108 0)
(0.000189679 0.000153538 0)
(0.000155276 0.000186649 0)
(0.000106217 0.000216151 0)
(4.0098e-05 0.000234591 0)
(-3.47487e-05 0.000233383 0)
(-9.90906e-05 0.000213018 0)
(-0.000145857 0.000182474 0)
(-0.0001782 0.000148991 0)
(-0.000199713 0.000116652 0)
(-0.000213504 8.74355e-05 0)
(-0.000221969 6.20317e-05 0)
(-0.000226851 4.04285e-05 0)
(-0.000229382 2.2285e-05 0)
(-0.000230411 7.01192e-06 0)
(0.000311519 9.3549e-06 0)
(0.000310244 2.99165e-05 0)
(0.000306903 5.43822e-05 0)
(0.000300305 8.31731e-05 0)
(0.000288724 0.000116601 0)
(0.000269748 0.000154538 0)
(0.000240168 0.000195937 0)
(0.00019605 0.000238056 0)
(0.000133251 0.00027537 0)
(4.88118e-05 0.000298367 0)
(-4.65791e-05 0.000296285 0)
(-0.000128527 0.000270035 0)
(-0.000188175 0.00023117 0)
(-0.00022956 0.000188825 0)
(-0.000257193 0.000148048 0)
(-0.000274963 0.000111211 0)
(-0.000285883 7.91122e-05 0)
(-0.000292162 5.17215e-05 0)
(-0.000295377 2.86352e-05 0)
(-0.000296624 9.05223e-06 0)
(0.000396113 1.19573e-05 0)
(0.000394477 3.81754e-05 0)
(0.000390175 6.93568e-05 0)
(0.000381666 0.000106143 0)
(0.00036673 0.000148919 0)
(0.000342272 0.000197463 0)
(0.000304207 0.000250339 0)
(0.000247568 0.00030392 0)
(0.000167165 0.000351077 0)
(5.93447e-05 0.000379721 0)
(-6.21497e-05 0.000376409 0)
(-0.000166331 0.000342648 0)
(-0.000242107 0.000293231 0)
(-0.00029467 0.000239628 0)
(-0.000329755 0.000188083 0)
(-0.000352296 0.00014149 0)
(-0.000366119 0.000100806 0)
(-0.000374035 6.59868e-05 0)
(-0.00037805 3.65374e-05 0)
(-0.000379564 1.1539e-05 0)
(0.000504615 1.52949e-05 0)
(0.000502524 4.88737e-05 0)
(0.000496954 8.88514e-05 0)
(0.000485913 0.000136007 0)
(0.000466546 0.000190804 0)
(0.000434909 0.000252898 0)
(0.000385822 0.000320342 0)
(0.000313019 0.00038839 0)
(0.000209999 0.000447876 0)
(7.22911e-05 0.000483442 0)
(-8.23085e-05 0.000478288 0)
(-0.000214394 0.00043478 0)
(-0.000310202 0.000371858 0)
(-0.000376536 0.000303925 0)
(-0.000420762 0.000238705 0)
(-0.000449153 0.000179719 0)
(-0.000466541 0.000128114 0)
(-0.000476476 8.38287e-05 0)
(-0.000481492 4.62781e-05 0)
(-0.000483362 1.45473e-05 0)
(0.000643622 1.95511e-05 0)
(0.000640876 6.262e-05 0)
(0.000633617 0.000114045 0)
(0.000619275 0.00017467 0)
(0.000594179 0.000245 0)
(0.000553276 0.000324477 0)
(0.000489965 0.000410479 0)
(0.000396303 0.000496822 0)
(0.000264141 0.000571735 0)
(8.81155e-05 0.000615655 0)
(-0.000108516 0.000607595 0)
(-0.000275641 0.000551251 0)
(-0.000396395 0.000470961 0)
(-0.00047976 0.00038481 0)
(-0.000535194 0.000302318 0)
(-0.000570661 0.000227731 0)
(-0.000592288 0.000162389 0)
(-0.000604582 0.000106211 0)
(-0.000610763 5.84996e-05 0)
(-0.000613067 1.8326e-05 0)
(0.000822594 2.52656e-05 0)
(0.000819005 8.08043e-05 0)
(0.000809519 0.000146971 0)
(0.000790816 0.000224895 0)
(0.000758176 0.000315147 0)
(0.000705114 0.000416887 0)
(0.000623183 0.000526597 0)
(0.000502294 0.000636181 0)
(0.000332274 0.000730415 0)
(0.000106887 0.000784262 0)
(-0.000143238 0.000771593 0)
(-0.000354441 0.000698245 0)
(-0.000506296 0.000595571 0)
(-0.0006107 0.000486169 0)
(-0.000679806 0.000381685 0)
(-0.000723764 0.000287256 0)
(-0.000750389 0.000204548 0)
(-0.000765425 0.000133525 0)
(-0.000772945 7.33447e-05 0)
(-0.000775743 2.29144e-05 0)
(0.00105288 3.25825e-05 0)
(0.00104817 0.000104351 0)
(0.00103579 0.000189898 0)
(0.00101143 0.000290402 0)
(0.000968943 0.000406483 0)
(0.000899908 0.000536922 0)
(0.000793445 0.000677007 0)
(0.000636733 0.000816078 0)
(0.000417236 0.000934311 0)
(0.000128071 0.000999558 0)
(-0.000190123 0.000979521 0)
(-0.000456565 0.000883447 0)
(-0.000646844 0.000751767 0)
(-0.000776842 0.000612581 0)
(-0.000862334 0.000480112 0)
(-0.000916384 0.000360635 0)
(-0.000948977 0.000256238 0)
(-0.000967361 0.000166874 0)
(-0.000976585 9.14106e-05 0)
(-0.000980059 2.84835e-05 0)
(0.00135135 4.23893e-05 0)
(0.00134513 0.000135365 0)
(0.00132884 0.000245821 0)
(0.00129679 0.000375582 0)
(0.00124095 0.000525293 0)
(0.00115036 0.000693094 0)
(0.00101097 0.000872474 0)
(0.000806606 0.00104912 0)
(0.000522078 0.00119697 0)
(0.000150412 0.0012747 0)
(-0.000254132 0.00124285 0)
(-0.000589246 0.00111601 0)
(-0.000826429 0.000946429 0)
(-0.000987223 0.000768967 0)
(-0.00109233 0.000601055 0)
(-0.00115857 0.00045037 0)
(-0.00119854 0.000319379 0)
(-0.00122119 0.000207781 0)
(-0.00123265 0.000113864 0)
(-0.00123704 3.55278e-05 0)
(0.00173943 5.51595e-05 0)
(0.0017312 0.000176225 0)
(0.00170958 0.000319985 0)
(0.00166702 0.000488514 0)
(0.00159287 0.000682425 0)
(0.00147279 0.000898906 0)
(0.00128873 0.00112886 0)
(0.00102043 0.00135286 0)
(0.000650065 0.00153642 0)
(0.000171654 0.00162649 0)
(-0.000341945 0.00157559 0)
(-0.000761658 0.00140672 0)
(-0.00105547 0.00118759 0)
(-0.00125304 0.000961442 0)
(-0.00138163 0.000749446 0)
(-0.00146266 0.000560594 0)
(-0.00151173 0.000397324 0)
(-0.00153967 0.000258651 0)
(-0.00155389 0.000142034 0)
(-0.00155938 4.44342e-05 0)
(0.00224724 7.22655e-05 0)
(0.00223612 0.000230653 0)
(0.00220691 0.000418538 0)
(0.00214946 0.00063867 0)
(0.0020496 0.000891317 0)
(0.00188851 0.0011719 0)
(0.00164305 0.00146725 0)
(0.00128833 0.0017506 0)
(0.000804208 0.00197619 0)
(0.000187653 0.00207618 0)
(-0.000463103 0.00199476 0)
(-0.000986194 0.0017681 0)
(-0.0013477 0.00148435 0)
(-0.00158866 0.00119681 0)
(-0.00174478 0.000930548 0)
(-0.00184303 0.000695333 0)
(-0.00190253 0.000492925 0)
(-0.00193639 0.000321256 0)
(-0.00195357 0.000176798 0)
(-0.00196014 5.54463e-05 0)
(0.00291701 9.55431e-05 0)
(0.00290171 0.000304999 0)
(0.00286143 0.000553213 0)
(0.00278236 0.000843154 0)
(0.00264547 0.00117428 0)
(0.00242608 0.00153909 0)
(0.00209487 0.00191829 0)
(0.00162201 0.00227468 0)
(0.000986234 0.00254755 0)
(0.000190766 0.00265077 0)
(-0.000631765 0.00252095 0)
(-0.00128005 0.00221469 0)
(-0.00172124 0.00184686 0)
(-0.00201199 0.0014822 0)
(-0.00219883 0.00114926 0)
(-0.00231565 0.000857627 0)
(-0.00238594 0.000607704 0)
(-0.00242567 0.000395996 0)
(-0.00244565 0.000217842 0)
(-0.00245316 6.82746e-05 0)
(0.00380886 0.000127828 0)
(0.00378708 0.00040808 0)
(0.00372996 0.000739761 0)
(0.00361836 0.00112563 0)
(0.00342655 0.00156305 0)
(0.00312229 0.00203928 0)
(0.0026692 0.00252544 0)
(0.00203305 0.00296973 0)
(0.00119418 0.00329203 0)
(0.000167254 0.00338447 0)
(-0.000869008 0.00317878 0)
(-0.00166685 0.00276251 0)
(-0.00219938 0.0022849 0)
(-0.00254453 0.00182293 0)
(-0.00276302 0.00140769 0)
(-0.00289775 0.00104756 0)
(-0.00297781 0.00074078 0)
(-0.00302259 0.000481861 0)
(-0.00304492 0.000264512 0)
(-0.00305325 8.27212e-05 0)
(0.00501685 0.000174611 0)
(0.00498428 0.000556876 0)
(0.00489938 0.0010074 0)
(0.00473527 0.00152754 0)
(0.0044574 0.00210999 0)
(0.0040248 0.00273289 0)
(0.00339434 0.00335286 0)
(0.00252997 0.00389812 0)
(0.00141861 0.00426461 0)
(9.38044e-05 0.00431992 0)
(-0.00120549 0.00399668 0)
(-0.00217848 0.00342793 0)
(-0.00281182 0.00280609 0)
(-0.0032124 0.00222065 0)
(-0.00345983 0.00170394 0)
(-0.00360876 0.00126173 0)
(-0.00369532 0.000888806 0)
(-0.00374288 0.000576467 0)
(-0.00376633 0.00031567 0)
(-0.00377507 9.85308e-05 0)
(0.00669594 0.000246076 0)
(0.00664105 0.000783186 0)
(0.00650275 0.00141039 0)
(0.00624459 0.00212321 0)
(0.00582269 0.00290429 0)
(0.00518855 0.00371658 0)
(0.00429559 0.00449628 0)
(0.00311127 0.00514675 0)
(0.00163653 0.00553671 0)
(-6.70011e-05 0.00550873 0)
(-0.00168464 0.00500597 0)
(-0.00285748 0.00422579 0)
(-0.00359678 0.00341368 0)
(-0.00404837 0.00267098 0)
(-0.00431646 0.00202945 0)
(-0.00447054 0.00149018 0)
(-0.00455537 0.00104256 0)
(-0.0045991 0.000672722 0)
(-0.00461914 0.000367189 0)
(-0.00462605 0.00011445 0)
(0.0091705 0.000373904 0)
(0.00902646 0.00117458 0)
(0.0087506 0.00207669 0)
(0.00829849 0.00306485 0)
(0.00761972 0.00410671 3.75681e-34)
(0.00666219 0.00514605 -1.64236e-34)
(0.00538096 0.00609572 0)
(0.00375343 0.00683236 0)
(0.00180261 0.00719724 0)
(-0.000372204 0.00701036 0)
(-0.00236656 0.00623902 0)
(-0.00376046 0.00516731 0)
(-0.00460417 0.00410426 0)
(-0.00509493 0.00316088 0)
(-0.00536756 0.00236487 0)
(-0.00550897 0.00170974 0)
(-0.00557351 0.00117729 0)
(-0.00559449 0.000747342 0)
(-0.00559203 0.000401372 0)
(-0.00557802 0.000123613 0)
(0.0124616 0.000959959 1.72544e-21)
(0.012124 0.00209847 -2.97681e-21)
(0.0116124 0.00333253 0)
(0.0108718 0.00463802 -7.45048e-21)
(0.00984117 0.00596971 -9.81551e-21)
(0.00846005 0.00725241 -2.08556e-34)
(0.00667951 0.00837289 0)
(0.00448137 0.00917477 -1.5666e-20)
(0.00190677 0.00946143 -8.57078e-21)
(-0.000905755 0.00901698 1.56832e-20)
(-0.00343754 0.00785125 0)
(-0.00516684 0.00637545 1.65681e-20)
(-0.0061793 0.00496427 1.78763e-20)
(-0.00673938 0.00373868 1.12819e-20)
(-0.00702429 0.00272089 -1.01865e-20)
(-0.00714655 0.00189406 0)
(-0.00717553 0.00122939 6.14868e-21)
(-0.00715332 0.000697388 0)
(-0.00710504 0.000271963 1.70094e-21)
(-0.00704548 -6.87288e-05 5.1313e-22)
(0.0162801 0.00221479 8.43447e-21)
(0.0157021 0.00360678 -1.38952e-20)
(0.014903 0.00512844 -3.92691e-20)
(0.0138161 0.0067424 -4.40429e-20)
(0.0123676 0.0083843 2.50295e-20)
(0.0104841 0.00995323 7.11763e-20)
(0.00810667 0.0113019 0)
(0.00521444 0.0122291 0)
(0.0018603 0.0124814 1.38094e-20)
(-0.0017786 0.0117755 0)
(-0.00503972 0.0101303 -5.31952e-20)
(-0.00724505 0.00809949 2.34068e-20)
(-0.00850555 0.00617523 5.65252e-21)
(-0.00917096 0.00451236 -2.15243e-20)
(-0.00947688 0.00313608 0)
(-0.00957327 0.00202032 0)
(-0.00955273 0.00112403 3.57015e-20)
(-0.00947122 0.000406209 4.32954e-24)
(-0.00936197 -0.000168933 -9.3758e-21)
(-0.00924416 -0.000630924 2.83682e-21)
(0.0206255 0.0039884 -2.12517e-20)
(0.0197877 0.00567851 1.27956e-22)
(0.0186629 0.0075191 -1.68336e-20)
(0.0171733 0.00946377 -7.87797e-20)
(0.0152334 0.0114324 -1.2561e-19)
(0.0127582 0.0132995 4.9333e-20)
(0.00967909 0.0148821 9.2214e-20)
(0.00597124 0.0159295 0)
(0.00169752 0.016121 -3.60739e-20)
(-0.00292639 0.0150886 -1.11483e-19)
(-0.00707216 0.0128508 1.85338e-20)
(-0.00986377 0.0101273 1.59044e-19)
(-0.0114294 0.00755557 1.99563e-19)
(-0.0122206 0.00533654 9.79923e-20)
(-0.0125461 0.00350285 0)
(-0.0126042 0.00201926 4.19368e-20)
(-0.0125177 0.000830551 0)
(-0.0123601 -0.000118601 -2.33035e-20)
(-0.0121746 -0.000876637 -7.36548e-24)
(-0.0119855 -0.00148364 -6.66642e-21)
(0.0255246 0.00633613 2.36694e-23)
(0.0243751 0.00834911 -6.95184e-22)
(0.0228678 0.0105315 -4.26757e-20)
(0.0209114 0.0128266 0)
(0.018407 0.0151379 7.73699e-20)
(0.015256 0.0173155 1.61188e-19)
(0.0113775 0.0191401 -1.05731e-19)
(0.00673875 0.020308 0)
(0.00140686 0.0204221 -6.67511e-20)
(-0.00436926 0.0190098 -1.55598e-20)
(-0.00957799 0.0160693 -1.63403e-19)
(-0.0130938 0.0125055 0)
(-0.0150414 0.00913314 1.6541e-19)
(-0.0159886 0.00621815 2.27369e-19)
(-0.0163339 0.00380899 -9.64407e-20)
(-0.0163371 0.00186262 -1.51709e-20)
(-0.0161599 0.000307207 -4.82748e-20)
(-0.0158988 -0.000930683 -2.72952e-20)
(-0.0156097 -0.00191593 1.65078e-20)
(-0.0153233 -0.00270226 -8.49194e-21)
(0.0309401 0.00930561 3.69264e-20)
(0.0294248 0.0116531 2.73778e-20)
(0.027477 0.0141881 -3.95289e-21)
(0.0249913 0.0168432 -9.89865e-20)
(0.0218543 0.019506 -1.84223e-19)
(0.017952 0.0220028 2.3727e-19)
(0.0131876 0.0240788 -2.572e-19)
(0.00751409 0.0253754 -1.92282e-19)
(0.000992229 0.025412 -1.0502e-19)
(-0.0061086 0.0235882 -6.56937e-21)
(-0.0125835 0.0198494 -2.82828e-20)
(-0.016997 0.0152932 1.72562e-19)
(-0.0194313 0.0109477 7.58276e-21)
(-0.020581 0.00717144 1.28661e-19)
(-0.0209522 0.0040433 2.50915e-19)
(-0.0208826 0.00151687 9.11989e-20)
(-0.0205845 -0.000497969 6.94083e-20)
(-0.0201848 -0.00209682 -3.49756e-20)
(-0.0197565 -0.00336527 0)
(-0.0193392 -0.00437469 -3.02851e-20)
(0.0368021 0.012923 0)
(0.0348713 0.015604 -6.58353e-20)
(0.0324309 0.0184901 -6.33061e-20)
(0.0293613 0.0215037 8.47811e-20)
(0.0255346 0.0245181 3.05655e-21)
(0.0208197 0.0273381 1.88832e-19)
(0.0150998 0.0296758 -1.54727e-19)
(0.00830512 0.0311197 -4.13424e-19)
(0.000474902 0.0311002 8.69609e-20)
(-0.0081231 0.0288668 3.99121e-19)
(-0.0160925 0.0242627 2.56135e-19)
(-0.0216213 0.0185673 -1.10648e-19)
(-0.0246878 0.0130595 2.83589e-19)
(-0.0261136 0.0082276 1.5568e-19)
(-0.0265297 0.00420527 -1.62014e-19)
(-0.0263716 0.000952082 0)
(-0.0259176 -0.00164 2.51728e-19)
(-0.025336 -0.0036924 1.04222e-19)
(-0.0247232 -0.00531592 -4.36741e-20)
(-0.024132 -0.00660354 -2.63464e-20)
(0.0430198 0.0171898 2.4467e-20)
(0.0406311 0.020191 3.78838e-20)
(0.0376558 0.0234144 1.0247e-20)
(0.0339601 0.0267739 -9.82359e-20)
(0.0294017 0.030131 -1.29015e-19)
(0.0238314 0.0332731 2.3397e-19)
(0.0171083 0.0358842 -1.22464e-22)
(0.00912978 0.0375048 -2.24362e-19)
(-0.000106513 0.0374765 -3.49826e-19)
(-0.0103663 0.034879 -7.46285e-20)
(-0.0200804 0.0293882 2.47837e-19)
(-0.0269949 0.0224267 4.93888e-19)
(-0.030895 0.0155557 -3.44916e-19)
(-0.0327126 0.00944177 -1.86074e-19)
(-0.0332159 0.00430985 2.08007e-19)
(-0.0329605 0.000144093 0)
(-0.0323122 -0.00317669 1.05506e-19)
(-0.0314959 -0.00580196 -4.22535e-20)
(-0.0306421 -0.00787268 -1.81923e-19)
(-0.0298224 -0.0095086 -7.64089e-20)
(0.0494882 0.0220817 -1.2705e-22)
(0.0466094 0.0253785 4.83264e-20)
(0.0430691 0.0289145 2.49475e-19)
(0.0387199 0.032597 -3.31767e-19)
(0.0334059 0.0362795 1.6166e-19)
(0.0269591 0.039737 -7.13041e-21)
(0.0192106 0.0426334 2.25461e-19)
(0.0100139 0.0444709 -9.87031e-20)
(-0.00069823 0.0445083 -2.66706e-19)
(-0.0127667 0.0416439 1.14666e-18)
(-0.0244893 0.0353101 1.46853e-18)
(-0.033118 0.0269961 1.12803e-18)
(-0.0381275 0.0185611 0)
(-0.0405154 0.0109053 -8.24277e-19)
(-0.041187 0.00439856 2.53519e-19)
(-0.0408415 -0.000917821 1.25511e-19)
(-0.0399602 -0.00516496 9.23383e-23)
(-0.0388471 -0.00851962 -1.74498e-19)
(-0.0376817 -0.011158 -2.08447e-19)
(-0.0365634 -0.0132336 -9.08055e-20)
(0.056096 0.027551 -3.11763e-20)
(0.0527066 0.0311091 -4.78063e-20)
(0.0485848 0.0349234 8.40153e-20)
(0.0435707 0.0388971 2.06408e-21)
(0.0374962 0.0428796 -1.71995e-19)
(0.0301747 0.0466405 7.55123e-21)
(0.0214056 0.0498337 -2.56052e-19)
(0.0109875 0.0519363 -2.7757e-19)
(-0.00123536 0.052139 -5.09255e-19)
(-0.0152294 0.0491605 -1.67711e-19)
(-0.0292244 0.0421108 0)
(-0.0399527 0.0324262 6.34586e-19)
(-0.04644 0.0222462 5.41274e-19)
(-0.0496667 0.0127596 -4.38152e-19)
(-0.0506508 0.00455287 -2.50864e-20)
(-0.0502541 -0.00222115 -4.25148e-21)
(-0.0491074 -0.00765611 1.66485e-19)
(-0.0476261 -0.0119492 3.36589e-19)
(-0.0460608 -0.0153165 0)
(-0.0445527 -0.0179541 0)
(0.0627325 0.0335304 1.3184e-19)
(0.058824 0.0373079 0)
(0.054118 0.0413589 9.28415e-20)
(0.0484437 0.0455847 3.54289e-19)
(0.0416226 0.0498352 -1.7803e-19)
(0.0334502 0.0538823 -1.05138e-19)
(0.0236913 0.0573813 3.5671e-19)
(0.0120811 0.0598013 4.90176e-19)
(-0.00164745 0.0602877 1.0694e-18)
(-0.0176412 0.0574015 7.83127e-19)
(-0.0341517 0.0498622 8.29116e-19)
(-0.0474106 0.0388906 -1.48554e-18)
(-0.0558524 0.0268375 -1.34197e-18)
(-0.0603114 0.0152152 -5.52137e-19)
(-0.061852 0.00491545 -8.03407e-19)
(-0.0615006 -0.0037137 -3.16709e-19)
(-0.0600755 -0.0106877 2.05531e-19)
(-0.0581466 -0.0162054 5.58092e-19)
(-0.0560698 -0.0205234 1.81388e-19)
(-0.0540504 -0.0238913 -7.85764e-20)
(0.0692938 0.039938 9.04977e-21)
(0.0648694 0.0438881 0)
(0.0595897 0.0481293 0)
(0.0532747 0.0525627 -2.4825e-19)
(0.045738 0.0570441 4.58101e-19)
(0.0367576 0.061355 4.23142e-19)
(0.0260632 0.0651644 7.19516e-19)
(0.0133214 0.0679527 0)
(-0.0018649 0.0688515 7.85861e-19)
(-0.0198778 0.0663076 -7.76725e-19)
(-0.0391007 0.058611 6.78648e-20)
(-0.0553407 0.0465754 1.08721e-19)
(-0.0663266 0.0326229 8.26235e-19)
(-0.0725769 0.0185758 -8.02406e-20)
(-0.0750722 0.00572117 -4.51604e-19)
(-0.0749645 -0.00527839 -4.84179e-19)
(-0.0732909 -0.014271 2.48319e-19)
(-0.070832 -0.021414 6.94028e-19)
(-0.068102 -0.0269968 3.30613e-19)
(-0.0654076 -0.0313312 -9.45533e-20)
(0.0756874 0.0466828 -1.53868e-19)
(0.0707611 0.0507565 -3.10308e-20)
(0.0649297 0.0551386 -1.08719e-19)
(0.0580065 0.0597324 2.66006e-21)
(0.0497986 0.0644039 3.26119e-19)
(0.0400686 0.0689518 1.69853e-18)
(0.0285126 0.0730699 0)
(0.0147278 0.0762705 -4.10459e-19)
(-0.00182585 0.0777093 -4.75667e-19)
(-0.0218139 0.0757844 9.95579e-19)
(-0.0438704 0.0683634 -1.13796e-19)
(-0.0635194 0.0556604 5.52448e-19)
(-0.077739 0.0399508 0)
(-0.0865434 0.0232661 -9.15197e-19)
(-0.090621 0.00734351 -1.04804e-18)
(-0.091132 -0.00668892 0)
(-0.0893301 -0.0183645 3.83386e-19)
(-0.0862733 -0.0277093 5.56676e-19)
(-0.0827121 -0.0350142 -1.54881e-19)
(-0.0791178 -0.0406579 4.09701e-20)
(0.0818356 0.0536707 -1.07508e-20)
(0.0764304 0.0578187 -1.98032e-19)
(0.0700791 0.0622922 0)
(0.0625899 0.0669983 -2.474e-21)
(0.0537653 0.0718175 0)
(0.0433553 0.0765713 1.04367e-18)
(0.0310267 0.080989 0)
(0.0163101 0.0846346 0)
(-0.00148238 0.0867284 5.20901e-19)
(-0.0233336 0.0857028 1.78358e-18)
(-0.0482419 0.0790689 -1.96033e-19)
(-0.071648 0.0662888 -6.49876e-19)
(-0.0898462 0.0492136 -2.05857e-18)
(-0.102193 0.0298567 -1.0821e-18)
(-0.108806 0.0103607 -9.20086e-19)
(-0.11061 -0.00753274 6.95264e-19)
(-0.108986 -0.0228189 4.98244e-19)
(-0.105321 -0.035217 0)
(-0.100712 -0.0449349 -5.58606e-19)
(-0.0959016 -0.0524063 -5.48234e-20)
(0.0876771 0.0608092 1.13123e-20)
(0.0818232 0.0649841 -1.45093e-19)
(0.0749911 0.069501 0)
(0.0669846 0.0742726 -2.41179e-19)
(0.057604 0.0791967 1.22276e-19)
(0.0465908 0.0841223 0)
(0.0335883 0.0888224 -1.96315e-19)
(0.0180666 0.0929308 -7.12754e-19)
(-0.000805137 0.0957716 4.37771e-22)
(-0.0243409 0.0959047 6.51723e-19)
(-0.0519953 0.0906089 0)
(-0.0793606 0.0785292 -7.04809e-19)
(-0.102253 0.0608071 -3.08173e-18)
(-0.119336 0.0390755 -6.71827e-19)
(-0.129863 0.0156443 8.64754e-19)
(-0.134124 -0.00707885 0)
(-0.133357 -0.0272662 1.11393e-18)
(-0.129235 -0.0440105 -2.00124e-20)
(-0.123338 -0.0572319 6.65845e-21)
(-0.116854 -0.0673541 2.5678e-22)
(0.0931674 0.068011 0)
(0.0869002 0.0721689 0)
(0.0796307 0.0766845 3.77211e-19)
(0.0711591 0.0814776 0)
(0.0612864 0.0864648 0)
(0.0497504 0.0915258 -1.27665e-18)
(0.0361768 0.096484 -2.06586e-19)
(0.0199846 0.101057 -5.02803e-19)
(0.000214732 0.104706 -3.00474e-19)
(-0.0247687 0.106212 0)
(-0.0549301 0.102794 8.04676e-19)
(-0.0862462 0.0923336 2.02769e-19)
(-0.114394 0.0750579 -2.45345e-18)
(-0.137509 0.0517781 -8.28996e-19)
(-0.153816 0.0244607 -7.33549e-19)
(-0.162458 -0.0040547 3.53443e-19)
(-0.163945 -0.0308877 -1.9719e-18)
(-0.15994 -0.0539898 -2.34964e-18)
(-0.152566 -0.0725285 -3.35907e-19)
(-0.143736 -0.0866913 2.90929e-19)
(0.0982777 0.0751974 0)
(0.0916357 0.0792989 -3.74924e-20)
(0.0839742 0.0837731 7.42754e-19)
(0.0750909 0.0885473 0)
(0.0647904 0.0935577 0)
(0.0528116 0.0987172 1.57218e-20)
(0.0387685 0.103903 0)
(0.0220417 0.108925 0)
(0.00156622 0.113411 -1.8292e-18)
(-0.0245836 0.116442 -7.58238e-19)
(-0.0568861 0.115371 -1.93535e-18)
(-0.091888 0.107503 0)
(-0.125543 0.0921155 3.83135e-19)
(-0.155872 0.0688362 -2.02488e-18)
(-0.180235 0.0385331 8.13633e-19)
(-0.196226 0.00370164 1.1214e-18)
(-0.202712 -0.0319215 -1.92065e-18)
(-0.200443 -0.0645433 -7.03856e-19)
(-0.191758 -0.0916089 2.42134e-19)
(-0.179599 -0.112365 3.67387e-19)
(0.102993 0.0822997 0)
(0.0960161 0.0863107 4.45431e-19)
(0.088008 0.0907086 4.30239e-19)
(0.0787656 0.0954278 -7.30497e-19)
(0.0681003 0.100425 -6.54788e-19)
(0.0557552 0.105646 2.7801e-18)
(0.0413391 0.111024 -2.22467e-19)
(0.0242088 0.116468 2.4397e-18)
(0.00322121 0.121785 -1.99936e-18)
(-0.0237882 0.126419 3.04496e-18)
(-0.0577622 0.128048 -4.61875e-19)
(-0.0959144 0.123676 1.0857e-18)
(-0.134871 0.11183 1.30794e-18)
(-0.173138 0.0908976 -1.20679e-18)
(-0.207886 0.0599379 1.89701e-18)
(-0.235345 0.0196795 1.24281e-18)
(-0.251857 -0.0266437 8.83888e-19)
(-0.255458 -0.0735648 6.36044e-19)
(-0.247066 -0.11523 9.28783e-19)
(-0.230318 -0.147852 3.57976e-19)
(0.10731 0.08926 -2.48113e-19)
(0.100038 0.0931523 4.90328e-19)
(0.0917275 0.0974443 -4.23158e-19)
(0.0821766 0.102077 -1.75882e-18)
(0.0712059 0.107027 -9.75859e-19)
(0.058565 0.112275 3.15901e-18)
(0.0438646 0.117808 2.28501e-19)
(0.026453 0.123632 5.25765e-18)
(0.00513838 0.129746 -1.93541e-18)
(-0.0224181 0.135989 4.25973e-18)
(-0.0575272 0.140521 5.07882e-19)
(-0.098055 0.140353 0)
(-0.141556 0.133656 0)
(-0.187617 0.118013 -2.59067e-18)
(-0.234355 0.0906025 3.53505e-19)
(-0.277984 0.0489168 2.69377e-20)
(-0.312701 -0.00748109 -1.76445e-18)
(-0.331821 -0.0745534 0)
(-0.330515 -0.142791 6.15004e-19)
(-0.309057 -0.200185 4.40422e-19)
(0.111236 0.0960307 -2.67214e-19)
(0.103707 0.099782 -1.98179e-20)
(0.0951357 0.103944 -4.80613e-19)
(0.085324 0.108465 -8.73466e-19)
(0.0741022 0.113339 -2.29826e-22)
(0.0612286 0.11858 3.25904e-18)
(0.0463236 0.124229 0)
(0.0287404 0.130386 3.10364e-18)
(0.00726773 0.137238 -4.60232e-18)
(-0.0205366 0.145032 0)
(-0.056222 0.152509 0)
(-0.0981866 0.156958 -6.38089e-19)
(-0.144942 0.156653 -2.21542e-18)
(-0.197453 0.149232 -1.66384e-18)
(-0.255901 0.131146 1.74186e-18)
(-0.318986 0.0969817 -3.33794e-20)
(-0.382299 0.0393793 -9.03871e-20)
(-0.436307 -0.0483333 3.24768e-19)
(-0.465707 -0.164371 1.62431e-18)
(-0.452321 -0.286357 -9.2414e-19)
(0.114782 0.102573 -2.66709e-19)
(0.107035 0.106169 0)
(0.0982418 0.110183 0)
(0.0882123 0.11457 -5.28949e-20)
(0.0767876 0.119344 -7.2018e-20)
(0.0637368 0.124548 3.53567e-18)
(0.0486967 0.130274 1.78084e-18)
(0.0310369 0.136714 2.90794e-18)
(0.00955313 0.14423 -3.13094e-19)
(-0.0182284 0.153465 4.49698e-19)
(-0.0539529 0.163784 -3.0951e-22)
(-0.0963571 0.172933 -1.61284e-18)
(-0.144708 0.179624 -8.10963e-19)
(-0.201109 0.182438 -9.32419e-19)
(-0.268009 0.179199 0)
(-0.348601 0.165682 3.62391e-18)
(-0.446322 0.132084 2.67703e-18)
(-0.561871 0.0554167 1.35719e-18)
(-0.686241 -0.112702 6.63704e-18)
(-0.79079 -0.458291 -2.60072e-18)
(0.117961 0.108883 2.97992e-22)
(0.110037 0.112332 5.63456e-19)
(0.101057 0.116203 -5.28031e-19)
(0.0908518 0.120459 -5.32248e-20)
(0.0792689 0.125134 0)
(0.0660919 0.130301 1.85011e-18)
(0.050979 0.136101 1.85783e-18)
(0.0333246 0.142812 6.61879e-18)
(0.011956 0.150969 2.89233e-18)
(-0.0155652 0.161607 4.60108e-19)
(-0.0508161 0.174715 5.74373e-19)
(-0.092649 0.188593 -1.29095e-18)
(-0.140769 0.202577 3.55238e-19)
(-0.197681 0.21664 1.01699e-18)
(-0.266696 0.23153 -7.65906e-19)
(-0.353559 0.249898 0)
(-0.469829 0.278982 0)
(-0.639303 0.336422 -4.65464e-18)
(-0.907686 0.459784 -6.45251e-18)
(-1.35149 0.71671 8.873e-18)
(0.12081 0.114926 2.88705e-19)
(0.11275 0.118245 5.83988e-19)
(0.103627 0.121982 1.53635e-21)
(0.0932894 0.126117 -1.11708e-18)
(0.0815972 0.130702 -7.35766e-20)
(0.0683505 0.135837 -2.05104e-18)
(0.0532337 0.141707 0)
(0.0356763 0.148676 3.41314e-18)
(0.0145653 0.157441 0)
(-0.0124301 0.169408 5.67563e-18)
(-0.0466773 0.185198 5.87818e-19)
(-0.0869169 0.203687 7.28515e-19)
(-0.132901 0.224733 1.3336e-18)
(-0.186589 0.249365 2.15376e-18)
(-0.249654 0.279939 2.45009e-18)
(-0.323186 0.321102 0)
(-0.405984 0.380467 0)
(-0.489696 0.467677 0)
(-0.550009 0.590046 -1.43618e-19)
(-0.536691 0.744116 1.17843e-19)
(0.123345 0.120695 0)
(0.115185 0.123898 0)
(0.105951 0.12751 5.67985e-19)
(0.0955182 0.131532 -1.09989e-18)
(0.0837562 0.136032 -1.06575e-18)
(0.0704859 0.141134 -2.02618e-18)
(0.055421 0.147068 -1.21767e-19)
(0.0380356 0.154268 -1.51428e-19)
(0.0173024 0.163583 -3.76303e-19)
(-0.00893399 0.176751 6.09053e-18)
(-0.0416925 0.194968 -3.01185e-22)
(-0.0794016 0.21761 9.62452e-19)
(-0.121564 0.244801 1.15527e-19)
(-0.169084 0.277916 2.3801e-19)
(-0.221396 0.319105 2.67024e-18)
(-0.275526 0.371234 0)
(-0.324946 0.436759 3.79619e-19)
(-0.359395 0.515322 -4.32136e-18)
(-0.367806 0.601145 -4.79999e-18)
(-0.345863 0.68204 -5.11147e-18)
(0.125595 0.126187 0)
(0.117359 0.129288 -6.0426e-19)
(0.108045 0.132785 -1.81702e-20)
(0.0975484 0.136704 -1.17158e-18)
(0.0857517 0.141126 -1.09981e-18)
(0.0724982 0.146196 0)
(0.0575335 0.152182 0)
(0.0403855 0.159584 0)
(0.0201366 0.16938 4.02833e-18)
(-0.00513381 0.183591 4.73304e-19)
(-0.0359809 0.203901 0)
(-0.0703849 0.230063 2.86492e-18)
(-0.10748 0.262178 0)
(-0.147188 0.301369 -2.42294e-18)
(-0.187563 0.348565 -5.43396e-18)
(-0.224452 0.403916 -7.01967e-18)
(-0.252109 0.465807 -7.17628e-18)
(-0.265375 0.530116 -3.93596e-18)
(-0.262586 0.59078 3.47142e-18)
(-0.247603 0.641559 4.41238e-18)
(0.127587 0.131403 3.32638e-21)
(0.119292 0.134412 -1.2438e-18)
(0.109925 0.137807 -1.81141e-20)
(0.0993918 0.141635 -1.20443e-18)
(0.0875909 0.145986 0)
(0.0743888 0.151026 0)
(0.0595647 0.157055 0)
(0.0427105 0.164627 -1.51504e-19)
(0.0230371 0.174829 3.62581e-18)
(-0.00109139 0.189904 0)
(-0.0296826 0.211921 0)
(-0.0602063 0.240863 0)
(-0.0914641 0.276585 0)
(-0.122789 0.319652 1.93183e-18)
(-0.152003 0.369605 1.18166e-19)
(-0.175761 0.424423 -1.15209e-18)
(-0.19077 0.480466 -4.65116e-18)
(-0.195481 0.533255 -4.41864e-18)
(-0.191001 0.578961 -9.08119e-19)
(-0.180723 0.615582 0)
(0.129411 0.136501 -3.3359e-21)
(0.121068 0.139411 8.65268e-22)
(0.111668 0.142703 6.43618e-19)
(0.101119 0.146437 2.67802e-20)
(0.0893392 0.150712 7.32011e-20)
(0.076217 0.155709 2.29329e-18)
(0.0615692 0.161753 -1.20894e-19)
(0.0450603 0.169446 -4.26492e-18)
(0.0260461 0.179958 0)
(0.00321541 0.195692 4.68197e-19)
(-0.0228523 0.218992 5.89362e-19)
(-0.0491228 0.249932 0)
(-0.0741759 0.287971 0)
(-0.0971941 0.33309 3.36543e-18)
(-0.116592 0.383803 6.57834e-18)
(-0.130665 0.436883 2.77145e-18)
(-0.138411 0.487989 4.84371e-18)
(-0.140014 0.533096 -4.24986e-18)
(-0.136686 0.5699 -1.10239e-18)
(-0.129963 0.598582 3.55419e-18)
(0.131185 0.141818 -3.35123e-19)
(0.122794 0.144596 -6.88284e-22)
(0.113372 0.147759 6.42392e-19)
(0.102821 0.151368 0)
(0.0910781 0.155531 0)
(0.078057 0.160443 2.35837e-18)
(0.0636151 0.16645 2.30083e-18)
(0.0474971 0.17419 -4.25779e-18)
(0.0292164 0.18489 1.8481e-19)
(0.00781539 0.201051 8.53203e-18)
(-0.0155326 0.225187 -8.64691e-18)
(-0.0373487 0.257323 0)
(-0.0561256 0.296447 0)
(-0.0712015 0.342108 -2.83853e-18)
(-0.0819496 0.392389 3.15251e-18)
(-0.0884372 0.443854 0)
(-0.091577 0.492228 2.74988e-18)
(-0.0925699 0.533658 4.87865e-18)
(-0.0921736 0.565922 -1.19886e-18)
(-0.0898967 0.589849 -3.26905e-18)
(0.132936 0.147544 -2.65488e-23)
(0.124496 0.150143 -6.75915e-19)
(0.115056 0.153137 0)
(0.104512 0.156577 0)
(0.0928183 0.160578 0)
(0.0799153 0.165347 0)
(0.065705 0.171249 2.4879e-18)
(0.0500166 0.178948 4.79876e-18)
(0.0325285 0.189706 0)
(0.0126523 0.206054 8.46606e-18)
(-0.00785822 0.230561 1.87085e-19)
(-0.0251759 0.263084 6.82157e-19)
(-0.0378273 0.30212 -8.05405e-19)
(-0.0454184 0.346983 -8.5212e-19)
(-0.0482131 0.395922 -3.69319e-18)
(-0.0477434 0.446265 0)
(-0.0466198 0.494697 -2.31598e-18)
(-0.0474795 0.537483 -2.56006e-18)
(-0.0515739 0.57094 -1.37247e-18)
(-0.0569828 0.594045 -3.78483e-18)
(0.134631 0.153698 3.54446e-19)
(0.126147 0.156073 6.96114e-19)
(0.116696 0.158854 0)
(0.10617 0.162073 -5.18504e-20)
(0.094541 0.165856 -1.37431e-18)
(0.0817751 0.170421 0)
(0.0678226 0.176145 0)
(0.0525996 0.183709 -4.46392e-20)
(0.0359513 0.194383 3.56263e-19)
(0.0176616 0.210674 1.00246e-17)
(2.02402e-05 0.235091 9.27752e-18)
(-0.0129165 0.267222 4.79762e-18)
(-0.0197865 0.305071 0)
(-0.0204086 0.347826 3.44518e-18)
(-0.0155132 0.394248 -2.08111e-18)
(-0.00730742 0.443195 2.07597e-18)
(0.000449786 0.493818 0)
(0.00294182 0.54467 -1.42849e-18)
(-0.00448085 0.591446 2.72018e-20)
(-0.0228408 0.626086 -7.91044e-19)
(0.136228 0.160297 3.58591e-19)
(0.127714 0.162402 6.96698e-19)
(0.118263 0.16492 -6.68572e-19)
(0.10777 0.167864 5.13995e-20)
(0.0962229 0.17137 4.61024e-21)
(0.0836155 0.175662 0)
(0.0699479 0.181129 -2.67955e-18)
(0.0552217 0.188459 -4.84918e-18)
(0.0394473 0.198906 3.48416e-19)
(0.0227704 0.214895 9.51852e-18)
(0.00794601 0.23878 -5.19687e-19)
(-0.000874718 0.269798 5.71686e-18)
(-0.00249633 0.305461 6.54976e-18)
(0.00317508 0.34478 -1.53791e-18)
(0.0155294 0.386855 -9.20415e-22)
(0.032994 0.431829 4.24626e-18)
(0.052766 0.48208 0)
(0.0698922 0.5439 0)
(0.0751999 0.629683 -5.97109e-19)
(0.0545614 0.7615 -3.13971e-18)
(0.137679 0.167346 3.75906e-19)
(0.129159 0.169131 -7.19186e-19)
(0.119725 0.171324 -6.89351e-19)
(0.109284 0.173926 -1.41787e-18)
(0.0978406 0.177082 -3.86453e-21)
(0.0854157 0.181023 0)
(0.0720592 0.186144 -2.63762e-18)
(0.0578534 0.193125 5.21252e-18)
(0.0429657 0.203191 0)
(0.0278746 0.218638 0)
(0.0156906 0.2416 0)
(0.0105202 0.270917 0)
(0.0133391 0.303627 7.42206e-18)
(0.0241938 0.338433 -3.2242e-18)
(0.0428943 0.374161 0)
(0.0695072 0.41023 2.51689e-18)
(0.105658 0.446547 0)
(0.156776 0.482458 -1.65388e-18)
(0.235276 0.51459 9.01028e-19)
(0.364502 0.534507 -4.03826e-19)
(0.138912 0.174881 3.93494e-19)
(0.130409 0.176308 -7.60573e-19)
(0.121013 0.178122 7.46226e-19)
(0.110647 0.180327 -1.45869e-18)
(0.0993305 0.183071 -1.42535e-18)
(0.0871131 0.186593 0)
(0.0740922 0.191288 -2.17967e-19)
(0.0604257 0.197825 1.04851e-17)
(0.0464291 0.207373 -5.37294e-18)
(0.0328814 0.222065 0)
(0.0231691 0.243728 -4.65663e-19)
(0.0212133 0.270789 -5.29631e-19)
(0.0276562 0.299872 0)
(0.0423429 0.329315 -3.96305e-18)
(0.0650261 0.357457 0)
(0.0956739 0.382703 -1.13301e-18)
(0.134664 0.403147 -3.80621e-18)
(0.182067 0.415924 -1.526e-18)
(0.235474 0.417063 1.6432e-18)
(0.286774 0.402394 -1.76968e-19)
(0.139875 0.182905 8.10547e-19)
(0.131422 0.18394 1.84232e-20)
(0.1221 0.185333 8.00541e-19)
(0.111846 0.187093 9.5537e-20)
(0.100696 0.189373 6.5263e-20)
(0.0887299 0.192414 0)
(0.0760906 0.196609 -2.82942e-18)
(0.0630109 0.202602 5.28552e-18)
(0.0499491 0.211492 -5.80435e-19)
(0.0379564 0.225198 -1.17363e-17)
(0.0305947 0.24519 -1.20215e-17)
(0.03145 0.269481 0)
(0.0407031 0.294377 7.28117e-18)
(0.0577584 0.317937 1.02349e-18)
(0.0817764 0.338255 -3.49115e-18)
(0.111642 0.353532 0)
(0.145671 0.362067 -2.61495e-18)
(0.181141 0.362518 5.28193e-19)
(0.214214 0.354508 3.12083e-19)
(0.240997 0.339374 -8.21659e-19)
(0.14049 0.191413 4.17481e-19)
(0.132126 0.192021 1.78148e-20)
(0.122918 0.192951 -7.93125e-19)
(0.112818 0.194217 -1.64546e-18)
(0.10188 0.195976 -1.25926e-19)
(0.0902133 0.19847 -2.97686e-18)
(0.0780025 0.202084 1.49901e-20)
(0.0655537 0.207428 5.76807e-18)
(0.0534551 0.215509 -4.56506e-20)
(0.0429868 0.228 -2.30621e-17)
(0.0377659 0.245979 -2.43041e-17)
(0.040898 0.267096 -5.86858e-18)
(0.0519899 0.287505 1.46918e-17)
(0.069846 0.305221 -4.8976e-18)
(0.092897 0.318514 -4.33664e-18)
(0.119139 0.326123 6.71473e-19)
(0.146148 0.327441 7.00062e-22)
(0.17136 0.322777 -3.6481e-19)
(0.192664 0.313411 0)
(0.209058 0.301326 -7.00444e-19)
(0.140666 0.200391 0)
(0.132435 0.200534 8.00098e-19)
(0.123387 0.200957 -8.76887e-19)
(0.113489 0.20168 -1.59875e-18)
(0.102813 0.202861 0)
(0.0914972 0.20474 -2.90375e-18)
(0.0797624 0.207688 1.78623e-19)
(0.0679825 0.212273 5.91701e-18)
(0.0568565 0.219397 4.58287e-20)
(0.0478375 0.230456 -1.20264e-17)
(0.0444692 0.246132 -1.2635e-17)
(0.0492564 0.263814 -1.36577e-17)
(0.0611909 0.279725 7.34818e-18)
(0.0785063 0.292095 -7.21561e-18)
(0.0991282 0.299706 9.13279e-22)
(0.120797 0.302087 -2.7277e-18)
(0.141382 0.299599 3.88738e-19)
(0.159277 0.293317 2.62024e-19)
(0.17368 0.284712 0)
(0.18461 0.275242 0)
(0.140298 0.209808 -1.02255e-20)
(0.13225 0.20945 8.26662e-19)
(0.123414 0.209325 0)
(0.113772 0.209456 0)
(0.103415 0.210001 0)
(0.0925033 0.211196 0)
(0.0812912 0.213392 -2.91013e-18)
(0.0702116 0.21711 4.41499e-19)
(0.0600472 0.22313 1.2476e-17)
(0.05236 0.232564 -5.99166e-19)
(0.0504969 0.245724 -1.30419e-17)
(0.0562902 0.259871 -6.1974e-18)
(0.0681784 0.27153 0)
(0.0840054 0.279339 -7.7788e-18)
(0.101549 0.282696 -3.56892e-18)
(0.118794 0.281814 -1.2872e-18)
(0.134243 0.277556 8.78834e-19)
(0.147089 0.271115 -2.93683e-19)
(0.157181 0.263662 2.12759e-19)
(0.164821 0.256124 -6.51787e-20)
(0.13927 0.219615 -4.50931e-19)
(0.131459 0.218724 3.01532e-20)
(0.122893 0.218012 -8.14301e-19)
(0.113569 0.217504 -8.50002e-19)
(0.103591 0.217357 0)
(0.0931396 0.217801 -3.12136e-18)
(0.082497 0.219163 8.40904e-22)
(0.0721411 0.22191 -2.0547e-19)
(0.0629075 0.226695 1.2557e-17)
(0.0563994 0.234348 -5.43631e-19)
(0.05566 0.244864 -1.37393e-17)
(0.0618471 0.255535 -6.97383e-18)
(0.0729971 0.26337 -7.86875e-18)
(0.0867984 0.267498 -8.07477e-18)
(0.101188 0.267863 -3.89451e-18)
(0.114605 0.265086 -1.36774e-18)
(0.126133 0.260156 -5.51521e-19)
(0.135459 0.25409 -7.04721e-19)
(0.142694 0.247711 -4.95194e-19)
(0.148175 0.241586 -5.40802e-19)
(0.137453 0.229745 -4.64425e-19)
(0.129941 0.228292 0)
(0.121708 0.226957 -8.92625e-19)
(0.112767 0.225769 1.39289e-21)
(0.103235 0.22488 0)
(0.0933021 0.22451 -3.33987e-18)
(0.0832749 0.224962 0)
(0.0736584 0.226647 6.86369e-18)
(0.0653084 0.230086 6.85273e-18)
(0.0598038 0.235848 1.30478e-17)
(0.0598057 0.243685 -1.39402e-17)
(0.0658665 0.251073 -6.9258e-18)
(0.0758077 0.25562 -7.63001e-18)
(0.0873838 0.256906 -3.68615e-18)
(0.0988613 0.255263 6.35443e-19)
(0.109136 0.251466 -1.88685e-18)
(0.117707 0.246413 -1.54466e-18)
(0.12452 0.240874 2.23833e-19)
(0.12977 0.235395 -9.32318e-19)
(0.133755 0.230314 -4.61995e-19)
(0.134708 0.240104 -8.6514e-21)
(0.127561 0.238068 -2.57282e-20)
(0.119731 0.236082 -4.58905e-20)
(0.111245 0.234177 8.9751e-19)
(0.102228 0.232504 -1.93969e-18)
(0.0928759 0.231268 -2.33425e-19)
(0.0835099 0.230748 0)
(0.0746424 0.231294 1.32641e-17)
(0.0671186 0.233306 0)
(0.0624336 0.237123 1.31809e-17)
(0.0628235 0.242333 -1.30016e-17)
(0.0683594 0.246733 -7.36968e-18)
(0.0768307 0.248552 -7.85665e-18)
(0.0862172 0.247727 6.31331e-19)
(0.0951564 0.244786 -1.30815e-18)
(0.102914 0.240491 2.18747e-18)
(0.10925 0.235566 2.69194e-19)
(0.114228 0.230556 -1.06443e-18)
(0.118048 0.225804 -1.86365e-19)
(0.120952 0.221507 -2.87796e-20)
(0.130893 0.250571 -1.52257e-20)
(0.124179 0.247939 4.57317e-19)
(0.116828 0.245283 0)
(0.108874 0.242638 1.20665e-19)
(0.100445 0.240148 -3.60197e-18)
(0.0917387 0.238008 -2.09405e-19)
(0.0830796 0.236469 3.71076e-18)
(0.0749678 0.235824 7.06751e-18)
(0.0682101 0.236366 6.73001e-18)
(0.0641664 0.238239 3.71164e-19)
(0.064647 0.240951 6.42788e-18)
(0.069388 0.242718 -1.36475e-18)
(0.0763019 0.242344 -6.94469e-18)
(0.0836704 0.239996 4.00964e-18)
(0.0904676 0.236247 -3.88815e-18)
(0.0962296 0.231752 1.43881e-18)
(0.100865 0.227053 1.51486e-18)
(0.104475 0.222515 -1.32748e-19)
(0.107237 0.218342 8.43825e-19)
(0.109337 0.21464 -2.18118e-20)
(0.125859 0.260994 -4.05052e-22)
(0.119653 0.257765 5.13842e-19)
(0.112859 0.254432 -7.2083e-20)
(0.10552 0.251035 -1.07478e-19)
(0.097756 0.247713 -3.83228e-18)
(0.0897653 0.244648 -1.98816e-18)
(0.0818604 0.242067 3.51874e-18)
(0.0745121 0.24021 0)
(0.0684647 0.239277 7.10033e-18)
(0.0649043 0.239264 3.16695e-19)
(0.0652517 0.239678 6.15206e-18)
(0.06905 0.239187 6.80832e-18)
(0.0744419 0.237096 9.825e-19)
(0.0800235 0.23367 3.80272e-18)
(0.0850493 0.229437 -1.99936e-18)
(0.0892351 0.224906 1.21902e-18)
(0.0925628 0.220457 6.6781e-19)
(0.0951361 0.216319 -5.36659e-22)
(0.0970963 0.212603 4.05348e-19)
(0.0985855 0.209354 1.67461e-20)
(0.119466 0.271186 0)
(0.113845 0.26737 -5.04013e-19)
(0.107691 0.26337 -1.04901e-18)
(0.101051 0.259227 -9.22108e-20)
(0.0940356 0.255078 -2.00513e-18)
(0.0868338 0.251092 -3.83522e-18)
(0.0797341 0.247473 0)
(0.0731632 0.244418 0)
(0.0677819 0.242054 0)
(0.0645825 0.240262 5.21142e-19)
(0.0646494 0.238624 5.11147e-19)
(0.0674559 0.236254 -7.23912e-18)
(0.0714365 0.232847 -3.75543e-18)
(0.0754818 0.228674 3.10239e-19)
(0.0790604 0.224162 1.8874e-18)
(0.0819991 0.219678 3.42622e-18)
(0.0843102 0.215466 2.45215e-19)
(0.0860831 0.211657 -7.13713e-19)
(0.0874257 0.208298 -3.91837e-19)
(0.0884419 0.205397 0)
(0.111581 0.280919 -9.93022e-21)
(0.106624 0.276542 -5.14087e-19)
(0.101197 0.2719 -2.0127e-18)
(0.0953457 0.26704 0)
(0.0891684 0.262091 -1.01068e-19)
(0.0828349 0.257218 -1.99958e-18)
(0.0765977 0.252601 0)
(0.0708288 0.248404 1.80184e-19)
(0.0660862 0.244697 2.0126e-19)
(0.0631664 0.241289 0)
(0.0628763 0.237873 0)
(0.0647186 0.233987 -6.69504e-18)
(0.06744 0.229595 9.76457e-21)
(0.070189 0.224915 3.50247e-18)
(0.0725898 0.220254 1.78689e-18)
(0.0745351 0.215852 1.58252e-18)
(0.0760462 0.211849 0)
(0.0771925 0.208305 -8.29231e-19)
(0.0780517 0.205225 -8.56415e-19)
(0.078696 0.202587 -1.95806e-20)
(0.102092 0.289922 2.58673e-19)
(0.0978826 0.285024 5.22619e-19)
(0.0932743 0.279786 -9.83254e-19)
(0.0883064 0.27426 1.05895e-18)
(0.0830622 0.268572 0)
(0.077683 0.262879 0)
(0.0723746 0.257346 0)
(0.0674441 0.252107 1.39171e-19)
(0.063335 0.247195 1.54754e-19)
(0.0606559 0.242381 0)
(0.0599946 0.237485 0)
(0.0609509 0.232416 -6.3972e-18)
(0.0625779 0.227312 3.26347e-18)
(0.0642424 0.222301 2.85953e-18)
(0.0656821 0.217573 -1.70849e-18)
(0.066829 0.213263 0)
(0.0677019 0.209437 7.63634e-19)
(0.0683489 0.206103 -7.53111e-19)
(0.068821 0.203236 -6.98932e-19)
(0.0691652 0.200799 1.983e-19)
(0.0909139 0.297867 2.65164e-19)
(0.0875415 0.292506 4.97496e-19)
(0.0838505 0.28674 -2.84526e-20)
(0.0798705 0.28063 2.06496e-18)
(0.0756632 0.274298 5.59186e-20)
(0.0713332 0.267895 1.92366e-18)
(0.0670304 0.261574 -1.87354e-18)
(0.0629868 0.255449 0)
(0.0595284 0.249521 0)
(0.057089 0.243552 0)
(0.0560888 0.237493 6.76979e-18)
(0.0562637 0.231551 -6.77941e-18)
(0.0569539 0.225963 3.23242e-18)
(0.0577101 0.220755 -1.46616e-18)
(0.058356 0.216017 -3.10393e-18)
(0.0588487 0.211803 0)
(0.0591997 0.208123 -2.36544e-22)
(0.0594373 0.204953 -5.64934e-20)
(0.0595907 0.202246 -3.66196e-19)
(0.0596855 0.199957 9.54377e-21)
(0.0780022 0.30435 2.60437e-21)
(0.0755694 0.298603 9.00548e-21)
(0.0729088 0.292408 0)
(0.0700346 0.285832 1.02075e-18)
(0.0669801 0.278998 -9.95307e-19)
(0.063803 0.27205 9.68516e-19)
(0.060591 0.265128 -1.88573e-18)
(0.057492 0.258327 0)
(0.0547182 0.251626 0)
(0.0525461 0.244795 6.82098e-18)
(0.0512697 0.237904 1.32589e-17)
(0.0507756 0.231386 -3.39204e-18)
(0.0506667 0.225516 -8.66893e-20)
(0.0506528 0.220228 -1.56766e-18)
(0.0506271 0.215527 -2.30292e-18)
(0.0505639 0.211411 -7.54475e-19)
(0.0504676 0.207854 -3.45913e-19)
(0.0503505 0.204809 0)
(0.0502245 0.202221 1.80666e-19)
(0.0500996 0.200037 -1.73854e-19)
(0.0633742 0.308849 -2.7372e-19)
(0.0620091 0.302824 0)
(0.0605176 0.296337 0)
(0.0588888 0.289469 0)
(0.0571175 0.282341 -9.95703e-19)
(0.0552032 0.275084 -9.66744e-19)
(0.0531668 0.267818 1.89391e-18)
(0.0510703 0.260616 0)
(0.0490212 0.253443 0)
(0.0471599 0.246081 1.0463e-17)
(0.0456842 0.238709 6.77772e-18)
(0.0446278 0.231912 -3.27626e-18)
(0.0438297 0.225963 -3.17139e-18)
(0.0431404 0.220714 -1.52683e-18)
(0.042514 0.216109 -7.51693e-19)
(0.0419437 0.212107 -1.49152e-18)
(0.0414319 0.208659 3.74812e-19)
(0.0409807 0.205712 0)
(0.0405886 0.20321 1.79701e-19)
(0.0402517 0.201096 5.07898e-22)
(0.0471444 0.310644 -1.36157e-19)
(0.04703 0.304497 4.28972e-21)
(0.046895 0.297935 -1.51056e-20)
(0.0466845 0.291046 -4.19122e-20)
(0.0463376 0.283935 -2.60883e-20)
(0.0457876 0.276705 3.0664e-20)
(0.0449895 0.269442 1.89498e-18)
(0.0439314 0.262186 -1.87565e-18)
(0.0426337 0.254892 0)
(0.0411263 0.247368 3.51091e-18)
(0.0395313 0.239885 8.36382e-20)
(0.0380111 0.233122 4.89449e-20)
(0.036608 0.22732 0)
(0.0352963 0.222266 -1.56151e-18)
(0.0340891 0.217854 0)
(0.0330055 0.214016 -7.51205e-19)
(0.032056 0.210696 3.69479e-19)
(0.0312406 0.207842 0)
(0.0305508 0.205402 0)
(0.0299737 0.203329 8.74563e-20)
(0.0296076 0.308569 6.71447e-20)
(0.0310712 0.302606 -1.05353e-20)
(0.0325742 0.296391 -1.79248e-20)
(0.0339841 0.289964 1.24107e-22)
(0.0351726 0.283366 3.11807e-20)
(0.0360232 0.276641 4.82779e-19)
(0.0364516 0.269823 4.30665e-19)
(0.0364033 0.262923 -1.96883e-18)
(0.0358416 0.255899 -9.7934e-19)
(0.0347142 0.248604 8.31938e-20)
(0.0330809 0.241393 1.7622e-18)
(0.0311983 0.235 0)
(0.0292666 0.229623 8.01317e-19)
(0.0273609 0.224996 0)
(0.0255484 0.22097 0)
(0.0238816 0.217449 0)
(0.022394 0.214366 6.01894e-19)
(0.0210995 0.211669 -9.80293e-23)
(0.0199967 0.209316 6.19496e-20)
(0.0190726 0.207272 8.58285e-20)
(0.011593 0.299837 -6.13279e-20)
(0.0154331 0.295458 -1.06508e-20)
(0.0189248 0.290758 -1.69612e-20)
(0.0220037 0.285737 2.26123e-20)
(0.0246059 0.280407 2.7414e-20)
(0.0266665 0.274788 4.78598e-19)
(0.0281273 0.26891 4.68571e-19)
(0.0289325 0.262791 0)
(0.029015 0.256423 -9.3057e-19)
(0.0282645 0.24973 -3.55511e-20)
(0.0266857 0.243159 1.69532e-18)
(0.0245862 0.237477 0)
(0.0222673 0.232844 8.63319e-19)
(0.0198635 0.228979 4.43791e-20)
(0.0174654 0.225705 0)
(0.0151393 0.222898 0)
(0.0129347 0.220468 1.91554e-19)
(0.0108873 0.218346 0)
(0.00902038 0.216481 9.39493e-20)
(0.00734595 0.214834 0)
(0.00186563 0.285583 0)
(0.00559975 0.283872 0)
(0.00927863 0.281602 0)
(0.0127742 0.278748 0)
(0.0159537 0.275306 -1.35736e-32)
(0.0186882 0.271301 1.33762e-32)
(0.0208596 0.266772 0)
(0.0223582 0.261769 0)
(0.0230669 0.256329 0)
(0.0228287 0.250457 0)
(0.0215855 0.244669 0)
(0.0196367 0.239764 0)
(0.0173636 0.235901 0)
(0.0149502 0.232823 0)
(0.0124992 0.230363 0)
(0.0100697 0.228395 0)
(0.00769479 0.226828 0)
(0.00539186 0.225587 0)
(0.0031712 0.224613 0)
(0.00104124 0.223857 0)
(0.000981837 0.274217 0)
(0.00309716 0.27388 0)
(0.00548258 0.273108 0)
(0.00805116 0.27181 0)
(0.0106765 0.26991 0)
(0.0131974 0.267364 0)
(0.0154315 0.264161 0)
(0.0171875 0.260319 0)
(0.0182654 0.255879 0)
(0.0184341 0.250887 0)
(0.0175631 0.245876 0)
(0.0159121 0.241659 0)
(0.0138872 0.238417 0)
(0.0117149 0.235937 0)
(0.00952891 0.234068 0)
(0.00741624 0.232695 0)
(0.00543663 0.231729 0)
(0.00363157 0.231094 0)
(0.00202792 0.230726 0)
(0.000639478 0.230567 0)
(0.000641203 0.267735 0)
(0.00204027 0.26759 0)
(0.00366954 0.267219 0)
(0.00550927 0.266527 0)
(0.0075051 0.265412 0)
(0.00955631 0.263777 0)
(0.0115143 0.261545 0)
(0.0131889 0.258676 0)
(0.0143529 0.255167 0)
(0.014735 0.251054 0)
(0.014147 0.246837 0)
(0.0127911 0.243298 0)
(0.011063 0.240633 0)
(0.00920705 0.238664 0)
(0.00736872 0.237251 0)
(0.00563722 0.236275 0)
(0.00406485 0.235638 0)
(0.00267708 0.235254 0)
(0.00147955 0.235052 0)
(0.000463995 0.234973 0)
(0.000453954 0.26336 0)
(0.00144764 0.263275 0)
(0.00261745 0.263055 0)
(0.00396494 0.26263 0)
(0.00547004 0.261917 0)
(0.00707779 0.260818 0)
(0.0086869 0.259241 0)
(0.0101432 0.257107 0)
(0.0112369 0.254377 0)
(0.0116977 0.251059 0)
(0.011311 0.247586 0)
(0.0102231 0.244669 0)
(0.00879344 0.242506 0)
(0.00725934 0.240949 0)
(0.00575872 0.239866 0)
(0.00436922 0.239146 0)
(0.00312911 0.238691 0)
(0.00205067 0.238426 0)
(0.00112985 0.23829 0)
(0.000353788 0.238238 0)
(0.000333936 0.260213 0)
(0.00106578 0.260157 0)
(0.00193189 0.260011 0)
(0.00293976 0.259726 0)
(0.00408291 0.259238 0)
(0.00533135 0.258467 0)
(0.00661842 0.257326 0)
(0.00782809 0.25573 0)
(0.00878497 0.253618 0)
(0.00924546 0.250977 0)
(0.00899571 0.24816 0)
(0.0081364 0.245788 0)
(0.00697798 0.244046 0)
(0.00573466 0.242814 0)
(0.00452777 0.241973 0)
(0.00342114 0.241425 0)
(0.00244246 0.241084 0)
(0.00159743 0.240888 0)
(0.000879352 0.240789 0)
(0.000275339 0.240751 0)
(0.000251309 0.257874 0)
(0.000802478 0.257835 0)
(0.00145631 0.257732 0)
(0.00222098 0.25753 0)
(0.00309592 0.257181 0)
(0.00406423 0.256623 0)
(0.00508151 0.255781 0)
(0.00606234 0.254576 0)
(0.00686662 0.252943 0)
(0.00728714 0.250857 0)
(0.00712786 0.248596 0)
(0.00645588 0.246686 0)
(0.0055299 0.245292 0)
(0.00453434 0.244314 0)
(0.00357175 0.243655 0)
(0.00269361 0.243229 0)
(0.00192043 0.242967 0)
(0.00125487 0.242817 0)
(0.000690268 0.242741 0)
(0.000215995 0.242712 0)
(0.000191573 0.256106 0)
(0.000612253 0.256077 0)
(0.00111209 0.256002 0)
(0.00169813 0.255854 0)
(0.00237216 0.255597 0)
(0.00312429 0.255182 0)
(0.00392422 0.25455 0)
(0.00470911 0.253632 0)
(0.00536921 0.252369 0)
(0.00573412 0.250727 0)
(0.00563337 0.248927 0)
(0.00511069 0.247399 0)
(0.00437649 0.246287 0)
(0.00358472 0.245511 0)
(0.00282019 0.244991 0)
(0.00212448 0.244657 0)
(0.00151341 0.244452 0)
(0.000988446 0.244335 0)
(0.000543742 0.244276 0)
(0.000170218 0.244253 0)
(0.0001479 0.254752 0)
(0.000471767 0.254731 0)
(0.000856023 0.254674 0)
(0.00130765 0.254564 0)
(0.00182919 0.25437 0)
(0.00241466 0.254057 0)
(0.00304278 0.253576 0)
(0.00366665 0.252873 0)
(0.0042007 0.251893 0)
(0.00450764 0.250604 0)
(0.00444427 0.249177 0)
(0.00403875 0.247961 0)
(0.00345965 0.247076 0)
(0.00283301 0.24646 0)
(0.00222792 0.246049 0)
(0.0016777 0.245786 0)
(0.00119476 0.245624 0)
(0.000780004 0.245532 0)
(0.000428685 0.245486 0)
(0.000134034 0.245468 0)
(0.000114242 0.253708 0)
(0.000364875 0.253692 0)
(0.000662693 0.253649 0)
(0.00101285 0.253564 0)
(0.00141791 0.253417 0)
(0.0018744 0.253178 0)
(0.00236714 0.25281 0)
(0.00286071 0.252267 0)
(0.00328858 0.251505 0)
(0.00354145 0.250495 0)
(0.00350164 0.249367 0)
(0.00318706 0.248402 0)
(0.00273149 0.247699 0)
(0.00223671 0.247212 0)
(0.00175851 0.246886 0)
(0.00132378 0.246677 0)
(0.00094246 0.24655 0)
(0.000615289 0.246477 0)
(0.000338399 0.24644 0)
(0.000105931 0.246426 0)
(8.86696e-05 0.252898 0)
(0.000282821 0.252885 0)
(0.000513531 0.252853 0)
(0.000785597 0.252788 0)
(0.0011013 0.252675 0)
(0.00145831 0.252491 0)
(0.00184522 0.252207 0)
(0.00223493 0.251786 0)
(0.00257574 0.251193 0)
(0.00278135 0.250401 0)
(0.00275645 0.249511 0)
(0.00251243 0.248748 0)
(0.00215476 0.248191 0)
(0.00176488 0.247805 0)
(0.00138755 0.247547 0)
(0.00104436 0.247382 0)
(0.00074334 0.247281 0)
(0.000485091 0.247224 0)
(0.000266565 0.247195 0)
(8.33541e-05 0.247183 0)
(6.89264e-05 0.252267 0)
(0.000220177 0.252258 0)
(0.000400128 0.252232 0)
(0.000612276 0.252182 0)
(0.000858689 0.252095 0)
(0.00113786 0.251953 0)
(0.00144124 0.251733 0)
(0.00174809 0.251407 0)
(0.00201832 0.250943 0)
(0.00218394 0.250322 0)
(0.00216839 0.249622 0)
(0.00197883 0.249019 0)
(0.00169804 0.248579 0)
(0.00139089 0.248273 0)
(0.00109331 0.248069 0)
(0.000822694 0.247938 0)
(0.000585505 0.247858 0)
(0.000382182 0.247813 0)
(0.000210233 0.24779 0)
(6.58388e-05 0.247781 0)
(5.36625e-05 0.251776 0)
(0.000171222 0.251769 0)
(0.000311236 0.251749 0)
(0.000476927 0.25171 0)
(0.000669829 0.251643 0)
(0.000888653 0.251533 0)
(0.0011268 0.251362 0)
(0.00136832 0.251107 0)
(0.00158206 0.250745 0)
(0.00171461 0.250258 0)
(0.00170492 0.249707 0)
(0.0015574 0.249231 0)
(0.001337 0.248883 0)
(0.00109525 0.248641 0)
(0.00086084 0.24848 0)
(0.000647679 0.248377 0)
(0.00046088 0.248314 0)
(0.000300789 0.248278 0)
(0.000165441 0.24826 0)
(5.1809e-05 0.248253 0)
(4.19657e-05 0.251392 0)
(0.000134061 0.251386 0)
(0.000243776 0.251371 0)
(0.000373395 0.251341 0)
(0.000524211 0.251289 0)
(0.000695391 0.251203 0)
(0.000881993 0.25107 0)
(0.00107174 0.250871 0)
(0.00124033 0.250588 0)
(0.00134583 0.250206 0)
(0.00133968 0.249772 0)
(0.00122464 0.249396 0)
(0.00105166 0.249122 0)
(0.000861672 0.248931 0)
(0.000677442 0.248804 0)
(0.000509927 0.248722 0)
(0.000363102 0.248673 0)
(0.000237193 0.248645 0)
(0.000130645 0.248631 0)
(4.09746e-05 0.248625 0)
(3.26317e-05 0.251092 0)
(0.000104569 0.251088 0)
(0.000190625 0.251076 0)
(0.000292277 0.251053 0)
(0.000410461 0.251012 0)
(0.000544551 0.250945 0)
(0.000690781 0.250841 0)
(0.000839678 0.250686 0)
(0.00097235 0.250464 0)
(0.00105592 0.250163 0)
(0.00105196 0.249822 0)
(0.000962198 0.249526 0)
(0.000826655 0.249309 0)
(0.000677603 0.249159 0)
(0.000532957 0.249059 0)
(0.000401323 0.248995 0)
(0.000285855 0.248956 0)
(0.000186795 0.248934 0)
(0.000102967 0.248923 0)
(3.23297e-05 0.248918 0)
(2.57167e-05 0.250858 0)
(8.22677e-05 0.250855 0)
(0.000149687 0.250845 0)
(0.000229196 0.250827 0)
(0.000321596 0.250795 0)
(0.000426465 0.250743 0)
(0.000540921 0.250662 0)
(0.000657639 0.25054 0)
(0.000761904 0.250365 0)
(0.000827932 0.250129 0)
(0.000825387 0.249861 0)
(0.000755437 0.249627 0)
(0.000649458 0.249457 0)
(0.000532769 0.249338 0)
(0.000419396 0.249259 0)
(0.000316078 0.249209 0)
(0.000225297 0.249178 0)
(0.000147255 0.24916 0)
(8.10628e-05 0.249151 0)
(2.53886e-05 0.249148 0)
(2.01364e-05 0.250675 0)
(6.45398e-05 0.250673 0)
(0.000117505 0.250666 0)
(0.000179785 0.250651 0)
(0.000252016 0.250626 0)
(0.000333931 0.250585 0)
(0.000423387 0.250521 0)
(0.000514772 0.250425 0)
(0.000596611 0.250288 0)
(0.000648646 0.250103 0)
(0.000647 0.249891 0)
(0.000592481 0.249707 0)
(0.000509588 0.249573 0)
(0.000418118 0.249479 0)
(0.000329092 0.249416 0)
(0.000247876 0.249376 0)
(0.000176513 0.249352 0)
(0.000115233 0.249337 0)
(6.33643e-05 0.24933 0)
(1.98317e-05 0.249328 0)
(1.58142e-05 0.250533 0)
(5.05033e-05 0.250531 0)
(9.17402e-05 0.250525 0)
(0.000140315 0.250514 0)
(0.000196734 0.250494 0)
(0.000260797 0.250461 0)
(0.000330849 0.250411 0)
(0.000402486 0.250336 0)
(0.000466676 0.250228 0)
(0.000507533 0.250082 0)
(0.000506384 0.249915 0)
(0.000463827 0.24977 0)
(0.000398993 0.249663 0)
(0.000327405 0.249589 0)
(0.000257739 0.249539 0)
(0.000194195 0.249507 0)
(0.000138319 0.249487 0)
(9.02469e-05 0.249476 0)
(4.94458e-05 0.249471 0)
(1.53861e-05 0.249469 0)
(1.24272e-05 0.250421 0)
(3.95723e-05 0.25042 0)
(7.16847e-05 0.250415 0)
(0.000109472 0.250406 0)
(0.000153412 0.25039 0)
(0.000203416 0.250365 0)
(0.000258186 0.250325 0)
(0.000314196 0.250266 0)
(0.000364304 0.250181 0)
(0.000396127 0.250066 0)
(0.000395143 0.249934 0)
(0.000361797 0.249819 0)
(0.000311024 0.249734 0)
(0.000255001 0.249675 0)
(0.000200544 0.249635 0)
(0.00015095 0.24961 0)
(0.000107447 0.249595 0)
(7.01535e-05 0.249586 0)
(3.86413e-05 0.249582 0)
(1.2128e-05 0.24958 0)
(9.4797e-06 0.250335 0)
(3.03923e-05 0.250333 0)
(5.54026e-05 0.25033 0)
(8.49368e-05 0.250323 0)
(0.000119325 0.25031 0)
(0.000158424 0.25029 0)
(0.000201119 0.250259 0)
(0.000244586 0.250212 0)
(0.000283303 0.250145 0)
(0.000307787 0.250053 0)
(0.000306835 0.249948 0)
(0.000280811 0.249857 0)
(0.000241394 0.249789 0)
(0.000198089 0.249743 0)
(0.000156111 0.249711 0)
(0.000117874 0.249692 0)
(8.42066e-05 0.24968 0)
(5.51503e-05 0.249673 0)
(3.04035e-05 0.24967 0)
(9.52882e-06 0.249668 0)
(7.40552e-06 0.250267 0)
(2.35967e-05 0.250266 0)
(4.28771e-05 0.250263 0)
(6.57631e-05 0.250258 0)
(9.24763e-05 0.250248 0)
(0.000122797 0.250232 0)
(0.000155737 0.250208 0)
(0.000189075 0.25017 0)
(0.000218652 0.250117 0)
(0.000237304 0.250043 0)
(0.000236437 0.249959 0)
(0.000216337 0.249886 0)
(0.000186039 0.249833 0)
(0.000152812 0.249796 0)
(0.00012057 0.249771 0)
(9.11371e-05 0.249756 0)
(6.51981e-05 0.249746 0)
(4.28548e-05 0.249741 0)
(2.39071e-05 0.249738 0)
(7.62209e-06 0.249737 0)
(5.47862e-06 0.250216 0)
(1.80148e-05 0.250215 0)
(3.33722e-05 0.250213 0)
(5.12964e-05 0.250208 0)
(7.18655e-05 0.250201 0)
(9.48816e-05 0.250188 0)
(0.000119639 0.250168 0)
(0.000144593 0.250138 0)
(0.000166766 0.250094 0)
(0.000180814 0.250035 0)
(0.000180181 0.249968 0)
(0.000165074 0.249909 0)
(0.000142334 0.249867 0)
(0.000117347 0.249837 0)
(9.29403e-05 0.249817 0)
(7.04409e-05 0.249804 0)
(5.04041e-05 0.249797 0)
(3.29852e-05 0.249792 0)
(1.81106e-05 0.24979 0)
(5.6446e-06 0.249789 0)
(4.30798e-06 0.250177 0)
(1.38838e-05 0.250176 0)
(2.53907e-05 0.250175 0)
(3.88697e-05 0.250171 0)
(5.42929e-05 0.250165 0)
(7.14267e-05 0.250154 0)
(8.97377e-05 0.250138 0)
(0.000108163 0.250113 0)
(0.000124603 0.250077 0)
(0.00013512 0.250029 0)
(0.000134797 0.249974 0)
(0.000123728 0.249927 0)
(0.000106872 0.249892 0)
(8.80903e-05 0.249868 0)
(6.95026e-05 0.249851 0)
(5.22786e-05 0.24984 0)
(3.70414e-05 0.249834 0)
(2.40153e-05 0.24983 0)
(1.31243e-05 0.249827 0)
(4.09394e-06 0.249827 0)
(3.18755e-06 0.250149 0)
(1.05605e-05 0.250148 0)
(1.9446e-05 0.250147 0)
(2.9374e-05 0.250144 0)
(4.03652e-05 0.250138 0)
(5.23811e-05 0.250129 0)
(6.52066e-05 0.250115 0)
(7.82247e-05 0.250094 0)
(8.99927e-05 0.250065 0)
(9.76523e-05 0.250025 0)
(9.76028e-05 0.249979 0)
(8.98003e-05 0.249939 0)
(7.76419e-05 0.24991 0)
(6.3827e-05 0.24989 0)
(4.99829e-05 0.249876 0)
(3.71415e-05 0.249866 0)
(2.58911e-05 0.249861 0)
(1.64268e-05 0.249857 0)
(8.65071e-06 0.249855 0)
(2.57931e-06 0.249855 0)
(2.2611e-06 0.250129 0)
(7.23731e-06 0.250129 0)
(1.30817e-05 0.250127 0)
(1.9742e-05 0.250125 0)
(2.71743e-05 0.25012 0)
(3.52987e-05 0.250112 0)
(4.39596e-05 0.2501 0)
(5.2765e-05 0.250082 0)
(6.07637e-05 0.250056 0)
(6.60272e-05 0.250022 0)
(6.60911e-05 0.249982 0)
(6.07986e-05 0.249948 0)
(5.23061e-05 0.249923 0)
(4.24872e-05 0.249905 0)
(3.26699e-05 0.249893 0)
(2.37805e-05 0.249885 0)
(1.63062e-05 0.24988 0)
(1.03196e-05 0.249877 0)
(5.62207e-06 0.249876 0)
(1.77985e-06 0.249875 0)
(1.43901e-06 0.250117 0)
(4.59086e-06 0.250116 0)
(8.13669e-06 0.250115 0)
(1.19481e-05 0.250112 0)
(1.60849e-05 0.250108 0)
(2.06006e-05 0.250101 0)
(2.54793e-05 0.25009 0)
(3.052e-05 0.250074 0)
(3.51562e-05 0.250051 0)
(3.82422e-05 0.25002 0)
(3.83076e-05 0.249984 0)
(3.5169e-05 0.249953 0)
(3.00279e-05 0.249931 0)
(2.40645e-05 0.249915 0)
(1.81995e-05 0.249904 0)
(1.30554e-05 0.249897 0)
(8.89934e-06 0.249893 0)
(5.70157e-06 0.249891 0)
(3.2728e-06 0.24989 0)
(1.11091e-06 0.24989 0)
(4.55501e-07 0.250111 0)
(1.44405e-06 0.250111 0)
(2.57994e-06 0.250109 0)
(3.84601e-06 0.250107 0)
(5.22885e-06 0.250102 0)
(6.72635e-06 0.250096 0)
(8.33289e-06 0.250085 0)
(9.99138e-06 0.25007 0)
(1.15205e-05 0.250048 0)
(1.25416e-05 0.250019 0)
(1.2554e-05 0.249985 0)
(1.14625e-05 0.249956 0)
(9.65962e-06 0.249934 0)
(7.59147e-06 0.24992 0)
(5.62803e-06 0.24991 0)
(4.00296e-06 0.249904 0)
(2.78983e-06 0.249901 0)
(1.94578e-06 0.249899 0)
(1.38036e-06 0.249898 0)
(5.77552e-07 0.249898 0)
(-0.0230005 0.837244 3.89019e-23)
(-0.0426161 0.613916 -3.13747e-18)
(-0.0440157 0.64006 -3.21878e-18)
(-0.0687883 0.660974 0)
(-0.109577 0.681843 0)
(-0.163454 0.70749 4.37856e-18)
(-0.229206 0.745663 -4.94708e-18)
(-0.301471 0.814939 -5.65003e-18)
(-0.34388 0.978098 -3.77451e-20)
(-0.179401 1.80708 1.03512e-17)
(-0.01315 0.947875 2.22062e-23)
(-0.0432135 0.639395 -6.64181e-18)
(-0.0760721 0.66919 0)
(-0.111406 0.701426 0)
(-0.148218 0.739592 3.31555e-20)
(-0.18367 0.788627 -9.46182e-21)
(-0.21113 0.855487 -5.36054e-18)
(-0.216686 0.948071 -2.39407e-20)
(-0.178542 1.06237 -1.98591e-20)
(-0.0738675 1.45898 0)
(-0.0121363 1.01867 -5.21435e-18)
(-0.0401793 0.720256 -3.76269e-18)
(-0.0693271 0.751951 0)
(-0.0965384 0.787538 -4.61496e-18)
(-0.119578 0.828835 -5.40647e-20)
(-0.134837 0.877354 -5.25491e-18)
(-0.137242 0.932681 5.68464e-18)
(-0.121578 0.989211 -2.74285e-20)
(-0.0873881 1.03163 -9.96174e-21)
(-0.0334424 1.30524 0)
(-0.00896469 1.0794 -8.36415e-18)
(-0.0307791 0.796631 0)
(-0.0529425 0.825472 2.34094e-18)
(-0.0706471 0.857018 -7.33278e-18)
(-0.0822864 0.891119 1.90675e-20)
(-0.0860749 0.926616 2.78325e-18)
(-0.0806934 0.960504 8.48503e-18)
(-0.066555 0.987589 -7.68223e-21)
(-0.0472042 1.00206 -2.89581e-21)
(-0.0186336 1.22584 -3.59858e-18)
(-0.00469109 1.12004 -2.9555e-18)
(-0.0186229 0.858756 0)
(-0.0339281 0.881126 -7.73709e-20)
(-0.0446669 0.90446 -2.57404e-18)
(-0.050292 0.927824 -2.4281e-20)
(-0.0505715 0.949735 5.5687e-18)
(-0.0459506 0.968122 5.7181e-18)
(-0.0378949 0.980859 2.93542e-18)
(-0.0288054 0.986978 -3.58915e-21)
(-0.0122943 1.17638 7.87274e-20)
(-0.000746995 1.13751 0)
(-0.00770623 0.903734 2.59675e-18)
(-0.0179779 0.918955 -5.27894e-18)
(-0.0247873 0.934157 -6.57848e-21)
(-0.0281992 0.948494 -7.33678e-21)
(-0.0285468 0.961063 2.816e-18)
(-0.0265257 0.970971 2.86549e-18)
(-0.0231852 0.977655 -7.27171e-20)
(-0.0197094 0.98129 -3.00136e-18)
(-0.00914383 1.14096 6.89922e-18)
(0.00203072 1.13558 0)
(-2.66691e-05 0.934119 2.66716e-18)
(-0.00711071 0.943538 -2.73171e-18)
(-0.0119633 0.952701 -3.82166e-21)
(-0.0147997 0.961068 8.25767e-23)
(-0.0159777 0.968224 9.56798e-21)
(-0.0159889 0.973862 4.7827e-21)
(-0.0154028 0.977898 -2.96008e-18)
(-0.0147604 0.980572 -2.98815e-18)
(-0.00734303 1.11313 6.87238e-18)
(0.00355307 1.1211 -3.3852e-18)
(0.00437343 0.954253 -4.66651e-23)
(-0.000787041 0.959726 -4.7756e-22)
(-0.00463002 0.96503 0)
(-0.00732335 0.969863 0)
(-0.00910508 0.97405 0)
(-0.0102549 0.977487 0)
(-0.0110565 0.980185 -3.09686e-18)
(-0.0117616 0.982293 3.11924e-18)
(-0.00616104 1.09002 3.39882e-18)
(0.0041095 1.10049 -6.74576e-18)
(0.00632328 0.967893 -3.02125e-18)
(0.00235904 0.970942 0)
(-0.000853235 0.973953 -1.43997e-21)
(-0.00340925 0.976762 -1.99783e-21)
(-0.00543567 0.979292 0)
(-0.00707499 0.981499 -1.36112e-21)
(-0.00846608 0.983399 -3.10467e-18)
(-0.00973159 0.985075 3.12512e-18)
(-0.00527824 1.07026 0)
(0.00404439 1.07836 -6.80272e-18)
(0.00672031 0.977583 -1.48447e-18)
(0.00356144 0.979202 0)
(0.000832084 0.980865 0)
(-0.00151054 0.982487 1.67792e-21)
(-0.0035208 0.984029 1.60691e-18)
(-0.00526399 0.985472 2.47284e-21)
(-0.00680667 0.986822 -1.61838e-18)
(-0.0082088 0.988136 0)
(-0.00454712 1.05317 0)
(0.00362018 1.05752 -1.64986e-18)
(0.00621161 0.984838 1.57802e-18)
(0.00363296 0.985602 0)
(0.0013117 0.986441 0)
(-0.000761323 0.987313 0)
(-0.00260098 0.988201 -3.01923e-20)
(-0.00423211 0.989101 0)
(-0.00567991 0.990023 -1.62405e-18)
(-0.00697118 0.99101 -1.22381e-21)
(-0.00389576 1.03839 -1.73635e-18)
(0.00299741 1.03951 1.70262e-18)
(0.00517861 0.990523 -1.3803e-23)
(0.00302355 0.990733 -1.66045e-18)
(0.00104647 0.991008 -1.66396e-18)
(-0.000739825 0.991336 0)
(-0.00232941 0.991719 -1.64482e-18)
(-0.00372373 0.992168 0)
(-0.00492807 0.992707 0)
(-0.00594856 0.993376 0)
(-0.00330694 1.02571 -1.7149e-18)
(0.00223369 1.02527 1.74148e-18)
(0.003754 0.995219 -1.69127e-18)
(0.00188053 0.994975 -1.66799e-18)
(0.000176213 0.994755 -8.23569e-19)
(-0.00132984 0.994582 0)
(-0.00262461 0.994484 1.9127e-21)
(-0.00369606 0.994487 3.14768e-21)
(-0.00453937 0.994621 -8.48979e-19)
(-0.00515125 0.994931 -8.50579e-19)
(-0.00279082 1.01491 8.68583e-19)
(0.00127771 1.01565 1.72547e-18)
(0.00179433 0.999488 -1.6989e-18)
(2.08795e-05 0.998622 1.50038e-21)
(-0.00147137 0.997781 8.51326e-19)
(-0.00268251 0.997037 8.58261e-19)
(-0.00362765 0.996415 0)
(-0.00430855 0.995919 -8.5798e-19)
(-0.00470513 0.995547 -1.70884e-18)
(-0.00476411 0.995329 6.73515e-21)
(-0.00243233 1.00559 1.72713e-18)
(-0.000287817 1.01264 4.38169e-19)
(-0.00154751 1.00381 5.78026e-22)
(-0.00322483 1.00156 4.34282e-19)
(-0.00428637 0.999875 -4.3507e-19)
(-0.00501035 0.998565 8.57455e-19)
(-0.00552438 0.997491 4.31912e-19)
(-0.00584938 0.996525 -1.29019e-18)
(-0.00591036 0.995527 -1.28918e-18)
(-0.00546465 0.994309 8.57203e-19)
(-0.00262527 0.996429 1.29048e-18)
(0.00254775 1.0067 4.3554e-19)
(0.00674394 1.00339 -6.72261e-23)
(0.00900387 1.00191 4.32758e-19)
(0.0102232 1.00087 -4.31952e-19)
(0.0106688 1.0001 1.02474e-21)
(0.0104747 0.999464 4.32338e-19)
(0.00967744 0.99885 -4.32129e-19)
(0.00820552 0.998126 -4.3189e-19)
(0.00580454 0.997078 -1.79025e-22)
(0.00221471 0.995961 4.31187e-19)
)
;

boundaryField
{
    wall-4
    {
        type            noSlip;
    }
    pressure-outlet-7
    {
        type            zeroGradient;
    }
    velocity-inlet-6
    {
        type            fixedValue;
        value           uniform (0 1 0);
    }
    velocity-inlet-5
    {
        type            fixedValue;
        value           uniform (0 0 0);
    }
    frontAndBackPlanes
    {
        type            empty;
    }
}


// ************************************************************************* //
