   0.045539256718726488227   -0.015189730243380050734
   0.062253585952452200614   -0.088177641149693009037
    0.02141965358584171919   -0.031246044268480530071
   0.047091645583087420046   -0.096524850929400357602
   0.087448636855673347879   -0.089871563059218034786
   0.014791717759702222371   -0.029551838864363660919
   0.093362195647024637246   -0.050953963003565541645
   0.090005261818880799574   -0.061670488240975186722
   0.032395805806105869296   -0.097600320632383386066
   0.034808304456439009833   -0.042391990843411532508
   0.086054465913239161501   -0.017749564171652104649
  0.0044166250174942521187    -0.06914909275674685496
   0.011988323234016230387   -0.086428533814115707234
   0.018903394285078811698   -0.053513707990531678149
   0.076888952719461611807   -0.059383498718674994354
   0.069248556797042754019   -0.045014160706202580031
   0.050308039109366035901  -0.0077454883175648164828
  0.0085931920952131927299   -0.040458617331673676909
   0.085036244143283118424   -0.051283535385170740672
   0.041310955836116783346   -0.015043364798204672539
   0.077924782586248964034   -0.047489189518377744603
   0.089006974729246915445    -0.09963338002545452099
   0.080532253058875111207   -0.051855318318985085813
   0.073224368865240543891   -0.049887767969578403204
   0.078519096774290836338   -0.092455439685124651827
   0.091253879150028291423    -0.01208665553111892832
   0.016794008629766300766   -0.059293774496435081023
   0.095059865058893286416   -0.013465094339784738908
   0.025766055763590173244   -0.095122522392832919991
   0.051460489375265539014    -0.08793965964016489667
   0.018538060979236881121  -0.0087978112552304782445
    0.07130531248231666841   -0.010312252636212965173
   0.013714075281151606386   -0.076117300789857900156
   0.039957714565078600311    -0.04004385557027713427
   0.018396958018837939602  -0.0068371035656133172242
  0.0011627120902588162533   -0.065988863849075915513
   0.054749432371346953841   -0.069595694481206921145
   0.011759153619296454016   -0.057791066615744991763
   0.091167973909139624067   -0.027659352090051089745
   0.087145238177452816197   -0.067196015113590301659
   0.046567458122301598478 -0.00018305741259039276514
   0.077222439775812654061   -0.045408916261703208272
   0.091561863194947079592   -0.036345107823771011235
   0.058555781356317816722   -0.086611591273272225955
    0.09612583406089146576   -0.098922624298801012377
   0.068450815914408685847   -0.095728606589012138484
   0.027804338106794442703   -0.031625751979474800435
   0.046433873123691363216  -0.0066681125697996973534
   0.077044008009621883781   -0.036187223920685809841
   0.012840582203511419213   -0.082909287364645534169
   0.087744828959808146562   -0.021711477414570495847
   0.054968790549304702431   -0.083676413439063554445
  0.0018475569327583319258   -0.082542667390100049607
    0.06827708201868323834   -0.073566795733555595538
   0.028193159367979114815   -0.033564181408641952098
   0.080366653707049165445   -0.074998107075224682005
   0.059530961122145391318   -0.085653451311240649813
   0.044987168044311541537   -0.092857955951643159076
   0.075426518765942432432   -0.088463201415009434792
   0.085297016885735571501    -0.08077597370407357813
    0.09644765741957708749   -0.080797615591808050195
   0.093964579745179313552   -0.097261012716806038991
   0.056602329321486101465   -0.091088226386852669259
     0.0101617326541625589   -0.056914916381665930922
   0.033922294310257908312   -0.037304868287083167711
   0.074999287340324044537   -0.097925329999032126316
    0.01132444474442137472   -0.022903780230741840884
   0.088671726681604862152  -0.0069005627682900833042
   0.086758440959620500288   -0.055716396568210979634
  0.0024924186069948672806   -0.050563132320792944507
   0.075816964812491546843   -0.074096577928446510919
    0.03332589903535596032   -0.055899454027367505293
   0.079714858382807507464   -0.095972048629062278735
   0.067378827960872481051   -0.010441685752217516603
   0.091881680438239909936   -0.042511045300639718758
   0.075840692397132841718   -0.094894672927863285561
   0.035829643828715028453  -0.0061702923412296495354
   0.019686018498468224602   -0.074136797326680645148
   0.022274565520824199383  -0.0015627854976629773631
   0.012873651791770780728   -0.042357516261915452438
    0.03252660074854576977   -0.057046084691326173766
   0.010019394434066209235   -0.023274262912233473211
   0.067842442341075490098   -0.026033929700978994393
   0.034374157681304105816   -0.039588752034860091866
   0.078296476452749452779   -0.096841058692355208581
   0.096035601755620730868   -0.059598111156187072446
   0.014740811341787136285   -0.014586859110084754443
   0.037827437528328705652   -0.082494510003595852843
    0.04102276975336613396    -0.05245606710783023291
   0.090167330107729579125  -0.0030500605250941836832
   0.023124454367498149115   -0.063270483661103299466
   0.037470427126377089944   -0.033253682653072144659
   0.084131909852908887126  -0.0003110732419002171234
    0.07972678368898425405   -0.054358710047955956235
   0.047632159780539647109   -0.090168599081304201537
   0.018054204116600660462   -0.037615941575549517728
   0.054726070982742160143   -0.052284040000421944105
   0.058956604524961021829   -0.013072379265479910915
  0.0067259307516393867718   -0.044516504390405733926
   0.041484511942362654879  -0.0080004365686329320662
