  0.010608435240857506943  -0.098565939999449042608
  0.081294170618659900018  -0.098131429030621164511
  0.025393943872951876134  -0.035201264701411716374
  0.034176237850532052709  -0.028129457928300585778
  0.083338703160797583669  -0.067880935253520013895
  0.064144802914999798915  -0.079119365559480792083
  0.045799168593156698581   -0.02504768628862112656
  0.071219896977404092975  -0.054750428188010319408
  0.068607395546793667473   -0.06916215721013124762
  0.073998581792227263731  -0.070436380929516817506
  0.053085678887127757397  -0.075014509016189029333
 0.0079211776181688405007  -0.015442516522222435316
  0.026509400236657543193  -0.055326864894166064013
  0.040448801424563307627  -0.013912065752740981894
 0.0042667359133561786819  -0.086443766060491922243
  0.095123594577947445661 -0.0033756048434300384153
   0.05086533085017713729  -0.098047584598440485681
  0.093018557314303973449  -0.034432118728026803178
  0.028299819598114034358  -0.087282076192685437155
   0.02905439577487036254  -0.098706308658563682301
