/*--------------------------------*- C++ -*----------------------------------*\
  =========                 |
  \\      /  F ield         | OpenFOAM: The Open Source CFD Toolbox
   \\    /   O peration     | Website:  https://openfoam.org
    \\  /    A nd           | Version:  6
     \\/     M anipulation  |
\*---------------------------------------------------------------------------*/
FoamFile
{
    version     2.0;
    format      ascii;
    class       volVectorField;
    location    "0";
    object      Ulift0;
}
// * * * * * * * * * * * * * * * * * * * * * * * * * * * * * * * * * * * * * //

dimensions      [0 1 -1 0 0 0 0];

internalField   nonuniform List<vector> 
4000
(
(1 2.49917e-10 0)
(1 4.94506e-11 0)
(1 8.81796e-11 0)
(1 8.11908e-11 0)
(1 -1.18948e-12 0)
(1 -4.51795e-11 0)
(1 -8.60876e-11 0)
(1 -1.39326e-10 0)
(1 -7.15767e-11 0)
(1 -1.58487e-10 0)
(1 -2.19823e-11 0)
(1 -1.64e-10 0)
(1 1.81293e-11 0)
(1 -1.63653e-10 0)
(1 5.06845e-11 0)
(1 -1.51225e-10 0)
(1 7.55148e-11 0)
(1 -1.35617e-10 0)
(1 8.93347e-11 0)
(1 -1.2565e-10 0)
(1 9.4716e-11 0)
(1 -1.23202e-10 0)
(1 9.68376e-11 0)
(1 -1.26755e-10 0)
(1 9.93697e-11 0)
(1 -1.34221e-10 0)
(1 1.0393e-10 0)
(1 -1.4346e-10 0)
(1 1.10889e-10 0)
(1 -1.52714e-10 0)
(1 1.19912e-10 0)
(1 -1.60927e-10 0)
(1 1.30234e-10 0)
(1 -1.6777e-10 0)
(1 1.40935e-10 0)
(1 -1.73473e-10 0)
(1 1.51183e-10 0)
(1 -1.78374e-10 0)
(1 1.60365e-10 0)
(1 -1.82694e-10 0)
(1 1.68133e-10 0)
(1 -1.86367e-10 0)
(1 1.74439e-10 0)
(1 -1.89078e-10 0)
(1 1.79245e-10 0)
(1 -1.90622e-10 0)
(1 1.82511e-10 0)
(1 -1.91324e-10 0)
(1 1.83788e-10 0)
(1 -1.92418e-10 0)
(1 1.82348e-10 0)
(1 -1.95896e-10 0)
(1 1.77361e-10 0)
(1 -2.03563e-10 0)
(1 1.68657e-10 0)
(1 -2.15468e-10 0)
(1 1.57409e-10 0)
(1 -2.28558e-10 0)
(1 1.46556e-10 0)
(1 -2.367e-10 0)
(1 1.40202e-10 0)
(1 -2.33185e-10 0)
(1 1.41925e-10 0)
(1 -2.1535e-10 0)
(1 1.52624e-10 0)
(1 -1.88636e-10 0)
(1 1.69126e-10 0)
(1 -1.6669e-10 0)
(1 1.85254e-10 0)
(1 -1.63849e-10 0)
(1 1.96278e-10 0)
(1 -1.83564e-10 0)
(1 2.00154e-10 0)
(1 -2.12124e-10 0)
(1 1.9877e-10 0)
(1 -2.12744e-10 0)
(1 2.09862e-10 0)
(1 -1.43722e-10 0)
(1 2.37406e-10 0)
(1 -3.17061e-11 0)
(1 2.37531e-10 0)
(1 6.79315e-11 0)
(1 2.4592e-10 0)
(1 1.57429e-10 0)
(1 2.96268e-10 0)
(1 7.30902e-11 0)
(1 1.74792e-10 0)
(1 -2.34561e-10 0)
(1 3.73041e-11 0)
(1 -2.2774e-10 0)
(1 2.81348e-10 0)
(1 -1.06427e-10 0)
(1 1.70785e-10 0)
(1 -5.09005e-10 0)
(1 -2.20435e-10 0)
(1 -1.08705e-10 0)
(1 3.47735e-10 0)
(1 5.03185e-10 0)
(1 3.53299e-10 0)
(1 1.14117e-10 0)
(1 -1.48483e-10 0)
(1 -2.184e-10 0)
(1 -1.26565e-10 0)
(1 -1.26761e-10 0)
(1 -2.24592e-10 0)
(1 -2.79058e-10 0)
(1 -3.62272e-10 0)
(1 -3.7984e-10 0)
(1 -3.58863e-10 0)
(1 -3.74589e-10 0)
(1 -3.05376e-10 0)
(1 -3.61018e-10 0)
(1 -2.64729e-10 0)
(1 -3.49355e-10 0)
(1 -2.27681e-10 0)
(1 -3.26334e-10 0)
(1 -1.93629e-10 0)
(1 -3.00694e-10 0)
(1 -1.70027e-10 0)
(1 -2.81383e-10 0)
(1 -1.5611e-10 0)
(1 -2.69183e-10 0)
(1 -1.47046e-10 0)
(1 -2.62398e-10 0)
(1 -1.39607e-10 0)
(1 -2.59524e-10 0)
(1 -1.32077e-10 0)
(1 -2.58734e-10 0)
(1 -1.23434e-10 0)
(1 -2.58192e-10 0)
(1 -1.1306e-10 0)
(1 -2.56651e-10 0)
(1 -1.01122e-10 0)
(1 -2.53804e-10 0)
(1 -8.84094e-11 0)
(1 -2.50146e-10 0)
(1 -7.59001e-11 0)
(1 -2.46385e-10 0)
(1 -6.44844e-11 0)
(1 -2.43074e-10 0)
(1 -5.46034e-11 0)
(1 -2.40298e-10 0)
(1 -4.61918e-11 0)
(1 -2.37718e-10 0)
(1 -3.90668e-11 0)
(1 -2.35113e-10 0)
(1 -3.34177e-11 0)
(1 -2.33101e-10 0)
(1 -3.04985e-11 0)
(1 -2.33676e-10 0)
(1 -3.25687e-11 0)
(1 -2.39873e-10 0)
(1 -4.21297e-11 0)
(1 -2.5415e-10 0)
(1 -5.98018e-11 0)
(1 -2.75795e-10 0)
(1 -8.22945e-11 0)
(1 -2.98848e-10 0)
(1 -1.01425e-10 0)
(1 -3.12237e-10 0)
(1 -1.06131e-10 0)
(1 -3.03953e-10 0)
(1 -8.76358e-11 0)
(1 -2.68217e-10 0)
(1 -4.56334e-11 0)
(1 -2.11893e-10 0)
(1 8.37239e-12 0)
(1 -1.55212e-10 0)
(1 5.51754e-11 0)
(1 -1.20459e-10 0)
(1 8.16112e-11 0)
(1 -1.15933e-10 0)
(1 8.68064e-11 0)
(1 -1.3242e-10 0)
(1 8.42725e-11 0)
(1 -1.27669e-10 0)
(1 1.24531e-10 0)
(1 -3.54455e-11 0)
(1 2.2283e-10 0)
(1 8.92619e-11 0)
(1 2.6701e-10 0)
(1 1.53368e-10 0)
(1 3.06606e-10 0)
(1 2.92385e-10 0)
(1 4.2629e-10 0)
(1 2.66375e-10 0)
(1 1.60368e-10 0)
(1 -2.67243e-10 0)
(1 -2.12938e-10 0)
(1 -2.43474e-10 0)
(1 2.7311e-10 0)
(1 2.60757e-10 0)
(1 1.65412e-10 0)
(1 -6.47012e-10 0)
(1 -7.39615e-10 0)
(1 -5.67157e-10 0)
(1 4.32531e-10 0)
(1 8.97061e-10 0)
(1 6.57226e-10 0)
(1 2.16737e-10 0)
(1 -3.67275e-10 0)
(1 -4.64661e-10 0)
(1 -4.85925e-10 0)
(1 -5.01063e-10 0)
(1 -5.27813e-10 0)
(1 -5.32254e-10 0)
(1 -5.65757e-10 0)
(1 -5.33129e-10 0)
(1 -5.50971e-10 0)
(1 -5.02487e-10 0)
(1 -5.30425e-10 0)
(1 -4.86748e-10 0)
(1 -5.23215e-10 0)
(1 -4.79473e-10 0)
(1 -5.13426e-10 0)
(1 -4.67528e-10 0)
(1 -4.97915e-10 0)
(1 -4.51175e-10 0)
(1 -4.79244e-10 0)
(1 -4.30466e-10 0)
(1 -4.57046e-10 0)
(1 -4.05062e-10 0)
(1 -4.32353e-10 0)
(1 -3.77724e-10 0)
(1 -4.08575e-10 0)
(1 -3.5213e-10 0)
(1 -3.88069e-10 0)
(1 -3.29939e-10 0)
(1 -3.71056e-10 0)
(1 -3.10686e-10 0)
(1 -3.56238e-10 0)
(1 -2.93197e-10 0)
(1 -3.42425e-10 0)
(1 -2.76641e-10 0)
(1 -3.29126e-10 0)
(1 -2.60935e-10 0)
(1 -3.16564e-10 0)
(1 -2.46633e-10 0)
(1 -3.05337e-10 0)
(1 -2.34303e-10 0)
(1 -2.95848e-10 0)
(1 -2.24259e-10 0)
(1 -2.88109e-10 0)
(1 -2.16474e-10 0)
(1 -2.82003e-10 0)
(1 -2.11001e-10 0)
(1 -2.77961e-10 0)
(1 -2.08787e-10 0)
(1 -2.77673e-10 0)
(1 -2.11889e-10 0)
(1 -2.83969e-10 0)
(1 -2.23018e-10 0)
(1 -2.99708e-10 0)
(1 -2.43825e-10 0)
(1 -3.25028e-10 0)
(1 -2.72076e-10 0)
(1 -3.54889e-10 0)
(1 -3.00064e-10 0)
(1 -3.78148e-10 0)
(1 -3.15254e-10 0)
(1 -3.80513e-10 0)
(1 -3.0475e-10 0)
(1 -3.51101e-10 0)
(1 -2.6196e-10 0)
(1 -2.89745e-10 0)
(1 -1.92065e-10 0)
(1 -2.10358e-10 0)
(1 -1.12309e-10 0)
(1 -1.35702e-10 0)
(1 -4.20677e-11 0)
(1 -8.15165e-11 0)
(1 9.4369e-12 0)
(1 -5.00776e-11 0)
(1 3.85737e-11 0)
(1 -3.29214e-11 0)
(1 6.00206e-11 0)
(1 1.3966e-11 0)
(1 1.21011e-10 0)
(1 1.07819e-10 0)
(1 1.66767e-10 0)
(1 1.23791e-10 0)
(1 9.98482e-11 0)
(1 9.90678e-11 0)
(1 1.52533e-10 0)
(1 2.26792e-10 0)
(1 2.64834e-10 0)
(1 7.77695e-11 0)
(1 -1.21401e-10 0)
(1 -3.34198e-10 0)
(1 -1.75536e-10 0)
(1 1.09353e-10 0)
(1 5.64631e-10 0)
(1 3.30284e-10 0)
(1 -1.48485e-10 0)
(1 -7.96663e-10 0)
(1 -9.8164e-10 0)
(1 -2.835e-10 0)
(1 3.5225e-10 0)
(1 4.28959e-10 0)
(1 1.72611e-10 0)
(1 -5.29668e-10 0)
(1 -7.02301e-10 0)
(1 -8.05708e-10 0)
(1 -8.52402e-10 0)
(1 -8.6152e-10 0)
(1 -8.39081e-10 0)
(1 -8.2146e-10 0)
(1 -7.95938e-10 0)
(1 -7.73015e-10 0)
(1 -7.67739e-10 0)
(1 -7.51451e-10 0)
(1 -7.65505e-10 0)
(1 -7.47859e-10 0)
(1 -7.68849e-10 0)
(1 -7.44085e-10 0)
(1 -7.66027e-10 0)
(1 -7.35177e-10 0)
(1 -7.54122e-10 0)
(1 -7.16995e-10 0)
(1 -7.2939e-10 0)
(1 -6.85961e-10 0)
(1 -6.92484e-10 0)
(1 -6.45425e-10 0)
(1 -6.50264e-10 0)
(1 -6.02988e-10 0)
(1 -6.10208e-10 0)
(1 -5.64385e-10 0)
(1 -5.75956e-10 0)
(1 -5.31335e-10 0)
(1 -5.4733e-10 0)
(1 -5.02779e-10 0)
(1 -5.22489e-10 0)
(1 -4.77038e-10 0)
(1 -4.99826e-10 0)
(1 -4.53032e-10 0)
(1 -4.78621e-10 0)
(1 -4.3073e-10 0)
(1 -4.59192e-10 0)
(1 -4.10682e-10 0)
(1 -4.42085e-10 0)
(1 -3.93375e-10 0)
(1 -4.27675e-10 0)
(1 -3.79073e-10 0)
(1 -4.16072e-10 0)
(1 -3.67948e-10 0)
(1 -4.07572e-10 0)
(1 -3.60718e-10 0)
(1 -4.03573e-10 0)
(1 -3.59481e-10 0)
(1 -4.06776e-10 0)
(1 -3.67291e-10 0)
(1 -4.20346e-10 0)
(1 -3.86704e-10 0)
(1 -4.45676e-10 0)
(1 -4.16764e-10 0)
(1 -4.79003e-10 0)
(1 -4.50447e-10 0)
(1 -5.09863e-10 0)
(1 -4.74248e-10 0)
(1 -5.22553e-10 0)
(1 -4.72063e-10 0)
(1 -5.02029e-10 0)
(1 -4.32406e-10 0)
(1 -4.4193e-10 0)
(1 -3.55597e-10 0)
(1 -3.50023e-10 0)
(1 -2.56125e-10 0)
(1 -2.47024e-10 0)
(1 -1.56551e-10 0)
(1 -1.54445e-10 0)
(1 -7.18935e-11 0)
(1 -8.08035e-11 0)
(1 -6.42566e-12 0)
(1 -2.89044e-11 0)
(1 3.77612e-11 0)
(1 1.0564e-11 0)
(1 8.60619e-11 0)
(1 7.49994e-11 0)
(1 1.46671e-10 0)
(1 1.06202e-10 0)
(1 9.39885e-11 0)
(1 -1.00763e-11 0)
(1 -3.13034e-11 0)
(1 -3.33992e-11 0)
(1 6.91022e-11 0)
(1 1.05788e-10 0)
(1 5.16913e-11 0)
(1 -1.78374e-10 0)
(1 -3.13796e-10 0)
(1 -3.08202e-10 0)
(1 8.9183e-11 0)
(1 4.78073e-10 0)
(1 5.79885e-10 0)
(1 7.26255e-11 0)
(1 -6.49379e-10 0)
(1 -1.19017e-09 0)
(1 -8.64856e-10 0)
(1 -2.02987e-10 0)
(1 1.47967e-10 0)
(1 9.67594e-11 0)
(1 -6.42126e-10 0)
(1 -8.52011e-10 0)
(1 -1.02034e-09 0)
(1 -1.10755e-09 0)
(1 -1.12338e-09 0)
(1 -1.10104e-09 0)
(1 -1.07703e-09 0)
(1 -1.03969e-09 0)
(1 -1.03078e-09 0)
(1 -1.0078e-09 0)
(1 -1.02044e-09 0)
(1 -1.00578e-09 0)
(1 -1.02545e-09 0)
(1 -1.00872e-09 0)
(1 -1.0266e-09 0)
(1 -1.0057e-09 0)
(1 -1.01848e-09 0)
(1 -9.90966e-10 0)
(1 -9.94956e-10 0)
(1 -9.57948e-10 0)
(1 -9.52728e-10 0)
(1 -9.07725e-10 0)
(1 -8.97942e-10 0)
(1 -8.49817e-10 0)
(1 -8.41353e-10 0)
(1 -7.94221e-10 0)
(1 -7.90585e-10 0)
(1 -7.45917e-10 0)
(1 -7.47711e-10 0)
(1 -7.04874e-10 0)
(1 -7.11026e-10 0)
(1 -6.6879e-10 0)
(1 -6.78052e-10 0)
(1 -6.35524e-10 0)
(1 -6.47111e-10 0)
(1 -6.04177e-10 0)
(1 -6.18045e-10 0)
(1 -5.75102e-10 0)
(1 -5.91455e-10 0)
(1 -5.49077e-10 0)
(1 -5.68065e-10 0)
(1 -5.2668e-10 0)
(1 -5.48267e-10 0)
(1 -5.08273e-10 0)
(1 -5.32424e-10 0)
(1 -4.94454e-10 0)
(1 -5.21639e-10 0)
(1 -4.87117e-10 0)
(1 -5.18706e-10 0)
(1 -4.89654e-10 0)
(1 -5.27523e-10 0)
(1 -5.05726e-10 0)
(1 -5.50968e-10 0)
(1 -5.36222e-10 0)
(1 -5.87279e-10 0)
(1 -5.75736e-10 0)
(1 -6.26907e-10 0)
(1 -6.10698e-10 0)
(1 -6.52514e-10 0)
(1 -6.21899e-10 0)
(1 -6.44311e-10 0)
(1 -5.91955e-10 0)
(1 -5.89329e-10 0)
(1 -5.14794e-10 0)
(1 -4.90017e-10 0)
(1 -4.0115e-10 0)
(1 -3.66132e-10 0)
(1 -2.75949e-10 0)
(1 -2.45888e-10 0)
(1 -1.63398e-10 0)
(1 -1.46583e-10 0)
(1 -7.18685e-11 0)
(1 -6.98782e-11 0)
(1 -2.79842e-12 0)
(1 -1.30321e-11 0)
(1 5.07007e-11 0)
(1 4.89706e-11 0)
(1 1.17318e-10 0)
(1 1.17615e-10 0)
(1 1.31113e-10 0)
(1 5.67863e-11 0)
(1 -3.0584e-11 0)
(1 -1.12591e-10 0)
(1 -1.22974e-10 0)
(1 -7.11718e-11 0)
(1 -3.49778e-12 0)
(1 -8.31502e-11 0)
(1 -2.34378e-10 0)
(1 -4.30998e-10 0)
(1 -3.73152e-10 0)
(1 -7.04695e-11 0)
(1 4.29649e-10 0)
(1 5.31276e-10 0)
(1 1.99711e-10 0)
(1 -5.93173e-10 0)
(1 -1.21959e-09 0)
(1 -1.08067e-09 0)
(1 -4.99945e-10 0)
(1 -8.66751e-11 0)
(1 1.32646e-11 0)
(1 -8.72139e-10 0)
(1 -1.05326e-09 0)
(1 -1.23825e-09 0)
(1 -1.34993e-09 0)
(1 -1.38762e-09 0)
(1 -1.38103e-09 0)
(1 -1.35938e-09 0)
(1 -1.33816e-09 0)
(1 -1.32179e-09 0)
(1 -1.31896e-09 0)
(1 -1.31581e-09 0)
(1 -1.32365e-09 0)
(1 -1.32098e-09 0)
(1 -1.32773e-09 0)
(1 -1.31928e-09 0)
(1 -1.32117e-09 0)
(1 -1.30504e-09 0)
(1 -1.29835e-09 0)
(1 -1.27135e-09 0)
(1 -1.25333e-09 0)
(1 -1.21569e-09 0)
(1 -1.18917e-09 0)
(1 -1.1461e-09 0)
(1 -1.11769e-09 0)
(1 -1.07529e-09 0)
(1 -1.05017e-09 0)
(1 -1.01175e-09 0)
(1 -9.91844e-10 0)
(1 -9.57494e-10 0)
(1 -9.42008e-10 0)
(1 -9.10182e-10 0)
(1 -8.97581e-10 0)
(1 -8.66738e-10 0)
(1 -8.55806e-10 0)
(1 -8.25253e-10 0)
(1 -8.15716e-10 0)
(1 -7.85653e-10 0)
(1 -7.77819e-10 0)
(1 -7.48793e-10 0)
(1 -7.43229e-10 0)
(1 -7.1583e-10 0)
(1 -7.12757e-10 0)
(1 -6.87267e-10 0)
(1 -6.86879e-10 0)
(1 -6.63741e-10 0)
(1 -6.66535e-10 0)
(1 -6.46796e-10 0)
(1 -6.54192e-10 0)
(1 -6.399e-10 0)
(1 -6.54107e-10 0)
(1 -6.47679e-10 0)
(1 -6.70721e-10 0)
(1 -6.73255e-10 0)
(1 -7.04698e-10 0)
(1 -7.13844e-10 0)
(1 -7.48914e-10 0)
(1 -7.5728e-10 0)
(1 -7.86227e-10 0)
(1 -7.82472e-10 0)
(1 -7.93235e-10 0)
(1 -7.66201e-10 0)
(1 -7.49681e-10 0)
(1 -6.94347e-10 0)
(1 -6.50232e-10 0)
(1 -5.71765e-10 0)
(1 -5.10454e-10 0)
(1 -4.23517e-10 0)
(1 -3.6236e-10 0)
(1 -2.83153e-10 0)
(1 -2.35123e-10 0)
(1 -1.70044e-10 0)
(1 -1.36551e-10 0)
(1 -8.34991e-11 0)
(1 -6.13823e-11 0)
(1 -1.62974e-11 0)
(1 4.31028e-12 0)
(1 5.57985e-11 0)
(1 8.61005e-11 0)
(1 1.25966e-10 0)
(1 1.08104e-10 0)
(1 5.04504e-11 0)
(1 -6.5846e-11 0)
(1 -1.62695e-10 0)
(1 -2.16071e-10 0)
(1 -1.86996e-10 0)
(1 -1.63816e-10 0)
(1 -2.14753e-10 0)
(1 -3.84684e-10 0)
(1 -5.31044e-10 0)
(1 -5.19194e-10 0)
(1 -1.89115e-10 0)
(1 2.46683e-10 0)
(1 4.63912e-10 0)
(1 1.70165e-10 0)
(1 -5.23034e-10 0)
(1 -1.16026e-09 0)
(1 -1.17742e-09 0)
(1 -7.11247e-10 0)
(1 -2.60226e-10 0)
(1 -5.11699e-11 0)
(1 -1.03188e-09 0)
(1 -1.22811e-09 0)
(1 -1.4231e-09 0)
(1 -1.55149e-09 0)
(1 -1.60789e-09 0)
(1 -1.61914e-09 0)
(1 -1.61242e-09 0)
(1 -1.59931e-09 0)
(1 -1.59611e-09 0)
(1 -1.59367e-09 0)
(1 -1.60303e-09 0)
(1 -1.60516e-09 0)
(1 -1.61467e-09 0)
(1 -1.61117e-09 0)
(1 -1.61379e-09 0)
(1 -1.60148e-09 0)
(1 -1.59394e-09 0)
(1 -1.56975e-09 0)
(1 -1.54879e-09 0)
(1 -1.5112e-09 0)
(1 -1.47824e-09 0)
(1 -1.43151e-09 0)
(1 -1.39342e-09 0)
(1 -1.34509e-09 0)
(1 -1.30904e-09 0)
(1 -1.26452e-09 0)
(1 -1.23429e-09 0)
(1 -1.1951e-09 0)
(1 -1.17058e-09 0)
(1 -1.13536e-09 0)
(1 -1.1146e-09 0)
(1 -1.08127e-09 0)
(1 -1.06242e-09 0)
(1 -1.02955e-09 0)
(1 -1.01176e-09 0)
(1 -9.79256e-10 0)
(1 -9.62717e-10 0)
(1 -9.31089e-10 0)
(1 -9.16522e-10 0)
(1 -8.8666e-10 0)
(1 -8.74686e-10 0)
(1 -8.47113e-10 0)
(1 -8.38029e-10 0)
(1 -8.13137e-10 0)
(1 -8.07357e-10 0)
(1 -7.86051e-10 0)
(1 -7.84784e-10 0)
(1 -7.6897e-10 0)
(1 -7.74511e-10 0)
(1 -7.66916e-10 0)
(1 -7.82064e-10 0)
(1 -7.85062e-10 0)
(1 -8.10916e-10 0)
(1 -8.23749e-10 0)
(1 -8.57285e-10 0)
(1 -8.73919e-10 0)
(1 -9.06057e-10 0)
(1 -9.14709e-10 0)
(1 -9.31853e-10 0)
(1 -9.18451e-10 0)
(1 -9.07372e-10 0)
(1 -8.61945e-10 0)
(1 -8.1716e-10 0)
(1 -7.40607e-10 0)
(1 -6.69137e-10 0)
(1 -5.74873e-10 0)
(1 -4.95212e-10 0)
(1 -4.03889e-10 0)
(1 -3.361e-10 0)
(1 -2.62032e-10 0)
(1 -2.14233e-10 0)
(1 -1.57171e-10 0)
(1 -1.2525e-10 0)
(1 -7.83224e-11 0)
(1 -5.34703e-11 0)
(1 -5.25992e-12 0)
(1 2.94405e-11 0)
(1 8.48668e-11 0)
(1 1.09394e-10 0)
(1 1.06514e-10 0)
(1 3.24783e-11 0)
(1 -8.48858e-11 0)
(1 -2.10377e-10 0)
(1 -2.87986e-10 0)
(1 -3.0618e-10 0)
(1 -3.06597e-10 0)
(1 -3.86547e-10 0)
(1 -5.34582e-10 0)
(1 -6.84052e-10 0)
(1 -6.41675e-10 0)
(1 -3.45232e-10 0)
(1 1.01308e-10 0)
(1 3.15989e-10 0)
(1 1.09454e-10 0)
(1 -5.12208e-10 0)
(1 -1.09564e-09 0)
(1 -1.16645e-09 0)
(1 -7.98888e-10 0)
(1 -3.89659e-10 0)
(1 -1.09196e-10 0)
(1 -1.3436e-09 0)
(1 -1.47964e-09 0)
(1 -1.65457e-09 0)
(1 -1.78572e-09 0)
(1 -1.85551e-09 0)
(1 -1.88204e-09 0)
(1 -1.88728e-09 0)
(1 -1.8882e-09 0)
(1 -1.89104e-09 0)
(1 -1.90048e-09 0)
(1 -1.91063e-09 0)
(1 -1.92296e-09 0)
(1 -1.9292e-09 0)
(1 -1.93398e-09 0)
(1 -1.92953e-09 0)
(1 -1.92233e-09 0)
(1 -1.90386e-09 0)
(1 -1.8813e-09 0)
(1 -1.84658e-09 0)
(1 -1.80846e-09 0)
(1 -1.76045e-09 0)
(1 -1.71285e-09 0)
(1 -1.6598e-09 0)
(1 -1.61159e-09 0)
(1 -1.56131e-09 0)
(1 -1.51851e-09 0)
(1 -1.47467e-09 0)
(1 -1.43864e-09 0)
(1 -1.40055e-09 0)
(1 -1.36941e-09 0)
(1 -1.33463e-09 0)
(1 -1.30588e-09 0)
(1 -1.27218e-09 0)
(1 -1.24414e-09 0)
(1 -1.21066e-09 0)
(1 -1.18323e-09 0)
(1 -1.15038e-09 0)
(1 -1.12431e-09 0)
(1 -1.09311e-09 0)
(1 -1.0694e-09 0)
(1 -1.04069e-09 0)
(1 -1.01994e-09 0)
(1 -9.94283e-10 0)
(1 -9.7698e-10 0)
(1 -9.55001e-10 0)
(1 -9.42126e-10 0)
(1 -9.25449e-10 0)
(1 -9.19206e-10 0)
(1 -9.10572e-10 0)
(1 -9.14076e-10 0)
(1 -9.16747e-10 0)
(1 -9.32555e-10 0)
(1 -9.47563e-10 0)
(1 -9.74623e-10 0)
(1 -9.98097e-10 0)
(1 -1.02908e-09 0)
(1 -1.05018e-09 0)
(1 -1.07127e-09 0)
(1 -1.07431e-09 0)
(1 -1.06922e-09 0)
(1 -1.03945e-09 0)
(1 -9.9717e-10 0)
(1 -9.29426e-10 0)
(1 -8.51792e-10 0)
(1 -7.55455e-10 0)
(1 -6.59071e-10 0)
(1 -5.56199e-10 0)
(1 -4.65684e-10 0)
(1 -3.78854e-10 0)
(1 -3.1113e-10 0)
(1 -2.48426e-10 0)
(1 -2.0277e-10 0)
(1 -1.57079e-10 0)
(1 -1.22909e-10 0)
(1 -8.21108e-11 0)
(1 -4.42593e-11 0)
(1 6.73971e-12 0)
(1 5.2857e-11 0)
(1 8.74393e-11 0)
(1 7.37373e-11 0)
(1 -2.498e-13 0)
(1 -1.33485e-10 0)
(1 -2.77529e-10 0)
(1 -3.90277e-10 0)
(1 -4.44295e-10 0)
(1 -4.86111e-10 0)
(1 -5.71554e-10 0)
(1 -7.20605e-10 0)
(1 -8.37031e-10 0)
(1 -7.92397e-10 0)
(1 -4.93417e-10 0)
(1 -8.14512e-11 0)
(1 1.64548e-10 0)
(1 8.97999e-12 0)
(1 -5.04322e-10 0)
(1 -1.02579e-09 0)
(1 -1.15439e-09 0)
(1 -8.86318e-10 0)
(1 -4.92514e-10 0)
(1 -1.5306e-10 0)
(1 -1.55033e-09 0)
(1 -1.70281e-09 0)
(1 -1.87147e-09 0)
(1 -2.00255e-09 0)
(1 -2.08008e-09 0)
(1 -2.11689e-09 0)
(1 -2.13245e-09 0)
(1 -2.14139e-09 0)
(1 -2.15381e-09 0)
(1 -2.16922e-09 0)
(1 -2.18852e-09 0)
(1 -2.2046e-09 0)
(1 -2.21866e-09 0)
(1 -2.22418e-09 0)
(1 -2.22455e-09 0)
(1 -2.21387e-09 0)
(1 -2.19611e-09 0)
(1 -2.1658e-09 0)
(1 -2.12813e-09 0)
(1 -2.07939e-09 0)
(1 -2.02659e-09 0)
(1 -1.96754e-09 0)
(1 -1.90977e-09 0)
(1 -1.85065e-09 0)
(1 -1.7969e-09 0)
(1 -1.74426e-09 0)
(1 -1.69834e-09 0)
(1 -1.65324e-09 0)
(1 -1.61406e-09 0)
(1 -1.57409e-09 0)
(1 -1.53865e-09 0)
(1 -1.50067e-09 0)
(1 -1.46628e-09 0)
(1 -1.42852e-09 0)
(1 -1.3943e-09 0)
(1 -1.35658e-09 0)
(1 -1.32305e-09 0)
(1 -1.28654e-09 0)
(1 -1.25502e-09 0)
(1 -1.22089e-09 0)
(1 -1.19236e-09 0)
(1 -1.1615e-09 0)
(1 -1.13667e-09 0)
(1 -1.10974e-09 0)
(1 -1.08939e-09 0)
(1 -1.06768e-09 0)
(1 -1.0537e-09 0)
(1 -1.03973e-09 0)
(1 -1.03526e-09 0)
(1 -1.03275e-09 0)
(1 -1.04141e-09 0)
(1 -1.05304e-09 0)
(1 -1.07581e-09 0)
(1 -1.10011e-09 0)
(1 -1.13217e-09 0)
(1 -1.16029e-09 0)
(1 -1.18894e-09 0)
(1 -1.20494e-09 0)
(1 -1.21212e-09 0)
(1 -1.19755e-09 0)
(1 -1.16677e-09 0)
(1 -1.10991e-09 0)
(1 -1.03617e-09 0)
(1 -9.40235e-10 0)
(1 -8.35413e-10 0)
(1 -7.20551e-10 0)
(1 -6.10783e-10 0)
(1 -5.05266e-10 0)
(1 -4.16543e-10 0)
(1 -3.39174e-10 0)
(1 -2.80282e-10 0)
(1 -2.2887e-10 0)
(1 -1.8995e-10 0)
(1 -1.50256e-10 0)
(1 -1.14973e-10 0)
(1 -6.96926e-11 0)
(1 -2.26518e-11 0)
(1 2.86171e-11 0)
(1 5.64348e-11 0)
(1 4.07234e-11 0)
(1 -4.5192e-11 0)
(1 -1.90344e-10 0)
(1 -3.5895e-10 0)
(1 -5.01773e-10 0)
(1 -5.97547e-10 0)
(1 -6.71464e-10 0)
(1 -7.77754e-10 0)
(1 -9.14272e-10 0)
(1 -1.01129e-09 0)
(1 -9.38684e-10 0)
(1 -6.44916e-10 0)
(1 -2.40089e-10 0)
(1 5.64499e-12 0)
(1 -9.45504e-11 0)
(1 -5.24537e-10 0)
(1 -9.79034e-10 0)
(1 -1.12574e-09 0)
(1 -9.29487e-10 0)
(1 -5.79246e-10 0)
(1 -1.94506e-10 0)
(1 -1.90772e-09 0)
(1 -1.99851e-09 0)
(1 -2.14029e-09 0)
(1 -2.26284e-09 0)
(1 -2.34171e-09 0)
(1 -2.38285e-09 0)
(1 -2.40312e-09 0)
(1 -2.41829e-09 0)
(1 -2.43621e-09 0)
(1 -2.45955e-09 0)
(1 -2.48461e-09 0)
(1 -2.50875e-09 0)
(1 -2.52709e-09 0)
(1 -2.53874e-09 0)
(1 -2.54003e-09 0)
(1 -2.53152e-09 0)
(1 -2.5102e-09 0)
(1 -2.47766e-09 0)
(1 -2.4325e-09 0)
(1 -2.37845e-09 0)
(1 -2.31613e-09 0)
(1 -2.25079e-09 0)
(1 -2.18332e-09 0)
(1 -2.11848e-09 0)
(1 -2.05589e-09 0)
(1 -1.99875e-09 0)
(1 -1.94491e-09 0)
(1 -1.89629e-09 0)
(1 -1.84971e-09 0)
(1 -1.80672e-09 0)
(1 -1.76374e-09 0)
(1 -1.72264e-09 0)
(1 -1.68026e-09 0)
(1 -1.63919e-09 0)
(1 -1.59646e-09 0)
(1 -1.55529e-09 0)
(1 -1.513e-09 0)
(1 -1.47314e-09 0)
(1 -1.43286e-09 0)
(1 -1.3957e-09 0)
(1 -1.35869e-09 0)
(1 -1.32539e-09 0)
(1 -1.29254e-09 0)
(1 -1.26378e-09 0)
(1 -1.2361e-09 0)
(1 -1.21349e-09 0)
(1 -1.19319e-09 0)
(1 -1.17956e-09 0)
(1 -1.17028e-09 0)
(1 -1.16986e-09 0)
(1 -1.17552e-09 0)
(1 -1.19108e-09 0)
(1 -1.21254e-09 0)
(1 -1.24204e-09 0)
(1 -1.27338e-09 0)
(1 -1.30641e-09 0)
(1 -1.333e-09 0)
(1 -1.35143e-09 0)
(1 -1.35287e-09 0)
(1 -1.33617e-09 0)
(1 -1.29465e-09 0)
(1 -1.23055e-09 0)
(1 -1.14162e-09 0)
(1 -1.03502e-09 0)
(1 -9.1354e-10 0)
(1 -7.88323e-10 0)
(1 -6.64361e-10 0)
(1 -5.52616e-10 0)
(1 -4.55084e-10 0)
(1 -3.7744e-10 0)
(1 -3.14934e-10 0)
(1 -2.67684e-10 0)
(1 -2.27234e-10 0)
(1 -1.92264e-10 0)
(1 -1.5404e-10 0)
(1 -1.11946e-10 0)
(1 -6.22443e-11 0)
(1 -1.63796e-11 0)
(1 8.2848e-12 0)
(1 -1.83242e-11 0)
(1 -1.14934e-10 0)
(1 -2.78239e-10 0)
(1 -4.70838e-10 0)
(1 -6.47823e-10 0)
(1 -7.81081e-10 0)
(1 -8.88792e-10 0)
(1 -1.00432e-09 0)
(1 -1.12977e-09 0)
(1 -1.19472e-09 0)
(1 -1.10125e-09 0)
(1 -8.03632e-10 0)
(1 -4.1495e-10 0)
(1 -1.56069e-10 0)
(1 -2.07503e-10 0)
(1 -5.50606e-10 0)
(1 -9.48414e-10 0)
(1 -1.12124e-09 0)
(1 -9.92156e-10 0)
(1 -6.54584e-10 0)
(1 -2.27218e-10 0)
(1 -2.13948e-09 0)
(1 -2.2542e-09 0)
(1 -2.39055e-09 0)
(1 -2.50734e-09 0)
(1 -2.58452e-09 0)
(1 -2.62526e-09 0)
(1 -2.64564e-09 0)
(1 -2.66184e-09 0)
(1 -2.68363e-09 0)
(1 -2.71225e-09 0)
(1 -2.74507e-09 0)
(1 -2.77641e-09 0)
(1 -2.80284e-09 0)
(1 -2.82001e-09 0)
(1 -2.82658e-09 0)
(1 -2.81951e-09 0)
(1 -2.79877e-09 0)
(1 -2.76275e-09 0)
(1 -2.71356e-09 0)
(1 -2.65228e-09 0)
(1 -2.58331e-09 0)
(1 -2.50919e-09 0)
(1 -2.43455e-09 0)
(1 -2.3612e-09 0)
(1 -2.29234e-09 0)
(1 -2.22776e-09 0)
(1 -2.16876e-09 0)
(1 -2.11359e-09 0)
(1 -2.06265e-09 0)
(1 -2.0134e-09 0)
(1 -1.96617e-09 0)
(1 -1.91864e-09 0)
(1 -1.87181e-09 0)
(1 -1.82382e-09 0)
(1 -1.77634e-09 0)
(1 -1.72797e-09 0)
(1 -1.68088e-09 0)
(1 -1.63377e-09 0)
(1 -1.58883e-09 0)
(1 -1.54471e-09 0)
(1 -1.50354e-09 0)
(1 -1.46374e-09 0)
(1 -1.42732e-09 0)
(1 -1.39274e-09 0)
(1 -1.36239e-09 0)
(1 -1.33493e-09 0)
(1 -1.31311e-09 0)
(1 -1.29607e-09 0)
(1 -1.28702e-09 0)
(1 -1.28504e-09 0)
(1 -1.2929e-09 0)
(1 -1.30891e-09 0)
(1 -1.33442e-09 0)
(1 -1.36568e-09 0)
(1 -1.40159e-09 0)
(1 -1.43596e-09 0)
(1 -1.46552e-09 0)
(1 -1.48237e-09 0)
(1 -1.48261e-09 0)
(1 -1.45926e-09 0)
(1 -1.411e-09 0)
(1 -1.33478e-09 0)
(1 -1.23428e-09 0)
(1 -1.11225e-09 0)
(1 -9.77816e-10 0)
(1 -8.38085e-10 0)
(1 -7.04283e-10 0)
(1 -5.83164e-10 0)
(1 -4.8231e-10 0)
(1 -4.02018e-10 0)
(1 -3.42425e-10 0)
(1 -2.97168e-10 0)
(1 -2.62323e-10 0)
(1 -2.29454e-10 0)
(1 -1.95148e-10 0)
(1 -1.53221e-10 0)
(1 -1.06813e-10 0)
(1 -6.37007e-11 0)
(1 -4.71486e-11 0)
(1 -8.36749e-11 0)
(1 -1.95531e-10 0)
(1 -3.77802e-10 0)
(1 -5.97373e-10 0)
(1 -8.08004e-10 0)
(1 -9.80231e-10 0)
(1 -1.11914e-09 0)
(1 -1.24872e-09 0)
(1 -1.36044e-09 0)
(1 -1.39626e-09 0)
(1 -1.27169e-09 0)
(1 -9.64448e-10 0)
(1 -5.77799e-10 0)
(1 -3.12453e-10 0)
(1 -3.19494e-10 0)
(1 -5.92146e-10 0)
(1 -9.36423e-10 0)
(1 -1.11834e-09 0)
(1 -1.03614e-09 0)
(1 -7.26541e-10 0)
(1 -2.60516e-10 0)
(1 -2.51509e-09 0)
(1 -2.57573e-09 0)
(1 -2.68695e-09 0)
(1 -2.79215e-09 0)
(1 -2.86201e-09 0)
(1 -2.89662e-09 0)
(1 -2.912e-09 0)
(1 -2.92593e-09 0)
(1 -2.94856e-09 0)
(1 -2.9816e-09 0)
(1 -3.02056e-09 0)
(1 -3.05985e-09 0)
(1 -3.09358e-09 0)
(1 -3.11798e-09 0)
(1 -3.12939e-09 0)
(1 -3.12583e-09 0)
(1 -3.10523e-09 0)
(1 -3.06776e-09 0)
(1 -3.01401e-09 0)
(1 -2.94732e-09 0)
(1 -2.87097e-09 0)
(1 -2.78965e-09 0)
(1 -2.70685e-09 0)
(1 -2.62641e-09 0)
(1 -2.54998e-09 0)
(1 -2.47915e-09 0)
(1 -2.41342e-09 0)
(1 -2.35283e-09 0)
(1 -2.29566e-09 0)
(1 -2.24123e-09 0)
(1 -2.18769e-09 0)
(1 -2.13483e-09 0)
(1 -2.08135e-09 0)
(1 -2.02765e-09 0)
(1 -1.97308e-09 0)
(1 -1.91879e-09 0)
(1 -1.8645e-09 0)
(1 -1.81147e-09 0)
(1 -1.75946e-09 0)
(1 -1.70979e-09 0)
(1 -1.66198e-09 0)
(1 -1.61712e-09 0)
(1 -1.57464e-09 0)
(1 -1.53577e-09 0)
(1 -1.50023e-09 0)
(1 -1.46948e-09 0)
(1 -1.44367e-09 0)
(1 -1.42493e-09 0)
(1 -1.41363e-09 0)
(1 -1.41182e-09 0)
(1 -1.41948e-09 0)
(1 -1.4377e-09 0)
(1 -1.46477e-09 0)
(1 -1.4994e-09 0)
(1 -1.53716e-09 0)
(1 -1.57424e-09 0)
(1 -1.60372e-09 0)
(1 -1.61996e-09 0)
(1 -1.61565e-09 0)
(1 -1.58643e-09 0)
(1 -1.52803e-09 0)
(1 -1.44054e-09 0)
(1 -1.32554e-09 0)
(1 -1.18954e-09 0)
(1 -1.04014e-09 0)
(1 -8.88303e-10 0)
(1 -7.43836e-10 0)
(1 -6.16846e-10 0)
(1 -5.12613e-10 0)
(1 -4.33865e-10 0)
(1 -3.7729e-10 0)
(1 -3.38331e-10 0)
(1 -3.08626e-10 0)
(1 -2.81693e-10 0)
(1 -2.50355e-10 0)
(1 -2.12141e-10 0)
(1 -1.68499e-10 0)
(1 -1.3163e-10 0)
(1 -1.23576e-10 0)
(1 -1.73293e-10 0)
(1 -3.01612e-10 0)
(1 -5.05836e-10 0)
(1 -7.53832e-10 0)
(1 -1.00016e-09 0)
(1 -1.20992e-09 0)
(1 -1.37895e-09 0)
(1 -1.51637e-09 0)
(1 -1.61192e-09 0)
(1 -1.61365e-09 0)
(1 -1.45972e-09 0)
(1 -1.14056e-09 0)
(1 -7.55112e-10 0)
(1 -4.7459e-10 0)
(1 -4.35318e-10 0)
(1 -6.40386e-10 0)
(1 -9.43019e-10 0)
(1 -1.13907e-09 0)
(1 -1.0997e-09 0)
(1 -7.91429e-10 0)
(1 -2.87754e-10 0)
(1 -2.75599e-09 0)
(1 -2.84702e-09 0)
(1 -2.95813e-09 0)
(1 -3.05651e-09 0)
(1 -3.11761e-09 0)
(1 -3.14167e-09 0)
(1 -3.14683e-09 0)
(1 -3.1537e-09 0)
(1 -3.17447e-09 0)
(1 -3.21045e-09 0)
(1 -3.25635e-09 0)
(1 -3.30431e-09 0)
(1 -3.34761e-09 0)
(1 -3.38065e-09 0)
(1 -3.3995e-09 0)
(1 -3.40083e-09 0)
(1 -3.38274e-09 0)
(1 -3.34455e-09 0)
(1 -3.28793e-09 0)
(1 -3.21587e-09 0)
(1 -3.13301e-09 0)
(1 -3.04392e-09 0)
(1 -2.95349e-09 0)
(1 -2.86515e-09 0)
(1 -2.78159e-09 0)
(1 -2.70367e-09 0)
(1 -2.63182e-09 0)
(1 -2.56507e-09 0)
(1 -2.50242e-09 0)
(1 -2.44213e-09 0)
(1 -2.38321e-09 0)
(1 -2.32438e-09 0)
(1 -2.26526e-09 0)
(1 -2.20518e-09 0)
(1 -2.14464e-09 0)
(1 -2.08377e-09 0)
(1 -2.02341e-09 0)
(1 -1.96376e-09 0)
(1 -1.90591e-09 0)
(1 -1.84998e-09 0)
(1 -1.79678e-09 0)
(1 -1.74618e-09 0)
(1 -1.699e-09 0)
(1 -1.65522e-09 0)
(1 -1.6159e-09 0)
(1 -1.58131e-09 0)
(1 -1.55312e-09 0)
(1 -1.53223e-09 0)
(1 -1.52043e-09 0)
(1 -1.51858e-09 0)
(1 -1.52802e-09 0)
(1 -1.54844e-09 0)
(1 -1.57913e-09 0)
(1 -1.6171e-09 0)
(1 -1.65881e-09 0)
(1 -1.69836e-09 0)
(1 -1.72943e-09 0)
(1 -1.7443e-09 0)
(1 -1.73651e-09 0)
(1 -1.70003e-09 0)
(1 -1.63182e-09 0)
(1 -1.53113e-09 0)
(1 -1.40165e-09 0)
(1 -1.24982e-09 0)
(1 -1.08581e-09 0)
(1 -9.20833e-10 0)
(1 -7.67321e-10 0)
(1 -6.34986e-10 0)
(1 -5.30634e-10 0)
(1 -4.55433e-10 0)
(1 -4.06583e-10 0)
(1 -3.76699e-10 0)
(1 -3.57077e-10 0)
(1 -3.38259e-10 0)
(1 -3.13749e-10 0)
(1 -2.79949e-10 0)
(1 -2.40893e-10 0)
(1 -2.09371e-10 0)
(1 -2.10004e-10 0)
(1 -2.71883e-10 0)
(1 -4.17192e-10 0)
(1 -6.43728e-10 0)
(1 -9.21361e-10 0)
(1 -1.20364e-09 0)
(1 -1.45198e-09 0)
(1 -1.65177e-09 0)
(1 -1.80131e-09 0)
(1 -1.88312e-09 0)
(1 -1.85301e-09 0)
(1 -1.66459e-09 0)
(1 -1.32497e-09 0)
(1 -9.3048e-10 0)
(1 -6.33599e-10 0)
(1 -5.51684e-10 0)
(1 -6.98221e-10 0)
(1 -9.59583e-10 0)
(1 -1.16153e-09 0)
(1 -1.15226e-09 0)
(1 -8.5897e-10 0)
(1 -3.17476e-10 0)
(1 -3.13637e-09 0)
(1 -3.17944e-09 0)
(1 -3.2704e-09 0)
(1 -3.35457e-09 0)
(1 -3.40073e-09 0)
(1 -3.40852e-09 0)
(1 -3.39873e-09 0)
(1 -3.39545e-09 0)
(1 -3.41203e-09 0)
(1 -3.4498e-09 0)
(1 -3.50179e-09 0)
(1 -3.55855e-09 0)
(1 -3.61157e-09 0)
(1 -3.65419e-09 0)
(1 -3.6812e-09 0)
(1 -3.68859e-09 0)
(1 -3.67365e-09 0)
(1 -3.63585e-09 0)
(1 -3.57681e-09 0)
(1 -3.50022e-09 0)
(1 -3.41095e-09 0)
(1 -3.3147e-09 0)
(1 -3.21649e-09 0)
(1 -3.12056e-09 0)
(1 -3.02943e-09 0)
(1 -2.94459e-09 0)
(1 -2.86603e-09 0)
(1 -2.79312e-09 0)
(1 -2.72424e-09 0)
(1 -2.65804e-09 0)
(1 -2.59299e-09 0)
(1 -2.52813e-09 0)
(1 -2.46249e-09 0)
(1 -2.39599e-09 0)
(1 -2.32869e-09 0)
(1 -2.26119e-09 0)
(1 -2.19392e-09 0)
(1 -2.12772e-09 0)
(1 -2.06319e-09 0)
(1 -2.00106e-09 0)
(1 -1.94157e-09 0)
(1 -1.8853e-09 0)
(1 -1.83253e-09 0)
(1 -1.78392e-09 0)
(1 -1.7399e-09 0)
(1 -1.70162e-09 0)
(1 -1.6702e-09 0)
(1 -1.64732e-09 0)
(1 -1.63426e-09 0)
(1 -1.63263e-09 0)
(1 -1.64318e-09 0)
(1 -1.66601e-09 0)
(1 -1.69952e-09 0)
(1 -1.74094e-09 0)
(1 -1.78557e-09 0)
(1 -1.82732e-09 0)
(1 -1.8585e-09 0)
(1 -1.87136e-09 0)
(1 -1.8583e-09 0)
(1 -1.81359e-09 0)
(1 -1.73371e-09 0)
(1 -1.61909e-09 0)
(1 -1.47383e-09 0)
(1 -1.30624e-09 0)
(1 -1.12739e-09 0)
(1 -9.50776e-10 0)
(1 -7.89496e-10 0)
(1 -6.54647e-10 0)
(1 -5.52604e-10 0)
(1 -4.84693e-10 0)
(1 -4.46411e-10 0)
(1 -4.29125e-10 0)
(1 -4.21643e-10 0)
(1 -4.1348e-10 0)
(1 -3.96722e-10 0)
(1 -3.68816e-10 0)
(1 -3.34423e-10 0)
(1 -3.09031e-10 0)
(1 -3.18257e-10 0)
(1 -3.93122e-10 0)
(1 -5.55987e-10 0)
(1 -8.06499e-10 0)
(1 -1.11508e-09 0)
(1 -1.43468e-09 0)
(1 -1.72199e-09 0)
(1 -1.95184e-09 0)
(1 -2.11082e-09 0)
(1 -2.17666e-09 0)
(1 -2.11237e-09 0)
(1 -1.88939e-09 0)
(1 -1.52826e-09 0)
(1 -1.12131e-09 0)
(1 -7.99668e-10 0)
(1 -6.71191e-10 0)
(1 -7.61102e-10 0)
(1 -9.90953e-10 0)
(1 -1.20239e-09 0)
(1 -1.2209e-09 0)
(1 -9.2026e-10 0)
(1 -3.4224e-10 0)
(1 -3.37829e-09 0)
(1 -3.45646e-09 0)
(1 -3.55201e-09 0)
(1 -3.62799e-09 0)
(1 -3.65761e-09 0)
(1 -3.64363e-09 0)
(1 -3.61278e-09 0)
(1 -3.59426e-09 0)
(1 -3.60414e-09 0)
(1 -3.64329e-09 0)
(1 -3.70274e-09 0)
(1 -3.77047e-09 0)
(1 -3.83594e-09 0)
(1 -3.8909e-09 0)
(1 -3.92887e-09 0)
(1 -3.9447e-09 0)
(1 -3.93509e-09 0)
(1 -3.89914e-09 0)
(1 -3.83872e-09 0)
(1 -3.75784e-09 0)
(1 -3.66231e-09 0)
(1 -3.55841e-09 0)
(1 -3.45206e-09 0)
(1 -3.3478e-09 0)
(1 -3.24876e-09 0)
(1 -3.15646e-09 0)
(1 -3.07112e-09 0)
(1 -2.99176e-09 0)
(1 -2.91692e-09 0)
(1 -2.8449e-09 0)
(1 -2.77424e-09 0)
(1 -2.70355e-09 0)
(1 -2.63208e-09 0)
(1 -2.55952e-09 0)
(1 -2.48619e-09 0)
(1 -2.41239e-09 0)
(1 -2.33891e-09 0)
(1 -2.26646e-09 0)
(1 -2.19595e-09 0)
(1 -2.12784e-09 0)
(1 -2.06275e-09 0)
(1 -2.00106e-09 0)
(1 -1.94338e-09 0)
(1 -1.89011e-09 0)
(1 -1.8421e-09 0)
(1 -1.80041e-09 0)
(1 -1.76659e-09 0)
(1 -1.74211e-09 0)
(1 -1.72877e-09 0)
(1 -1.72801e-09 0)
(1 -1.74085e-09 0)
(1 -1.76687e-09 0)
(1 -1.8045e-09 0)
(1 -1.85025e-09 0)
(1 -1.89898e-09 0)
(1 -1.94345e-09 0)
(1 -1.97548e-09 0)
(1 -1.98626e-09 0)
(1 -1.96792e-09 0)
(1 -1.91407e-09 0)
(1 -1.82177e-09 0)
(1 -1.69182e-09 0)
(1 -1.5298e-09 0)
(1 -1.34515e-09 0)
(1 -1.1512e-09 0)
(1 -9.62991e-10 0)
(1 -7.95396e-10 0)
(1 -6.60089e-10 0)
(1 -5.63993e-10 0)
(1 -5.07578e-10 0)
(1 -4.85128e-10 0)
(1 -4.85454e-10 0)
(1 -4.9531e-10 0)
(1 -5.01755e-10 0)
(1 -4.96002e-10 0)
(1 -4.75045e-10 0)
(1 -4.45215e-10 0)
(1 -4.23622e-10 0)
(1 -4.38524e-10 0)
(1 -5.22701e-10 0)
(1 -7.00696e-10 0)
(1 -9.73544e-10 0)
(1 -1.31259e-09 0)
(1 -1.67e-09 0)
(1 -1.99762e-09 0)
(1 -2.26115e-09 0)
(1 -2.43593e-09 0)
(1 -2.49217e-09 0)
(1 -2.39765e-09 0)
(1 -2.13766e-09 0)
(1 -1.74699e-09 0)
(1 -1.31753e-09 0)
(1 -9.67675e-10 0)
(1 -7.92606e-10 0)
(1 -8.28517e-10 0)
(1 -1.02402e-09 0)
(1 -1.23973e-09 0)
(1 -1.27933e-09 0)
(1 -9.8693e-10 0)
(1 -3.70723e-10 0)
(1 -3.74965e-09 0)
(1 -3.78941e-09 0)
(1 -3.8678e-09 0)
(1 -3.92682e-09 0)
(1 -3.93224e-09 0)
(1 -3.89047e-09 0)
(1 -3.83445e-09 0)
(1 -3.7984e-09 0)
(1 -3.80055e-09 0)
(1 -3.84084e-09 0)
(1 -3.90796e-09 0)
(1 -3.98739e-09 0)
(1 -4.06643e-09 0)
(1 -4.13508e-09 0)
(1 -4.18525e-09 0)
(1 -4.21073e-09 0)
(1 -4.20737e-09 0)
(1 -4.174e-09 0)
(1 -4.11252e-09 0)
(1 -4.02759e-09 0)
(1 -3.92572e-09 0)
(1 -3.81413e-09 0)
(1 -3.69928e-09 0)
(1 -3.58643e-09 0)
(1 -3.47907e-09 0)
(1 -3.37901e-09 0)
(1 -3.2864e-09 0)
(1 -3.20031e-09 0)
(1 -3.11912e-09 0)
(1 -3.0411e-09 0)
(1 -2.9644e-09 0)
(1 -2.88773e-09 0)
(1 -2.81014e-09 0)
(1 -2.73148e-09 0)
(1 -2.65179e-09 0)
(1 -2.5716e-09 0)
(1 -2.49162e-09 0)
(1 -2.41285e-09 0)
(1 -2.33598e-09 0)
(1 -2.26175e-09 0)
(1 -2.19066e-09 0)
(1 -2.12337e-09 0)
(1 -2.06029e-09 0)
(1 -2.00209e-09 0)
(1 -1.94964e-09 0)
(1 -1.90435e-09 0)
(1 -1.86764e-09 0)
(1 -1.84141e-09 0)
(1 -1.82746e-09 0)
(1 -1.82752e-09 0)
(1 -1.84227e-09 0)
(1 -1.87139e-09 0)
(1 -1.91274e-09 0)
(1 -1.96254e-09 0)
(1 -2.01459e-09 0)
(1 -2.06109e-09 0)
(1 -2.09278e-09 0)
(1 -2.10036e-09 0)
(1 -2.0751e-09 0)
(1 -2.01077e-09 0)
(1 -1.90454e-09 0)
(1 -1.7583e-09 0)
(1 -1.57867e-09 0)
(1 -1.37711e-09 0)
(1 -1.16883e-09 0)
(1 -9.70913e-10 0)
(1 -7.99484e-10 0)
(1 -6.67238e-10 0)
(1 -5.80966e-10 0)
(1 -5.40449e-10 0)
(1 -5.37723e-10 0)
(1 -5.59493e-10 0)
(1 -5.8933e-10 0)
(1 -6.12494e-10 0)
(1 -6.18391e-10 0)
(1 -6.04471e-10 0)
(1 -5.78096e-10 0)
(1 -5.58896e-10 0)
(1 -5.77862e-10 0)
(1 -6.70374e-10 0)
(1 -8.6332e-10 0)
(1 -1.15898e-09 0)
(1 -1.52983e-09 0)
(1 -1.92669e-09 0)
(1 -2.29642e-09 0)
(1 -2.59523e-09 0)
(1 -2.78502e-09 0)
(1 -2.83058e-09 0)
(1 -2.70404e-09 0)
(1 -2.40624e-09 0)
(1 -1.98418e-09 0)
(1 -1.52802e-09 0)
(1 -1.14159e-09 0)
(1 -9.14235e-10 0)
(1 -8.97213e-10 0)
(1 -1.06622e-09 0)
(1 -1.28958e-09 0)
(1 -1.35085e-09 0)
(1 -1.04663e-09 0)
(1 -3.94365e-10 0)
(1 -3.98335e-09 0)
(1 -4.06127e-09 0)
(1 -4.14935e-09 0)
(1 -4.19799e-09 0)
(1 -4.17718e-09 0)
(1 -4.10061e-09 0)
(1 -4.01176e-09 0)
(1 -3.95276e-09 0)
(1 -3.9452e-09 0)
(1 -3.98757e-09 0)
(1 -4.06535e-09 0)
(1 -4.16052e-09 0)
(1 -4.25743e-09 0)
(1 -4.34394e-09 0)
(1 -4.41015e-09 0)
(1 -4.44848e-09 0)
(1 -4.45384e-09 0)
(1 -4.42461e-09 0)
(1 -4.36273e-09 0)
(1 -4.2736e-09 0)
(1 -4.16473e-09 0)
(1 -4.04428e-09 0)
(1 -3.91969e-09 0)
(1 -3.79699e-09 0)
(1 -3.68029e-09 0)
(1 -3.57161e-09 0)
(1 -3.47124e-09 0)
(1 -3.37819e-09 0)
(1 -3.29086e-09 0)
(1 -3.20717e-09 0)
(1 -3.12514e-09 0)
(1 -3.04321e-09 0)
(1 -2.96051e-09 0)
(1 -2.87663e-09 0)
(1 -2.79156e-09 0)
(1 -2.70588e-09 0)
(1 -2.62042e-09 0)
(1 -2.53608e-09 0)
(1 -2.45365e-09 0)
(1 -2.37388e-09 0)
(1 -2.29749e-09 0)
(1 -2.22503e-09 0)
(1 -2.15705e-09 0)
(1 -2.09431e-09 0)
(1 -2.03793e-09 0)
(1 -1.98936e-09 0)
(1 -1.95029e-09 0)
(1 -1.92278e-09 0)
(1 -1.90898e-09 0)
(1 -1.91051e-09 0)
(1 -1.92812e-09 0)
(1 -1.96118e-09 0)
(1 -2.00735e-09 0)
(1 -2.06199e-09 0)
(1 -2.11822e-09 0)
(1 -2.1672e-09 0)
(1 -2.1989e-09 0)
(1 -2.203e-09 0)
(1 -2.1703e-09 0)
(1 -2.09441e-09 0)
(1 -1.97308e-09 0)
(1 -1.80902e-09 0)
(1 -1.61052e-09 0)
(1 -1.39114e-09 0)
(1 -1.16849e-09 0)
(1 -9.61676e-10 0)
(1 -7.88579e-10 0)
(1 -6.6282e-10 0)
(1 -5.91279e-10 0)
(1 -5.72326e-10 0)
(1 -5.95795e-10 0)
(1 -6.45122e-10 0)
(1 -7.00704e-10 0)
(1 -7.44581e-10 0)
(1 -7.64516e-10 0)
(1 -7.57339e-10 0)
(1 -7.31713e-10 0)
(1 -7.09622e-10 0)
(1 -7.25831e-10 0)
(1 -8.19834e-10 0)
(1 -1.02198e-09 0)
(1 -1.33696e-09 0)
(1 -1.73815e-09 0)
(1 -2.17527e-09 0)
(1 -2.5907e-09 0)
(1 -2.93145e-09 0)
(1 -3.14681e-09 0)
(1 -3.1921e-09 0)
(1 -3.04052e-09 0)
(1 -2.70371e-09 0)
(1 -2.24224e-09 0)
(1 -1.74928e-09 0)
(1 -1.32017e-09 0)
(1 -1.0371e-09 0)
(1 -9.64493e-10 0)
(1 -1.09987e-09 0)
(1 -1.32745e-09 0)
(1 -1.4083e-09 0)
(1 -1.11225e-09 0)
(1 -4.2259e-10 0)
(1 -4.32732e-09 0)
(1 -4.3782e-09 0)
(1 -4.45586e-09 0)
(1 -4.48376e-09 0)
(1 -4.42814e-09 0)
(1 -4.31128e-09 0)
(1 -4.18672e-09 0)
(1 -4.10479e-09 0)
(1 -4.08847e-09 0)
(1 -4.13473e-09 0)
(1 -4.22521e-09 0)
(1 -4.33828e-09 0)
(1 -4.45539e-09 0)
(1 -4.56169e-09 0)
(1 -4.64566e-09 0)
(1 -4.69793e-09 0)
(1 -4.71259e-09 0)
(1 -4.6874e-09 0)
(1 -4.62473e-09 0)
(1 -4.53071e-09 0)
(1 -4.41396e-09 0)
(1 -4.28366e-09 0)
(1 -4.14835e-09 0)
(1 -4.01498e-09 0)
(1 -3.88816e-09 0)
(1 -3.77025e-09 0)
(1 -3.66165e-09 0)
(1 -3.56145e-09 0)
(1 -3.46777e-09 0)
(1 -3.37836e-09 0)
(1 -3.29104e-09 0)
(1 -3.20407e-09 0)
(1 -3.11638e-09 0)
(1 -3.0274e-09 0)
(1 -2.93708e-09 0)
(1 -2.84609e-09 0)
(1 -2.75517e-09 0)
(1 -2.66523e-09 0)
(1 -2.57712e-09 0)
(1 -2.4917e-09 0)
(1 -2.40973e-09 0)
(1 -2.33174e-09 0)
(1 -2.25846e-09 0)
(1 -2.19083e-09 0)
(1 -2.13006e-09 0)
(1 -2.07777e-09 0)
(1 -2.03592e-09 0)
(1 -2.00686e-09 0)
(1 -1.99283e-09 0)
(1 -1.99552e-09 0)
(1 -2.01564e-09 0)
(1 -2.05235e-09 0)
(1 -2.10284e-09 0)
(1 -2.16171e-09 0)
(1 -2.22127e-09 0)
(1 -2.27172e-09 0)
(1 -2.30208e-09 0)
(1 -2.30115e-09 0)
(1 -2.2594e-09 0)
(1 -2.17044e-09 0)
(1 -2.03259e-09 0)
(1 -1.84982e-09 0)
(1 -1.63221e-09 0)
(1 -1.39576e-09 0)
(1 -1.16038e-09 0)
(1 -9.47434e-10 0)
(1 -7.76382e-10 0)
(1 -6.61705e-10 0)
(1 -6.09865e-10 0)
(1 -6.17452e-10 0)
(1 -6.71633e-10 0)
(1 -7.52094e-10 0)
(1 -8.35717e-10 0)
(1 -9.01249e-10 0)
(1 -9.34514e-10 0)
(1 -9.32042e-10 0)
(1 -9.0361e-10 0)
(1 -8.74823e-10 0)
(1 -8.84696e-10 0)
(1 -9.77964e-10 0)
(1 -1.18821e-09 0)
(1 -1.52283e-09 0)
(1 -1.95594e-09 0)
(1 -2.43608e-09 0)
(1 -2.90184e-09 0)
(1 -3.28799e-09 0)
(1 -3.53079e-09 0)
(1 -3.57488e-09 0)
(1 -3.39554e-09 0)
(1 -3.01741e-09 0)
(1 -2.51425e-09 0)
(1 -1.98025e-09 0)
(1 -1.49944e-09 0)
(1 -1.15532e-09 0)
(1 -1.02564e-09 0)
(1 -1.1358e-09 0)
(1 -1.37333e-09 0)
(1 -1.47746e-09 0)
(1 -1.17081e-09 0)
(1 -4.45797e-10 0)
(1 -4.54572e-09 0)
(1 -4.63752e-09 0)
(1 -4.73079e-09 0)
(1 -4.74521e-09 0)
(1 -4.65151e-09 0)
(1 -4.4847e-09 0)
(1 -4.31512e-09 0)
(1 -4.2038e-09 0)
(1 -4.1774e-09 0)
(1 -4.23008e-09 0)
(1 -4.33833e-09 0)
(1 -4.47554e-09 0)
(1 -4.61898e-09 0)
(1 -4.75107e-09 0)
(1 -4.85779e-09 0)
(1 -4.92816e-09 0)
(1 -4.95487e-09 0)
(1 -4.93514e-09 0)
(1 -4.8719e-09 0)
(1 -4.77201e-09 0)
(1 -4.6457e-09 0)
(1 -4.50325e-09 0)
(1 -4.35505e-09 0)
(1 -4.20871e-09 0)
(1 -4.07001e-09 0)
(1 -3.94133e-09 0)
(1 -3.82384e-09 0)
(1 -3.71604e-09 0)
(1 -3.61632e-09 0)
(1 -3.52171e-09 0)
(1 -3.43023e-09 0)
(1 -3.3394e-09 0)
(1 -3.24821e-09 0)
(1 -3.15544e-09 0)
(1 -3.06154e-09 0)
(1 -2.96646e-09 0)
(1 -2.87148e-09 0)
(1 -2.7769e-09 0)
(1 -2.68423e-09 0)
(1 -2.59382e-09 0)
(1 -2.50696e-09 0)
(1 -2.42374e-09 0)
(1 -2.34564e-09 0)
(1 -2.27318e-09 0)
(1 -2.20833e-09 0)
(1 -2.15226e-09 0)
(1 -2.108e-09 0)
(1 -2.07749e-09 0)
(1 -2.06371e-09 0)
(1 -2.06781e-09 0)
(1 -2.09117e-09 0)
(1 -2.13204e-09 0)
(1 -2.18762e-09 0)
(1 -2.25111e-09 0)
(1 -2.31458e-09 0)
(1 -2.3665e-09 0)
(1 -2.39541e-09 0)
(1 -2.38863e-09 0)
(1 -2.33694e-09 0)
(1 -2.23335e-09 0)
(1 -2.07754e-09 0)
(1 -1.87423e-09 0)
(1 -1.63655e-09 0)
(1 -1.38235e-09 0)
(1 -1.13496e-09 0)
(1 -9.17547e-10 0)
(1 -7.52166e-10 0)
(1 -6.53359e-10 0)
(1 -6.27603e-10 0)
(1 -6.68683e-10 0)
(1 -7.61034e-10 0)
(1 -8.79194e-10 0)
(1 -9.96259e-10 0)
(1 -1.08621e-09 0)
(1 -1.13319e-09 0)
(1 -1.13172e-09 0)
(1 -1.0939e-09 0)
(1 -1.04824e-09 0)
(1 -1.04076e-09 0)
(1 -1.12208e-09 0)
(1 -1.33223e-09 0)
(1 -1.68147e-09 0)
(1 -2.14545e-09 0)
(1 -2.67198e-09 0)
(1 -3.19487e-09 0)
(1 -3.63863e-09 0)
(1 -3.92509e-09 0)
(1 -3.98311e-09 0)
(1 -3.78591e-09 0)
(1 -3.36591e-09 0)
(1 -2.81248e-09 0)
(1 -2.22413e-09 0)
(1 -1.68421e-09 0)
(1 -1.27012e-09 0)
(1 -1.07638e-09 0)
(1 -1.15071e-09 0)
(1 -1.39486e-09 0)
(1 -1.52403e-09 0)
(1 -1.23303e-09 0)
(1 -4.73888e-10 0)
(1 -4.84426e-09 0)
(1 -4.93076e-09 0)
(1 -5.02184e-09 0)
(1 -5.01217e-09 0)
(1 -4.87102e-09 0)
(1 -4.64942e-09 0)
(1 -4.434e-09 0)
(1 -4.29577e-09 0)
(1 -4.26319e-09 0)
(1 -4.32681e-09 0)
(1 -4.45739e-09 0)
(1 -4.62285e-09 0)
(1 -4.79625e-09 0)
(1 -4.95692e-09 0)
(1 -5.08817e-09 0)
(1 -5.17732e-09 0)
(1 -5.21554e-09 0)
(1 -5.20029e-09 0)
(1 -5.13453e-09 0)
(1 -5.02689e-09 0)
(1 -4.88849e-09 0)
(1 -4.7321e-09 0)
(1 -4.56886e-09 0)
(1 -4.40829e-09 3.39602e-42)
(1 -4.25616e-09 0)
(1 -4.11628e-09 0)
(1 -3.98909e-09 0)
(1 -3.87393e-09 0)
(1 -3.76799e-09 0)
(1 -3.66895e-09 0)
(1 -3.57348e-09 0)
(1 -3.47972e-09 0)
(1 -3.38529e-09 0)
(1 -3.28977e-09 0)
(1 -3.19243e-09 0)
(1 -3.09409e-09 0)
(1 -2.99487e-09 0)
(1 -2.89621e-09 0)
(1 -2.79853e-09 0)
(1 -2.70336e-09 0)
(1 -2.61079e-09 0)
(1 -2.52234e-09 0)
(1 -2.4384e-09 0)
(1 -2.36089e-09 0)
(1 -2.29075e-09 -1.76473e-42)
(1 -2.23073e-09 0)
(1 -2.18291e-09 -1.68166e-42)
(1 -2.15073e-09 0)
(1 -2.13607e-09 0)
(1 -2.14151e-09 0)
(1 -2.16701e-09 0)
(1 -2.21183e-09 0)
(1 -2.27114e-09 0)
(1 -2.33882e-09 0)
(1 -2.40447e-09 0)
(1 -2.45691e-09 0)
(1 -2.48212e-09 0)
(1 -2.46827e-09 0)
(1 -2.4043e-09 0)
(1 -2.28496e-09 0)
(1 -2.10941e-09 0)
(1 -1.88563e-09 0)
(1 -1.62778e-09 0)
(1 -1.35786e-09 0)
(1 -1.10068e-09 0)
(1 -8.83251e-10 0)
(1 -7.27941e-10 0)
(1 -6.5112e-10 0)
(1 -6.56592e-10 0)
(1 -7.37125e-10 2.8393e-43)
(1 -8.71298e-10 -3.35612e-43)
(1 -1.03064e-09 -3.96989e-43)
(1 -1.18137e-09 4.55046e-43)
(1 -1.29541e-09 4.98974e-43)
(1 -1.35207e-09 -5.20797e-43)
(1 -1.3469e-09 -5.18808e-43)
(1 -1.29243e-09 4.97826e-43)
(1 -1.22368e-09 4.71344e-43)
(1 -1.19291e-09 -4.59491e-43)
(1 -1.25923e-09 -4.85036e-43)
(1 -1.46765e-09 0)
(1 -1.83231e-09 0)
(1 -2.3299e-09 -1.79489e-42)
(1 -2.90852e-09 0)
(1 -3.49528e-09 -2.69266e-42)
(1 -4.00502e-09 1.54268e-42)
(1 -4.33697e-09 -3.34108e-42)
(1 -4.40895e-09 0)
(1 -4.18895e-09 -3.22705e-42)
(1 -3.72453e-09 1.43464e-42)
(1 -3.11675e-09 -2.40106e-42)
(1 -2.47152e-09 0)
(1 -1.86281e-09 -1.43506e-42)
(1 -1.3722e-09 0)
(1 -1.11307e-09 0)
(1 -1.16083e-09 -4.47137e-43)
(1 -1.41957e-09 -5.468e-43)
(1 -1.58258e-09 0)
(1 -1.28701e-09 -4.95739e-43)
(1 -4.95809e-10 -1.90979e-43)
(1 -5.07143e-09 0)
(1 -5.19839e-09 0)
(1 -5.30858e-09 0)
(1 -5.27774e-09 0)
(1 -5.08098e-09 0)
(1 -4.78945e-09 0)
(1 -4.51375e-09 0)
(1 -4.33899e-09 0)
(1 -4.29773e-09 0)
(1 -4.37528e-09 0)
(1 -4.53495e-09 0)
(1 -4.73701e-09 0)
(1 -4.94897e-09 0)
(1 -5.14627e-09 0)
(1 -5.30896e-09 0)
(1 -5.42222e-09 0)
(1 -5.47556e-09 0)
(1 -5.46637e-09 0)
(1 -5.39799e-09 0)
(1 -5.28078e-09 0)
(1 -5.12768e-09 0)
(1 -4.9539e-09 0)
(1 -4.77224e-09 0)
(1 -4.59394e-09 3.53905e-42)
(1 -4.42579e-09 0)
(1 -4.27238e-09 0)
(1 -4.13435e-09 0)
(1 -4.01103e-09 0)
(1 -3.89923e-09 0)
(1 -3.79633e-09 0)
(1 -3.69839e-09 0)
(1 -3.60306e-09 0)
(1 -3.50745e-09 0)
(1 -3.41091e-09 0)
(1 -3.31221e-09 0)
(1 -3.21214e-09 0)
(1 -3.11043e-09 0)
(1 -3.00879e-09 0)
(1 -2.90736e-09 0)
(1 -2.80782e-09 0)
(1 -2.71024e-09 0)
(1 -2.61649e-09 0)
(1 -2.52695e-09 0)
(1 -2.44384e-09 0)
(1 -2.36832e-09 -1.82449e-42)
(1 -2.30375e-09 0)
(1 -2.25228e-09 -1.7351e-42)
(1 -2.2178e-09 0)
(1 -2.2023e-09 0)
(1 -2.20877e-09 0)
(1 -2.23675e-09 0)
(1 -2.28526e-09 0)
(1 -2.34871e-09 0)
(1 -2.42031e-09 0)
(1 -2.48827e-09 0)
(1 -2.54034e-09 0)
(1 -2.56134e-09 0)
(1 -2.53883e-09 0)
(1 -2.46125e-09 0)
(1 -2.32388e-09 0)
(1 -2.12695e-09 0)
(1 -1.88077e-09 0)
(1 -1.60204e-09 0)
(1 -1.3161e-09 0)
(1 -1.05085e-09 0)
(1 -8.36246e-10 0)
(1 -6.96205e-10 0)
(1 -6.47498e-10 0)
(1 -6.92276e-10 0)
(1 -8.20149e-10 3.1591e-43)
(1 -1.00435e-09 -3.86863e-43)
(1 -1.21077e-09 -4.66372e-43)
(1 -1.39947e-09 5.39055e-43)
(1 -1.5376e-09 5.92263e-43)
(1 -1.60055e-09 -6.16509e-43)
(1 -1.58287e-09 -6.09699e-43)
(1 -1.49933e-09 5.77522e-43)
(1 -1.39127e-09 5.35899e-43)
(1 -1.32056e-09 -5.08663e-43)
(1 -1.35666e-09 -5.22566e-43)
(1 -1.55299e-09 0)
(1 -1.92836e-09 0)
(1 -2.46132e-09 -1.89613e-42)
(1 -3.09902e-09 0)
(1 -3.76358e-09 -2.89936e-42)
(1 -4.35844e-09 1.67881e-42)
(1 -4.76069e-09 -3.6675e-42)
(1 -4.86865e-09 0)
(1 -4.63984e-09 -3.5744e-42)
(1 -4.12985e-09 1.59076e-42)
(1 -3.45577e-09 -2.66222e-42)
(1 -2.73668e-09 0)
(1 -2.04646e-09 -1.57654e-42)
(1 -1.46635e-09 0)
(1 -1.12947e-09 0)
(1 -1.13151e-09 -4.35842e-43)
(1 -1.39995e-09 -5.39243e-43)
(1 -1.59794e-09 0)
(1 -1.33353e-09 -5.13658e-43)
(1 -5.19896e-10 -2.00256e-43)
(1 -5.35966e-09 0)
(1 -5.50339e-09 0)
(1 -5.6188e-09 0)
(1 -5.55212e-09 0)
(1 -5.28654e-09 0)
(1 -4.91803e-09 0)
(1 -4.58039e-09 0)
(1 -4.37289e-09 0)
(1 -4.3286e-09 0)
(1 -4.42735e-09 0)
(1 -4.62313e-09 0)
(1 -4.86837e-09 0)
(1 -5.12467e-09 0)
(1 -5.36245e-09 0)
(1 -5.55915e-09 0)
(1 -5.69663e-09 0)
(1 -5.76436e-09 0)
(1 -5.75835e-09 0)
(1 -5.68448e-09 0)
(1 -5.55359e-09 0)
(1 -5.3826e-09 0)
(1 -5.18753e-09 0)
(1 -4.98486e-09 0)
(1 -4.78598e-09 0)
(1 -4.6005e-09 0)
(1 -4.43211e-09 0)
(1 -4.28322e-09 0)
(1 -4.15136e-09 0)
(1 -4.03473e-09 0)
(1 -3.92839e-09 0)
(1 -3.8295e-09 0)
(1 -3.73325e-09 0)
(1 -3.63817e-09 0)
(1 -3.54116e-09 0)
(1 -3.4425e-09 0)
(1 -3.34078e-09 0)
(1 -3.23764e-09 0)
(1 -3.13264e-09 0)
(1 -3.0279e-09 0)
(1 -2.92305e-09 0)
(1 -2.82052e-09 0)
(1 -2.72012e-09 0)
(1 -2.62458e-09 0)
(1 -2.5342e-09 0)
(1 -2.45285e-09 0)
(1 -2.38194e-09 0)
(1 -2.32627e-09 0)
(1 -2.28773e-09 0)
(1 -2.27104e-09 0)
(1 -2.27678e-09 0)
(1 -2.30679e-09 0)
(1 -2.35713e-09 0)
(1 -2.42418e-09 0)
(1 -2.49751e-09 0)
(1 -2.5668e-09 0)
(1 -2.61587e-09 0)
(1 -2.63134e-09 0)
(1 -2.59737e-09 0)
(1 -2.50489e-09 0)
(1 -2.34716e-09 0)
(1 -2.12859e-09 0)
(1 -1.8593e-09 0)
(1 -1.56143e-09 0)
(1 -1.26121e-09 0)
(1 -9.92347e-10 0)
(1 -7.84876e-10 0)
(1 -6.66738e-10 0)
(1 -6.51737e-10 0)
(1 -7.42886e-10 0)
(1 -9.22393e-10 0)
(1 -1.16116e-09 0)
(1 -1.41508e-09 0)
(1 -1.64165e-09 0)
(1 -1.79898e-09 0)
(1 -1.86199e-09 0)
(1 -1.82176e-09 0)
(1 -1.6989e-09 0)
(1 -1.54108e-09 0)
(1 -1.42297e-09 0)
(1 -1.42419e-09 0)
(1 -1.60717e-09 0)
(1 -1.9944e-09 0)
(1 -2.56809e-09 0)
(1 -3.27234e-09 0)
(1 -4.0293e-09 0)
(1 -4.71883e-09 0)
(1 -5.20036e-09 0)
(1 -5.34213e-09 0)
(1 -5.10155e-09 0)
(1 -4.53975e-09 0)
(1 -3.79956e-09 0)
(1 -3.00276e-09 0)
(1 -2.22201e-09 0)
(1 -1.54452e-09 0)
(1 -1.12021e-09 0)
(1 -1.08642e-09 0)
(1 -1.37102e-09 0)
(1 -1.61881e-09 0)
(1 -1.365e-09 0)
(1 -5.33749e-10 0)
(1 -5.71354e-09 0)
(1 -5.87589e-09 0)
(1 -5.9937e-09 0)
(1 -5.8776e-09 0)
(1 -5.52327e-09 0)
(1 -5.05103e-09 0)
(1 -4.62826e-09 0)
(1 -4.37105e-09 0)
(1 -4.31702e-09 0)
(1 -4.43798e-09 0)
(1 -4.67657e-09 0)
(1 -4.97508e-09 0)
(1 -5.28637e-09 0)
(1 -5.57574e-09 0)
(1 -5.81574e-09 0)
(1 -5.98547e-09 0)
(1 -6.07278e-09 0)
(1 -6.07291e-09 0)
(1 -5.99381e-09 0)
(1 -5.84748e-09 0)
(1 -5.65538e-09 0)
(1 -5.43461e-09 0)
(1 -5.2065e-09 0)
(1 -4.9824e-09 0)
(1 -4.77594e-09 0)
(1 -4.58927e-09 0)
(1 -4.42751e-09 0)
(1 -4.28579e-09 0)
(1 -4.16431e-09 0)
(1 -4.05494e-09 0)
(1 -3.95649e-09 0)
(1 -3.86097e-09 0)
(1 -3.76858e-09 0)
(1 -3.67308e-09 0)
(1 -3.57672e-09 0)
(1 -3.47511e-09 0)
(1 -3.37235e-09 0)
(1 -3.26506e-09 0)
(1 -3.15801e-09 0)
(1 -3.04817e-09 0)
(1 -2.94093e-09 0)
(1 -2.83337e-09 0)
(1 -2.73137e-09 0)
(1 -2.63276e-09 0)
(1 -2.54475e-09 0)
(1 -2.4662e-09 0)
(1 -2.40538e-09 0)
(1 -2.36164e-09 0)
(1 -2.34308e-09 0)
(1 -2.34714e-09 0)
(1 -2.37869e-09 0)
(1 -2.43016e-09 0)
(1 -2.50045e-09 0)
(1 -2.57461e-09 0)
(1 -2.64444e-09 0)
(1 -2.68911e-09 0)
(1 -2.69766e-09 0)
(1 -2.64989e-09 0)
(1 -2.5404e-09 0)
(1 -2.35953e-09 0)
(1 -2.11738e-09 0)
(1 -1.82284e-09 0)
(1 -1.50536e-09 0)
(1 -1.19122e-09 0)
(1 -9.21495e-10 0)
(1 -7.25339e-10 0)
(1 -6.35669e-10 0)
(1 -6.62294e-10 0)
(1 -8.08919e-10 0)
(1 -1.0489e-09 0)
(1 -1.34995e-09 0)
(1 -1.6564e-09 0)
(1 -1.92236e-09 0)
(1 -2.09476e-09 0)
(1 -2.14902e-09 0)
(1 -2.07033e-09 0)
(1 -1.88883e-09 0)
(1 -1.65742e-09 0)
(1 -1.47006e-09 0)
(1 -1.41734e-09 0)
(1 -1.57662e-09 0)
(1 -1.9735e-09 0)
(1 -2.59377e-09 0)
(1 -3.38073e-09 0)
(1 -4.25131e-09 0)
(1 -5.06789e-09 0)
(1 -5.66379e-09 0)
(1 -5.87104e-09 0)
(1 -5.63619e-09 0)
(1 -5.02007e-09 0)
(1 -4.19672e-09 0)
(1 -3.29605e-09 0)
(1 -2.40896e-09 0)
(1 -1.60931e-09 0)
(1 -1.07836e-09 0)
(1 -9.7556e-10 0)
(1 -1.26429e-09 0)
(1 -1.55761e-09 0)
(1 -1.366e-09 0)
(1 -5.43845e-10 0)
(1 -6.12036e-09 0)
(1 -6.31495e-09 0)
(1 -6.4133e-09 0)
(1 -6.22732e-09 0)
(1 -5.75992e-09 0)
(1 -5.17239e-09 0)
(1 -4.65882e-09 0)
(1 -4.35418e-09 0)
(1 -4.29604e-09 0)
(1 -4.44736e-09 0)
(1 -4.73814e-09 0)
(1 -5.0989e-09 0)
(1 -5.47335e-09 0)
(1 -5.82068e-09 0)
(1 -6.10713e-09 0)
(1 -6.31119e-09 0)
(1 -6.41555e-09 0)
(1 -6.42039e-09 0)
(1 -6.32997e-09 0)
(1 -6.1656e-09 0)
(1 -5.94504e-09 0)
(1 -5.69653e-09 0)
(1 -5.43634e-09 0)
(1 -5.18668e-09 0)
(1 -4.95413e-09 0)
(1 -4.75066e-09 0)
(1 -4.57268e-09 0)
(1 -4.42433e-09 0)
(1 -4.29588e-09 0)
(1 -4.18774e-09 0)
(1 -4.08826e-09 0)
(1 -3.99818e-09 0)
(1 -3.90699e-09 0)
(1 -3.81757e-09 0)
(1 -3.72153e-09 0)
(1 -3.62424e-09 0)
(1 -3.51906e-09 0)
(1 -3.41297e-09 0)
(1 -3.30005e-09 0)
(1 -3.1882e-09 0)
(1 -3.07185e-09 0)
(1 -2.95957e-09 0)
(1 -2.84621e-09 0)
(1 -2.74158e-09 0)
(1 -2.64167e-09 0)
(1 -2.55765e-09 0)
(1 -2.48634e-09 0)
(1 -2.43973e-09 0)
(1 -2.41387e-09 0)
(1 -2.41873e-09 0)
(1 -2.44632e-09 0)
(1 -2.50153e-09 0)
(1 -2.56918e-09 0)
(1 -2.64653e-09 0)
(1 -2.71057e-09 0)
(1 -2.75303e-09 0)
(1 -2.74793e-09 0)
(1 -2.68858e-09 0)
(1 -2.55559e-09 0)
(1 -2.3547e-09 0)
(1 -2.0838e-09 0)
(1 -1.76893e-09 0)
(1 -1.42918e-09 0)
(1 -1.10883e-09 0)
(1 -8.3847e-10 0)
(1 -6.63861e-10 0)
(1 -6.04869e-10 0)
(1 -6.84527e-10 0)
(1 -8.88005e-10 0)
(1 -1.19796e-09 0)
(1 -1.55856e-09 0)
(1 -1.92244e-09 0)
(1 -2.21833e-09 0)
(1 -2.40374e-09 0)
(1 -2.43232e-09 0)
(1 -2.30632e-09 0)
(1 -2.04606e-09 0)
(1 -1.73217e-09 0)
(1 -1.46189e-09 0)
(1 -1.3537e-09 0)
(1 -1.48495e-09 0)
(1 -1.89669e-09 0)
(1 -2.56839e-09 0)
(1 -3.45574e-09 0)
(1 -4.45483e-09 0)
(1 -5.42401e-09 0)
(1 -6.13827e-09 0)
(1 -6.42085e-09 0)
(1 -6.17795e-09 0)
(1 -5.51404e-09 0)
(1 -4.59684e-09 0)
(1 -3.60222e-09 0)
(1 -2.58769e-09 0)
(1 -1.65495e-09 0)
(1 -9.94201e-10 0)
(1 -8.25099e-10 0)
(1 -1.11905e-09 0)
(1 -1.48578e-09 0)
(1 -1.33433e-09 0)
(1 -5.35386e-10 0)
(1 -6.74218e-09 0)
(1 -6.91401e-09 0)
(1 -6.96214e-09 0)
(1 -6.67832e-09 0)
(1 -6.06911e-09 0)
(1 -5.33477e-09 0)
(1 -4.70054e-09 0)
(1 -4.32573e-09 0)
(1 -4.25053e-09 0)
(1 -4.42702e-09 0)
(1 -4.77319e-09 0)
(1 -5.20234e-09 0)
(1 -5.65089e-09 0)
(1 -6.06618e-09 0)
(1 -6.41183e-09 0)
(1 -6.65877e-09 0)
(1 -6.78998e-09 0)
(1 -6.80305e-09 0)
(1 -6.70584e-09 0)
(1 -6.52139e-09 0)
(1 -6.27248e-09 0)
(1 -5.99057e-09 0)
(1 -5.69636e-09 0)
(1 -5.4144e-09 0)
(1 -5.15393e-09 0)
(1 -4.92752e-09 0)
(1 -4.73307e-09 0)
(1 -4.57357e-09 0)
(1 -4.43983e-09 0)
(1 -4.33007e-09 0)
(1 -4.23301e-09 0)
(1 -4.14677e-09 0)
(1 -4.06124e-09 0)
(1 -3.97673e-09 0)
(1 -3.88577e-09 0)
(1 -3.79142e-09 0)
(1 -3.68823e-09 0)
(1 -3.5812e-09 0)
(1 -3.46613e-09 0)
(1 -3.34918e-09 0)
(1 -3.22664e-09 0)
(1 -3.1056e-09 0)
(1 -2.98319e-09 0)
(1 -2.86785e-09 0)
(1 -2.75799e-09 0)
(1 -2.66346e-09 0)
(1 -2.5837e-09 0)
(1 -2.52924e-09 0)
(1 -2.49833e-09 0)
(1 -2.49913e-09 0)
(1 -2.52541e-09 0)
(1 -2.57953e-09 0)
(1 -2.64717e-09 0)
(1 -2.72253e-09 0)
(1 -2.78304e-09 0)
(1 -2.81736e-09 0)
(1 -2.80002e-09 0)
(1 -2.72229e-09 0)
(1 -2.56675e-09 0)
(1 -2.33895e-09 0)
(1 -2.04074e-09 0)
(1 -1.70004e-09 0)
(1 -1.34199e-09 0)
(1 -1.01317e-09 0)
(1 -7.50142e-10 0)
(1 -5.99061e-10 0)
(1 -5.82998e-10 0)
(1 -7.2075e-10 0)
(1 -9.94923e-10 0)
(1 -1.37889e-09 0)
(1 -1.80935e-09 0)
(1 -2.22785e-09 0)
(1 -2.5543e-09 0)
(1 -2.73812e-09 0)
(1 -2.72848e-09 0)
(1 -2.52803e-09 0)
(1 -2.166e-09 0)
(1 -1.73759e-09 0)
(1 -1.36381e-09 0)
(1 -1.17973e-09 0)
(1 -1.28176e-09 0)
(1 -1.71051e-09 0)
(1 -2.45558e-09 0)
(1 -3.46399e-09 0)
(1 -4.63125e-09 0)
(1 -5.78856e-09 0)
(1 -6.67078e-09 0)
(1 -7.05748e-09 0)
(1 -6.82776e-09 0)
(1 -6.09803e-09 0)
(1 -5.06243e-09 0)
(1 -3.93329e-09 0)
(1 -2.76674e-09 0)
(1 -1.66902e-09 0)
(1 -8.54683e-10 0)
(1 -5.70646e-10 0)
(1 -8.58062e-10 0)
(1 -1.28832e-09 0)
(1 -1.25466e-09 0)
(1 -5.19757e-10 0)
(1 -7.37479e-09 0)
(1 -7.54543e-09 0)
(1 -7.5367e-09 0)
(1 -7.12745e-09 0)
(1 -6.36525e-09 0)
(1 -5.4742e-09 0)
(1 -4.72094e-09 0)
(1 -4.27864e-09 0)
(1 -4.18954e-09 0)
(1 -4.39771e-09 0)
(1 -4.80266e-09 0)
(1 -5.30839e-09 0)
(1 -5.83514e-09 0)
(1 -6.32479e-09 0)
(1 -6.7318e-09 0)
(1 -7.02281e-09 0)
(1 -7.17997e-09 0)
(1 -7.19787e-09 0)
(1 -7.09145e-09 0)
(1 -6.88125e-09 0)
(1 -6.60187e-09 0)
(1 -6.28087e-09 0)
(1 -5.95178e-09 0)
(1 -5.63289e-09 0)
(1 -5.34519e-09 0)
(1 -5.0929e-09 0)
(1 -4.8841e-09 0)
(1 -4.71193e-09 0)
(1 -4.57603e-09 0)
(1 -4.46407e-09 0)
(1 -4.37315e-09 0)
(1 -4.29044e-09 0)
(1 -4.21422e-09 0)
(1 -4.13411e-09 0)
(1 -4.05152e-09 0)
(1 -3.95892e-09 0)
(1 -3.86045e-09 0)
(1 -3.75058e-09 0)
(1 -3.63543e-09 0)
(1 -3.51065e-09 0)
(1 -3.38343e-09 0)
(1 -3.25036e-09 0)
(1 -3.12006e-09 0)
(1 -2.99037e-09 0)
(1 -2.87155e-09 0)
(1 -2.76276e-09 0)
(1 -2.67572e-09 0)
(1 -2.60957e-09 0)
(1 -2.57494e-09 0)
(1 -2.56777e-09 0)
(1 -2.59423e-09 0)
(1 -2.64295e-09 0)
(1 -2.71196e-09 0)
(1 -2.78047e-09 0)
(1 -2.83869e-09 0)
(1 -2.85944e-09 0)
(1 -2.83105e-09 0)
(1 -2.7297e-09 0)
(1 -2.55344e-09 0)
(1 -2.2947e-09 0)
(1 -1.97261e-09 0)
(1 -1.60475e-09 0)
(1 -1.23435e-09 0)
(1 -8.9881e-10 0)
(1 -6.51672e-10 0)
(1 -5.28026e-10 0)
(1 -5.64904e-10 0)
(1 -7.6369e-10 0)
(1 -1.11709e-09 0)
(1 -1.5731e-09 0)
(1 -2.0773e-09 0)
(1 -2.54065e-09 0)
(1 -2.89431e-09 0)
(1 -3.05879e-09 0)
(1 -2.99931e-09 0)
(1 -2.70289e-09 0)
(1 -2.22482e-09 0)
(1 -1.66814e-09 0)
(1 -1.18466e-09 0)
(1 -9.25606e-10 0)
(1 -1.00026e-09 0)
(1 -1.45563e-09 0)
(1 -2.28635e-09 0)
(1 -3.43319e-09 0)
(1 -4.79874e-09 0)
(1 -6.15599e-09 0)
(1 -7.22522e-09 0)
(1 -7.69804e-09 0)
(1 -7.48184e-09 0)
(1 -6.66501e-09 0)
(1 -5.5277e-09 0)
(1 -4.255e-09 0)
(1 -2.93272e-09 0)
(1 -1.64854e-09 0)
(1 -6.42636e-10 0)
(1 -2.53951e-10 0)
(1 -5.39766e-10 0)
(1 -1.0867e-09 0)
(1 -1.14458e-09 0)
(1 -4.86839e-10 0)
(1 -8.1877e-09 0)
(1 -8.26411e-09 0)
(1 -8.16952e-09 0)
(1 -7.62802e-09 0)
(1 -6.72094e-09 0)
(1 -5.67208e-09 0)
(1 -4.79441e-09 0)
(1 -4.2733e-09 0)
(1 -4.15491e-09 0)
(1 -4.38046e-09 0)
(1 -4.82854e-09 0)
(1 -5.4024e-09 0)
(1 -5.99894e-09 0)
(1 -6.56503e-09 0)
(1 -7.03396e-09 0)
(1 -7.37877e-09 0)
(1 -7.56682e-09 0)
(1 -7.60074e-09 0)
(1 -7.4893e-09 0)
(1 -7.26206e-09 0)
(1 -6.95336e-09 0)
(1 -6.59869e-09 0)
(1 -6.23282e-09 0)
(1 -5.87975e-09 0)
(1 -5.56062e-09 0)
(1 -5.28383e-09 0)
(1 -5.05531e-09 0)
(1 -4.87159e-09 0)
(1 -4.72805e-09 0)
(1 -4.61591e-09 0)
(1 -4.5262e-09 0)
(1 -4.45012e-09 0)
(1 -4.37905e-09 0)
(1 -4.30752e-09 0)
(1 -4.22959e-09 0)
(1 -4.14347e-09 0)
(1 -4.0459e-09 0)
(1 -3.93807e-09 0)
(1 -3.8187e-09 0)
(1 -3.69069e-09 0)
(1 -3.55398e-09 0)
(1 -3.41322e-09 0)
(1 -3.26974e-09 0)
(1 -3.12982e-09 0)
(1 -2.99641e-09 0)
(1 -2.87769e-09 0)
(1 -2.77765e-09 0)
(1 -2.70437e-09 0)
(1 -2.6603e-09 0)
(1 -2.65003e-09 0)
(1 -2.67068e-09 0)
(1 -2.71861e-09 0)
(1 -2.78232e-09 0)
(1 -2.84787e-09 0)
(1 -2.896e-09 0)
(1 -2.90585e-09 0)
(1 -2.8577e-09 0)
(1 -2.73468e-09 0)
(1 -2.52914e-09 0)
(1 -2.24209e-09 0)
(1 -1.88962e-09 0)
(1 -1.50027e-09 0)
(1 -1.11493e-09 0)
(1 -7.83037e-10 0)
(1 -5.53572e-10 0)
(1 -4.72268e-10 0)
(1 -5.65932e-10 0)
(1 -8.41441e-10 0)
(1 -1.2748e-09 0)
(1 -1.813e-09 0)
(1 -2.38234e-09 0)
(1 -2.88854e-09 0)
(1 -3.2482e-09 0)
(1 -3.37727e-09 0)
(1 -3.23716e-09 0)
(1 -2.8205e-09 0)
(1 -2.19596e-09 0)
(1 -1.49386e-09 0)
(1 -8.87154e-10 0)
(1 -5.6215e-10 0)
(1 -6.24073e-10 0)
(1 -1.14547e-09 0)
(1 -2.08914e-09 0)
(1 -3.42478e-09 0)
(1 -5.00797e-09 0)
(1 -6.61045e-09 0)
(1 -7.87658e-09 0)
(1 -8.45488e-09 0)
(1 -8.22596e-09 0)
(1 -7.28663e-09 0)
(1 -5.98367e-09 0)
(1 -4.51635e-09 0)
(1 -3.01401e-09 0)
(1 -1.52835e-09 0)
(1 -3.4196e-10 0)
(1 1.65847e-10 0)
(1 -1.3521e-10 0)
(1 -8.19071e-10 0)
(1 -1.04564e-09 0)
(1 -4.73742e-10 0)
(1 -8.72296e-09 0)
(1 -8.84025e-09 0)
(1 -8.65581e-09 0)
(1 -8.04398e-09 0)
(1 -6.9969e-09 0)
(1 -5.83649e-09 0)
(1 -4.84892e-09 0)
(1 -4.25671e-09 0)
(1 -4.11202e-09 0)
(1 -4.33329e-09 0)
(1 -4.82426e-09 0)
(1 -5.43978e-09 0)
(1 -6.11231e-09 0)
(1 -6.73561e-09 0)
(1 -7.27628e-09 0)
(1 -7.66382e-09 0)
(1 -7.89169e-09 0)
(1 -7.93725e-09 0)
(1 -7.82755e-09 0)
(1 -7.58364e-09 0)
(1 -7.25062e-09 0)
(1 -6.86465e-09 0)
(1 -6.46556e-09 0)
(1 -6.08012e-09 0)
(1 -5.7323e-09 0)
(1 -5.43103e-09 0)
(1 -5.18535e-09 0)
(1 -4.98824e-09 0)
(1 -4.84018e-09 0)
(1 -4.72465e-09 0)
(1 -4.64005e-09 0)
(1 -4.56651e-09 0)
(1 -4.50539e-09 0)
(1 -4.43796e-09 0)
(1 -4.37011e-09 0)
(1 -4.28565e-09 0)
(1 -4.19491e-09 0)
(1 -4.08407e-09 0)
(1 -3.96652e-09 0)
(1 -3.82991e-09 0)
(1 -3.69007e-09 0)
(1 -3.53604e-09 0)
(1 -3.38589e-09 0)
(1 -3.23001e-09 0)
(1 -3.08899e-09 0)
(1 -2.95463e-09 0)
(1 -2.84879e-09 0)
(1 -2.76263e-09 0)
(1 -2.71632e-09 0)
(1 -2.69706e-09 0)
(1 -2.71837e-09 0)
(1 -2.75927e-09 0)
(1 -2.82277e-09 0)
(1 -2.8788e-09 0)
(1 -2.92034e-09 0)
(1 -2.91281e-09 0)
(1 -2.8477e-09 0)
(1 -2.69761e-09 0)
(1 -2.46663e-09 0)
(1 -2.14811e-09 0)
(1 -1.77267e-09 0)
(1 -1.36155e-09 0)
(1 -9.73339e-10 0)
(1 -6.46953e-10 0)
(1 -4.50587e-10 0)
(1 -4.13303e-10 0)
(1 -5.77522e-10 0)
(1 -9.27506e-10 0)
(1 -1.44609e-09 0)
(1 -2.0574e-09 0)
(1 -2.68379e-09 0)
(1 -3.21698e-09 0)
(1 -3.5629e-09 0)
(1 -3.6368e-09 0)
(1 -3.39407e-09 0)
(1 -2.83981e-09 0)
(1 -2.06384e-09 0)
(1 -1.21168e-09 0)
(1 -5.10149e-10 0)
(1 -1.24807e-10 0)
(1 -2.2554e-10 0)
(1 -8.12263e-10 0)
(1 -1.92278e-09 0)
(1 -3.44251e-09 0)
(1 -5.27888e-09 0)
(1 -7.11274e-09 0)
(1 -8.55176e-09 0)
(1 -9.20164e-09 0)
(1 -8.89224e-09 0)
(1 -7.82674e-09 0)
(1 -6.31724e-09 0)
(1 -4.69083e-09 0)
(1 -2.98794e-09 0)
(1 -1.30428e-09 0)
(1 6.68844e-11 0)
(1 6.61035e-10 0)
(1 2.49804e-10 0)
(1 -5.99261e-10 0)
(1 -9.82454e-10 0)
(1 -4.62883e-10 0)
(1 -9.18034e-09 0)
(1 -9.26784e-09 0)
(1 -9.0666e-09 0)
(1 -8.41054e-09 0)
(1 -7.28692e-09 0)
(1 -6.03312e-09 0)
(1 -4.95412e-09 0)
(1 -4.29297e-09 0)
(1 -4.09857e-09 0)
(1 -4.29548e-09 0)
(1 -4.7815e-09 0)
(1 -5.4139e-09 0)
(1 -6.12037e-09 0)
(1 -6.79406e-09 0)
(1 -7.38919e-09 0)
(1 -7.83424e-09 0)
(1 -8.10678e-09 0)
(1 -8.18945e-09 0)
(1 -8.09603e-09 0)
(1 -7.86071e-09 0)
(1 -7.51742e-09 0)
(1 -7.11972e-09 0)
(1 -6.69524e-09 0)
(1 -6.28974e-09 0)
(1 -5.91305e-09 0)
(1 -5.59321e-09 0)
(1 -5.32317e-09 0)
(1 -5.11484e-09 0)
(1 -4.95086e-09 0)
(1 -4.83317e-09 0)
(1 -4.74082e-09 0)
(1 -4.67243e-09 0)
(1 -4.60902e-09 0)
(1 -4.55055e-09 0)
(1 -4.48191e-09 0)
(1 -4.40638e-09 0)
(1 -4.31303e-09 0)
(1 -4.20831e-09 0)
(1 -4.08404e-09 0)
(1 -3.94932e-09 0)
(1 -3.79838e-09 0)
(1 -3.64249e-09 0)
(1 -3.47794e-09 0)
(1 -3.31836e-09 0)
(1 -3.16231e-09 0)
(1 -3.02525e-09 0)
(1 -2.90628e-09 0)
(1 -2.82054e-09 0)
(1 -2.76439e-09 0)
(1 -2.74891e-09 0)
(1 -2.76205e-09 0)
(1 -2.80705e-09 0)
(1 -2.85964e-09 0)
(1 -2.91466e-09 0)
(1 -2.93663e-09 0)
(1 -2.91797e-09 0)
(1 -2.82186e-09 0)
(1 -2.65058e-09 0)
(1 -2.38155e-09 0)
(1 -2.04063e-09 0)
(1 -1.63436e-09 0)
(1 -1.217e-09 0)
(1 -8.24341e-10 0)
(1 -5.26007e-10 0)
(1 -3.65561e-10 0)
(1 -3.97306e-10 0)
(1 -6.32543e-10 0)
(1 -1.07524e-09 0)
(1 -1.66807e-09 0)
(1 -2.35367e-09 0)
(1 -3.00819e-09 0)
(1 -3.54942e-09 0)
(1 -3.83803e-09 0)
(1 -3.8277e-09 0)
(1 -3.43913e-09 0)
(1 -2.72996e-09 0)
(1 -1.78122e-09 0)
(1 -7.9956e-10 0)
(1 -2.23432e-11 0)
(1 3.48566e-10 0)
(1 1.53167e-10 0)
(1 -5.99246e-10 0)
(1 -1.92149e-09 0)
(1 -3.68706e-09 0)
(1 -5.76852e-09 0)
(1 -7.8436e-09 0)
(1 -9.40861e-09 0)
(1 -1.00896e-08 0)
(1 -9.60999e-09 0)
(1 -8.29023e-09 0)
(1 -6.45199e-09 0)
(1 -4.56876e-09 0)
(1 -2.6432e-09 0)
(1 -8.33542e-10 0)
(1 6.33483e-10 0)
(1 1.24023e-09 0)
(1 6.71038e-10 0)
(1 -3.50489e-10 0)
(1 -8.9497e-10 0)
(1 -4.58417e-10 0)
(1 -9.01053e-09 0)
(1 -9.11605e-09 0)
(1 -9.06643e-09 0)
(1 -8.42736e-09 0)
(1 -7.39074e-09 0)
(1 -6.1323e-09 0)
(1 -5.0546e-09 0)
(1 -4.36122e-09 0)
(1 -4.10272e-09 0)
(1 -4.25896e-09 0)
(1 -4.6714e-09 0)
(1 -5.2948e-09 0)
(1 -5.97273e-09 0)
(1 -6.68399e-09 0)
(1 -7.30062e-09 0)
(1 -7.80314e-09 0)
(1 -8.11608e-09 0)
(1 -8.24272e-09 0)
(1 -8.18173e-09 0)
(1 -7.96383e-09 0)
(1 -7.63622e-09 0)
(1 -7.23292e-09 0)
(1 -6.80906e-09 0)
(1 -6.38417e-09 0)
(1 -5.99863e-09 0)
(1 -5.65503e-09 0)
(1 -5.37337e-09 0)
(1 -5.14452e-09 0)
(1 -4.97175e-09 0)
(1 -4.84081e-09 0)
(1 -4.74502e-09 0)
(1 -4.67113e-09 0)
(1 -4.60931e-09 0)
(1 -4.55053e-09 0)
(1 -4.48614e-09 0)
(1 -4.41224e-09 0)
(1 -4.32295e-09 0)
(1 -4.21865e-09 0)
(1 -4.09605e-09 0)
(1 -3.95904e-09 0)
(1 -3.80677e-09 0)
(1 -3.64598e-09 0)
(1 -3.47802e-09 0)
(1 -3.31276e-09 0)
(1 -3.15354e-09 0)
(1 -3.01225e-09 0)
(1 -2.89253e-09 0)
(1 -2.80527e-09 0)
(1 -2.75166e-09 0)
(1 -2.73579e-09 0)
(1 -2.75261e-09 0)
(1 -2.79377e-09 0)
(1 -2.84661e-09 0)
(1 -2.88813e-09 0)
(1 -2.90173e-09 0)
(1 -2.85637e-09 0)
(1 -2.74223e-09 0)
(1 -2.53492e-09 0)
(1 -2.24475e-09 0)
(1 -1.8726e-09 0)
(1 -1.45732e-09 0)
(1 -1.03388e-09 0)
(1 -6.61948e-10 0)
(1 -3.98319e-10 0)
(1 -2.97399e-10 0)
(1 -4.01097e-10 0)
(1 -7.22726e-10 0)
(1 -1.24279e-09 0)
(1 -1.91217e-09 0)
(1 -2.62815e-09 0)
(1 -3.30294e-09 0)
(1 -3.78532e-09 0)
(1 -4.00975e-09 0)
(1 -3.85037e-09 0)
(1 -3.32398e-09 0)
(1 -2.43713e-09 0)
(1 -1.35194e-09 0)
(1 -2.94702e-10 0)
(1 4.95137e-10 0)
(1 7.35497e-10 0)
(1 3.98257e-10 0)
(1 -6.28003e-10 0)
(1 -2.15795e-09 0)
(1 -4.19976e-09 0)
(1 -6.49283e-09 0)
(1 -8.70175e-09 0)
(1 -1.034e-08 0)
(1 -1.08168e-08 0)
(1 -1.01165e-08 0)
(1 -8.33366e-09 0)
(1 -6.22918e-09 0)
(1 -4.02129e-09 0)
(1 -2.03767e-09 0)
(1 -1.39073e-10 0)
(1 1.32076e-09 0)
(1 1.69071e-09 0)
(1 9.43006e-10 0)
(1 -4.30354e-10 0)
(1 -1.10336e-09 0)
(1 -5.58303e-10 0)
(1 -8.8865e-09 0)
(1 -8.90893e-09 0)
(1 -8.97086e-09 0)
(1 -8.41075e-09 0)
(1 -7.43481e-09 0)
(1 -6.19369e-09 0)
(1 -5.10892e-09 0)
(1 -4.38482e-09 0)
(1 -4.0834e-09 0)
(1 -4.13946e-09 0)
(1 -4.507e-09 0)
(1 -5.00509e-09 0)
(1 -5.70179e-09 0)
(1 -6.32783e-09 0)
(1 -7.05146e-09 0)
(1 -7.51388e-09 0)
(1 -7.98465e-09 0)
(1 -8.08025e-09 0)
(1 -8.17964e-09 0)
(1 -7.91236e-09 0)
(1 -7.7228e-09 0)
(1 -7.24395e-09 0)
(1 -6.93176e-09 0)
(1 -6.40767e-09 0)
(1 -6.11415e-09 0)
(1 -5.65383e-09 0)
(1 -5.4562e-09 0)
(1 -5.10073e-09 0)
(1 -5.01597e-09 0)
(1 -4.75461e-09 0)
(1 -4.75915e-09 0)
(1 -4.55403e-09 0)
(1 -4.6082e-09 0)
(1 -4.4169e-09 0)
(1 -4.48313e-09 0)
(1 -4.27318e-09 0)
(1 -4.32606e-09 0)
(1 -4.07948e-09 0)
(1 -4.10726e-09 0)
(1 -3.82045e-09 0)
(1 -3.8247e-09 0)
(1 -3.50701e-09 0)
(1 -3.50125e-09 0)
(1 -3.17442e-09 0)
(1 -3.18358e-09 0)
(1 -2.87887e-09 0)
(1 -2.93354e-09 0)
(1 -2.68302e-09 0)
(1 -2.80734e-09 0)
(1 -2.62715e-09 0)
(1 -2.81986e-09 0)
(1 -2.69137e-09 0)
(1 -2.91101e-09 0)
(1 -2.77176e-09 0)
(1 -2.93836e-09 0)
(1 -2.69893e-09 0)
(1 -2.72689e-09 0)
(1 -2.318e-09 0)
(1 -2.17238e-09 0)
(1 -1.60739e-09 0)
(1 -1.35977e-09 0)
(1 -7.73372e-10 0)
(1 -6.09045e-10 0)
(1 -2.26345e-10 0)
(1 -3.71275e-10 0)
(1 -3.91645e-10 0)
(1 -9.67263e-10 0)
(1 -1.40212e-09 0)
(1 -2.28055e-09 0)
(1 -2.85373e-09 0)
(1 -3.64683e-09 0)
(1 -3.89026e-09 0)
(1 -4.14241e-09 0)
(1 -3.6567e-09 0)
(1 -3.12677e-09 0)
(1 -1.89782e-09 0)
(1 -8.95179e-10 0)
(1 3.78416e-10 0)
(1 8.6882e-10 0)
(1 1.09617e-09 0)
(1 2.76307e-10 0)
(1 -8.90488e-10 0)
(1 -2.85714e-09 0)
(1 -5.01338e-09 0)
(1 -7.56353e-09 0)
(1 -9.79786e-09 0)
(1 -1.14377e-08 0)
(1 -1.16389e-08 0)
(1 -1.05466e-08 0)
(1 -8.15298e-09 0)
(1 -5.60287e-09 0)
(1 -3.01103e-09 0)
(1 -1.12223e-09 0)
(1 7.75154e-10 0)
(1 1.7965e-09 0)
(1 2.17329e-09 0)
(1 1.06422e-09 0)
(1 -2.30725e-10 0)
(1 -1.0799e-09 0)
(1 -5.91922e-10 0)
(1 -7.7251e-09 0)
(1 -8.25775e-09 0)
(1 -8.41842e-09 0)
(1 -8.05928e-09 0)
(1 -7.13674e-09 0)
(1 -6.00006e-09 0)
(1 -4.97805e-09 0)
(1 -4.28798e-09 0)
(1 -3.95403e-09 0)
(1 -3.95967e-09 0)
(1 -4.17692e-09 0)
(1 -4.63145e-09 0)
(1 -5.16119e-09 0)
(1 -5.85387e-09 0)
(1 -6.46008e-09 0)
(1 -7.10341e-09 0)
(1 -7.48913e-09 0)
(1 -7.82015e-09 0)
(1 -7.82871e-09 0)
(1 -7.79898e-09 0)
(1 -7.49286e-09 0)
(1 -7.22872e-09 0)
(1 -6.76972e-09 0)
(1 -6.43258e-09 0)
(1 -5.96424e-09 0)
(1 -5.67048e-09 0)
(1 -5.27642e-09 0)
(1 -5.08139e-09 0)
(1 -4.78665e-09 0)
(1 -4.69387e-09 0)
(1 -4.48134e-09 0)
(1 -4.46266e-09 0)
(1 -4.29538e-09 0)
(1 -4.31196e-09 0)
(1 -4.15194e-09 0)
(1 -4.17017e-09 0)
(1 -3.9899e-09 0)
(1 -3.98839e-09 0)
(1 -3.77441e-09 0)
(1 -3.7462e-09 0)
(1 -3.49982e-09 0)
(1 -3.45193e-09 0)
(1 -3.18856e-09 0)
(1 -3.14165e-09 0)
(1 -2.88893e-09 0)
(1 -2.87298e-09 0)
(1 -2.66351e-09 0)
(1 -2.70767e-09 0)
(1 -2.56457e-09 0)
(1 -2.67928e-09 0)
(1 -2.59678e-09 0)
(1 -2.75618e-09 0)
(1 -2.68639e-09 0)
(1 -2.82249e-09 0)
(1 -2.68228e-09 0)
(1 -2.70708e-09 0)
(1 -2.41625e-09 0)
(1 -2.27166e-09 0)
(1 -1.81264e-09 0)
(1 -1.53117e-09 0)
(1 -9.99756e-10 0)
(1 -7.33133e-10 0)
(1 -3.32537e-10 0)
(1 -3.06993e-10 0)
(1 -2.57559e-10 0)
(1 -6.47178e-10 0)
(1 -1.03114e-09 0)
(1 -1.79857e-09 0)
(1 -2.42476e-09 0)
(1 -3.24691e-09 0)
(1 -3.67862e-09 0)
(1 -4.08258e-09 0)
(1 -3.87308e-09 0)
(1 -3.51143e-09 0)
(1 -2.50016e-09 0)
(1 -1.45801e-09 0)
(1 -1.07597e-10 0)
(1 7.87158e-10 0)
(1 1.3427e-09 0)
(1 9.88089e-10 0)
(1 2.16357e-11 0)
(1 -1.69556e-09 0)
(1 -3.77255e-09 0)
(1 -6.27423e-09 0)
(1 -8.77722e-09 0)
(1 -1.11597e-08 0)
(1 -1.24392e-08 0)
(1 -1.24198e-08 0)
(1 -1.04902e-08 0)
(1 -7.63709e-09 0)
(1 -4.30533e-09 0)
(1 -1.80678e-09 0)
(1 2.2808e-10 0)
(1 1.5169e-09 0)
(1 2.44551e-09 0)
(1 2.39545e-09 0)
(1 1.36766e-09 0)
(1 -2.97424e-10 0)
(1 -1.18799e-09 0)
(1 -6.12287e-10 0)
(1 -8.92912e-09 0)
(1 -9.35381e-09 0)
(1 -9.13394e-09 0)
(1 -8.41337e-09 0)
(1 -6.90479e-09 0)
(1 -5.38861e-09 0)
(1 -4.15064e-09 0)
(1 -3.43848e-09 0)
(1 -3.1301e-09 0)
(1 -3.26185e-09 0)
(1 -3.43316e-09 0)
(1 -4.02332e-09 0)
(1 -4.41999e-09 0)
(1 -5.31873e-09 0)
(1 -5.79582e-09 0)
(1 -6.74181e-09 0)
(1 -7.00668e-09 0)
(1 -7.67624e-09 0)
(1 -7.53305e-09 0)
(1 -7.81897e-09 0)
(1 -7.31518e-09 0)
(1 -7.32631e-09 0)
(1 -6.63154e-09 0)
(1 -6.5374e-09 0)
(1 -5.80582e-09 0)
(1 -5.73936e-09 0)
(1 -5.06249e-09 0)
(1 -5.0971e-09 0)
(1 -4.50563e-09 0)
(1 -4.66041e-09 0)
(1 -4.14082e-09 0)
(1 -4.39725e-09 0)
(1 -3.91314e-09 0)
(1 -4.23548e-09 0)
(1 -3.74747e-09 0)
(1 -4.10035e-09 0)
(1 -3.57877e-09 0)
(1 -3.93686e-09 0)
(1 -3.36716e-09 0)
(1 -3.71944e-09 0)
(1 -3.10359e-09 0)
(1 -3.45392e-09 0)
(1 -2.81012e-09 0)
(1 -3.17636e-09 0)
(1 -2.53585e-09 0)
(1 -2.94425e-09 0)
(1 -2.34254e-09 0)
(1 -2.81614e-09 0)
(1 -2.27639e-09 0)
(1 -2.81728e-09 0)
(1 -2.3306e-09 0)
(1 -2.90466e-09 0)
(1 -2.41804e-09 0)
(1 -2.95373e-09 0)
(1 -2.38173e-09 0)
(1 -2.79665e-09 0)
(1 -2.064e-09 0)
(1 -2.31583e-09 0)
(1 -1.42001e-09 0)
(1 -1.5612e-09 0)
(1 -6.18913e-10 0)
(1 -8.12402e-10 0)
(1 -4.29336e-11 0)
(1 -5.04028e-10 0)
(1 -1.24785e-10 0)
(1 -9.90504e-10 0)
(1 -1.05276e-09 0)
(1 -2.23494e-09 0)
(1 -2.49489e-09 0)
(1 -3.63963e-09 0)
(1 -3.61802e-09 0)
(1 -4.28007e-09 0)
(1 -3.52854e-09 0)
(1 -3.44242e-09 0)
(1 -1.84853e-09 0)
(1 -1.19749e-09 0)
(1 6.52977e-10 0)
(1 9.49633e-10 0)
(1 1.77308e-09 0)
(1 6.65678e-10 0)
(1 -2.14007e-10 0)
(1 -2.52031e-09 0)
(1 -4.53344e-09 0)
(1 -7.30152e-09 0)
(1 -9.84796e-09 0)
(1 -1.239e-08 0)
(1 -1.36445e-08 0)
(1 -1.35148e-08 0)
(1 -1.09153e-08 0)
(1 -7.53673e-09 0)
(1 -3.36866e-09 0)
(1 -9.87346e-10 0)
(1 1.22287e-09 0)
(1 1.5447e-09 0)
(1 2.98786e-09 0)
(1 2.89317e-09 0)
(1 3.0419e-09 0)
(1 1.74968e-09 0)
(1 7.38144e-10 0)
(1 1.80931e-10 0)
(1 -9.54747e-09 0)
(1 -1.0122e-08 0)
(1 -9.88115e-09 0)
(1 -8.29086e-09 0)
(1 -6.18657e-09 0)
(1 -4.15434e-09 0)
(1 -2.82801e-09 0)
(1 -2.16385e-09 0)
(1 -2.18353e-09 0)
(1 -2.34836e-09 0)
(1 -2.89636e-09 0)
(1 -3.23396e-09 0)
(1 -4.02967e-09 0)
(1 -4.50495e-09 0)
(1 -5.50015e-09 0)
(1 -5.96849e-09 0)
(1 -6.85469e-09 0)
(1 -7.00724e-09 0)
(1 -7.51358e-09 0)
(1 -7.23982e-09 0)
(1 -7.37106e-09 0)
(1 -6.79192e-09 0)
(1 -6.71399e-09 0)
(1 -6.00778e-09 0)
(1 -5.8874e-09 0)
(1 -5.18477e-09 0)
(1 -5.13094e-09 0)
(1 -4.4982e-09 0)
(1 -4.55986e-09 0)
(1 -4.01027e-09 0)
(1 -4.18875e-09 0)
(1 -3.70028e-09 0)
(1 -3.96755e-09 0)
(1 -3.50293e-09 0)
(1 -3.8215e-09 0)
(1 -3.34538e-09 0)
(1 -3.68276e-09 0)
(1 -3.17167e-09 0)
(1 -3.50806e-09 0)
(1 -2.95475e-09 0)
(1 -3.28578e-09 0)
(1 -2.69999e-09 0)
(1 -3.03678e-09 0)
(1 -2.44341e-09 0)
(1 -2.80861e-09 0)
(1 -2.24081e-09 0)
(1 -2.6594e-09 0)
(1 -2.14488e-09 0)
(1 -2.62842e-09 0)
(1 -2.17044e-09 0)
(1 -2.70028e-09 0)
(1 -2.26261e-09 0)
(1 -2.78207e-09 0)
(1 -2.29096e-09 0)
(1 -2.72062e-09 0)
(1 -2.09593e-09 0)
(1 -2.37499e-09 0)
(1 -1.58538e-09 0)
(1 -1.72682e-09 0)
(1 -8.43737e-10 0)
(1 -9.6803e-10 0)
(1 -1.74005e-10 0)
(1 -4.82157e-10 0)
(1 2.05718e-13 0)
(1 -6.70568e-10 0)
(1 -6.19822e-10 0)
(1 -1.66326e-09 0)
(1 -1.91175e-09 0)
(1 -3.07186e-09 0)
(1 -3.21514e-09 0)
(1 -4.06126e-09 0)
(1 -3.63055e-09 0)
(1 -3.80864e-09 0)
(1 -2.55834e-09 0)
(1 -2.02643e-09 0)
(1 -2.28047e-10 0)
(1 4.0803e-10 0)
(1 1.66833e-09 0)
(1 1.20891e-09 0)
(1 8.17302e-10 0)
(1 -1.08144e-09 0)
(1 -2.80326e-09 0)
(1 -5.3388e-09 0)
(1 -7.70812e-09 0)
(1 -1.06385e-08 0)
(1 -1.29697e-08 0)
(1 -1.46308e-08 0)
(1 -1.38511e-08 0)
(1 -1.13063e-08 0)
(1 -6.71228e-09 0)
(1 -2.99151e-09 0)
(1 2.11059e-10 0)
(1 8.25706e-10 0)
(1 1.92535e-09 0)
(1 2.46277e-09 0)
(1 4.17569e-09 0)
(1 4.66406e-09 0)
(1 4.16047e-09 0)
(1 2.62671e-09 0)
(1 9.86108e-10 0)
(1 -1.12093e-08 0)
(1 -1.08531e-08 0)
(1 -1.00617e-08 0)
(1 -7.88871e-09 0)
(1 -5.42936e-09 0)
(1 -3.23182e-09 0)
(1 -1.9728e-09 0)
(1 -1.56855e-09 0)
(1 -1.87828e-09 0)
(1 -2.32865e-09 0)
(1 -3.02434e-09 0)
(1 -3.42028e-09 0)
(1 -4.15862e-09 0)
(1 -4.53714e-09 0)
(1 -5.41942e-09 0)
(1 -5.77985e-09 0)
(1 -6.59975e-09 0)
(1 -6.68606e-09 0)
(1 -7.18062e-09 0)
(1 -6.87713e-09 0)
(1 -7.03198e-09 0)
(1 -6.44867e-09 0)
(1 -6.41441e-09 0)
(1 -5.71921e-09 0)
(1 -5.6489e-09 0)
(1 -4.96001e-09 0)
(1 -4.95084e-09 0)
(1 -4.32455e-09 0)
(1 -4.41991e-09 0)
(1 -3.8659e-09 0)
(1 -4.06804e-09 0)
(1 -3.56583e-09 0)
(1 -3.85105e-09 0)
(1 -3.36712e-09 0)
(1 -3.70249e-09 0)
(1 -3.205e-09 0)
(1 -3.56135e-09 0)
(1 -3.02941e-09 0)
(1 -3.38887e-09 0)
(1 -2.81665e-09 0)
(1 -3.17535e-09 0)
(1 -2.57289e-09 0)
(1 -2.94102e-09 0)
(1 -2.33205e-09 0)
(1 -2.72964e-09 0)
(1 -2.14449e-09 0)
(1 -2.59223e-09 0)
(1 -2.0543e-09 0)
(1 -2.55905e-09 0)
(1 -2.06771e-09 0)
(1 -2.60833e-09 0)
(1 -2.1265e-09 0)
(1 -2.64943e-09 0)
(1 -2.1088e-09 0)
(1 -2.54491e-09 0)
(1 -1.87728e-09 0)
(1 -2.18055e-09 0)
(1 -1.36887e-09 0)
(1 -1.56358e-09 0)
(1 -6.86817e-10 0)
(1 -8.90654e-10 0)
(1 -1.22905e-10 0)
(1 -5.14059e-10 0)
(1 -5.13968e-11 0)
(1 -7.72693e-10 0)
(1 -7.00662e-10 0)
(1 -1.73268e-09 0)
(1 -1.89833e-09 0)
(1 -2.99057e-09 0)
(1 -3.01128e-09 0)
(1 -3.79338e-09 0)
(1 -3.26767e-09 0)
(1 -3.46947e-09 0)
(1 -2.21374e-09 0)
(1 -1.83097e-09 0)
(1 -1.45236e-10 0)
(1 2.27609e-10 0)
(1 1.26647e-09 0)
(1 5.39298e-10 0)
(1 2.14785e-11 0)
(1 -1.82798e-09 0)
(1 -3.32056e-09 0)
(1 -5.43566e-09 0)
(1 -7.51211e-09 0)
(1 -1.02058e-08 0)
(1 -1.24689e-08 0)
(1 -1.40485e-08 0)
(1 -1.29125e-08 0)
(1 -1.00132e-08 0)
(1 -5.20499e-09 0)
(1 -1.98816e-09 0)
(1 1.95439e-10 0)
(1 -5.75129e-10 0)
(1 9.65026e-11 0)
(1 1.17904e-09 0)
(1 4.2495e-09 0)
(1 5.89402e-09 0)
(1 5.32702e-09 0)
(1 2.90129e-09 0)
(1 7.44584e-10 0)
(1 -1.41953e-08 0)
(1 -1.33826e-08 0)
(1 -1.08152e-08 0)
(1 -7.63592e-09 0)
(1 -4.08034e-09 0)
(1 -1.59271e-09 0)
(1 -3.71925e-10 0)
(1 -5.58834e-10 0)
(1 -1.32021e-09 0)
(1 -2.58828e-09 0)
(1 -3.31997e-09 0)
(1 -4.33526e-09 0)
(1 -4.54545e-09 0)
(1 -5.42213e-09 0)
(1 -5.46002e-09 0)
(1 -6.36999e-09 0)
(1 -6.24257e-09 0)
(1 -6.97927e-09 0)
(1 -6.5236e-09 0)
(1 -6.95681e-09 0)
(1 -6.20559e-09 0)
(1 -6.4325e-09 0)
(1 -5.54789e-09 0)
(1 -5.7272e-09 0)
(1 -4.83774e-09 0)
(1 -5.07546e-09 0)
(1 -4.23532e-09 0)
(1 -4.57799e-09 0)
(1 -3.79154e-09 0)
(1 -4.24664e-09 0)
(1 -3.49252e-09 0)
(1 -4.04342e-09 0)
(1 -3.29005e-09 0)
(1 -3.90911e-09 0)
(1 -3.12665e-09 0)
(1 -3.78644e-09 0)
(1 -2.95474e-09 0)
(1 -3.63536e-09 0)
(1 -2.74758e-09 0)
(1 -3.43988e-09 0)
(1 -2.50299e-09 0)
(1 -3.20905e-09 0)
(1 -2.24281e-09 0)
(1 -2.97412e-09 0)
(1 -2.00687e-09 0)
(1 -2.77913e-09 0)
(1 -1.83867e-09 0)
(1 -2.66215e-09 0)
(1 -1.76189e-09 0)
(1 -2.62955e-09 0)
(1 -1.75495e-09 0)
(1 -2.63437e-09 0)
(1 -1.73916e-09 0)
(1 -2.57747e-09 0)
(1 -1.60014e-09 0)
(1 -2.34689e-09 0)
(1 -1.24798e-09 0)
(1 -1.89136e-09 0)
(1 -6.97952e-10 0)
(1 -1.29516e-09 0)
(1 -1.22134e-10 0)
(1 -7.97415e-10 0)
(1 1.84232e-10 0)
(1 -7.09609e-10 0)
(1 -5.55209e-11 0)
(1 -1.23296e-09 0)
(1 -8.86098e-10 0)
(1 -2.24673e-09 0)
(1 -1.96656e-09 0)
(1 -3.25985e-09 0)
(1 -2.69401e-09 0)
(1 -3.66274e-09 0)
(1 -2.53844e-09 0)
(1 -3.01502e-09 0)
(1 -1.29398e-09 0)
(1 -1.40638e-09 0)
(1 3.22026e-10 0)
(1 -2.01473e-10 0)
(1 4.55804e-10 0)
(1 -9.56582e-10 0)
(1 -1.33831e-09 0)
(1 -2.889e-09 0)
(1 -3.74049e-09 0)
(1 -5.80986e-09 0)
(1 -7.92802e-09 0)
(1 -1.08936e-08 0)
(1 -1.21625e-08 0)
(1 -1.20482e-08 0)
(1 -8.48315e-09 0)
(1 -5.28106e-09 0)
(1 -1.73087e-09 0)
(1 -2.43076e-09 0)
(1 -2.75155e-09 0)
(1 -3.70671e-09 0)
(1 -5.43455e-11 0)
(1 4.07954e-09 0)
(1 8.02796e-09 0)
(1 7.85422e-09 0)
(1 5.31988e-09 0)
(1 1.55443e-09 0)
(1 -1.62474e-08 0)
(1 -1.53535e-08 0)
(1 -1.17787e-08 0)
(1 -7.03292e-09 0)
(1 -2.46823e-09 0)
(1 5.90587e-10 0)
(1 1.73998e-09 0)
(1 1.20249e-09 0)
(1 -3.24381e-10 0)
(1 -2.05551e-09 0)
(1 -3.57063e-09 0)
(1 -4.62332e-09 0)
(1 -5.35594e-09 0)
(1 -5.82859e-09 0)
(1 -6.21275e-09 0)
(1 -6.48368e-09 0)
(1 -6.66598e-09 0)
(1 -6.69794e-09 0)
(1 -6.58708e-09 0)
(1 -6.34283e-09 0)
(1 -6.00387e-09 0)
(1 -5.62356e-09 0)
(1 -5.23341e-09 0)
(1 -4.87599e-09 0)
(1 -4.55786e-09 0)
(1 -4.29648e-09 0)
(1 -4.0847e-09 0)
(1 -3.92212e-09 0)
(1 -3.80059e-09 0)
(1 -3.70922e-09 0)
(1 -3.64412e-09 0)
(1 -3.58899e-09 0)
(1 -3.54524e-09 0)
(1 -3.49514e-09 0)
(1 -3.44513e-09 0)
(1 -3.3786e-09 0)
(1 -3.30596e-09 0)
(1 -3.213e-09 0)
(1 -3.11288e-09 0)
(1 -2.99409e-09 0)
(1 -2.87173e-09 0)
(1 -2.73691e-09 0)
(1 -2.60598e-09 0)
(1 -2.47216e-09 0)
(1 -2.35182e-09 0)
(1 -2.23926e-09 0)
(1 -2.14827e-09 0)
(1 -2.07269e-09 0)
(1 -2.02013e-09 0)
(1 -1.98242e-09 0)
(1 -1.95782e-09 0)
(1 -1.93596e-09 0)
(1 -1.90546e-09 0)
(1 -1.85648e-09 0)
(1 -1.77271e-09 0)
(1 -1.65039e-09 0)
(1 -1.47806e-09 0)
(1 -1.26419e-09 0)
(1 -1.01286e-09 0)
(1 -7.47484e-10 0)
(1 -4.92106e-10 0)
(1 -2.80273e-10 0)
(1 -1.4765e-10 0)
(1 -1.25175e-10 0)
(1 -2.36572e-10 0)
(1 -4.91552e-10 0)
(1 -8.70575e-10 0)
(1 -1.35136e-09 0)
(1 -1.86284e-09 0)
(1 -2.37066e-09 0)
(1 -2.77809e-09 0)
(1 -3.05569e-09 0)
(1 -3.09683e-09 0)
(1 -2.86808e-09 0)
(1 -2.33946e-09 0)
(1 -1.588e-09 0)
(1 -8.30777e-10 0)
(1 -2.68146e-10 0)
(1 -7.70652e-11 0)
(1 -1.24535e-10 0)
(1 -2.8991e-10 0)
(1 -4.54162e-10 0)
(1 -1.02074e-09 0)
(1 -2.60562e-09 0)
(1 -5.36388e-09 0)
(1 -8.7873e-09 0)
(1 -1.11654e-08 0)
(1 -1.11046e-08 0)
(1 -8.57766e-09 0)
(1 -5.49151e-09 0)
(1 -4.10342e-09 0)
(1 -5.53778e-09 0)
(1 -7.47869e-09 0)
(1 -6.26138e-09 0)
(1 -5.6003e-10 0)
(1 7.59587e-09 0)
(1 1.29023e-08 0)
(1 1.21758e-08 0)
(1 7.23064e-09 0)
(1 2.61385e-09 0)
(1 -1.2482e-08 0)
(1 -1.12256e-08 0)
(1 -9.44896e-09 0)
(1 -6.54555e-09 0)
(1 -3.43724e-09 0)
(1 -5.48764e-10 0)
(1 1.293e-09 0)
(1 1.92716e-09 0)
(1 1.34216e-09 0)
(1 2.53105e-10 0)
(1 -1.27153e-09 0)
(1 -2.33616e-09 0)
(1 -3.5291e-09 0)
(1 -4.00633e-09 0)
(1 -4.81716e-09 0)
(1 -4.92133e-09 0)
(1 -5.50878e-09 0)
(1 -5.32682e-09 0)
(1 -5.65674e-09 0)
(1 -5.18524e-09 0)
(1 -5.27749e-09 0)
(1 -4.62299e-09 0)
(1 -4.61572e-09 0)
(1 -3.92884e-09 0)
(1 -3.95552e-09 0)
(1 -3.32605e-09 0)
(1 -3.45041e-09 0)
(1 -2.89701e-09 0)
(1 -3.12732e-09 0)
(1 -2.63018e-09 0)
(1 -2.94741e-09 0)
(1 -2.47406e-09 0)
(1 -2.84989e-09 0)
(1 -2.36909e-09 0)
(1 -2.7765e-09 0)
(1 -2.26576e-09 0)
(1 -2.685e-09 0)
(1 -2.13348e-09 0)
(1 -2.55455e-09 0)
(1 -1.96312e-09 0)
(1 -2.38565e-09 0)
(1 -1.76571e-09 0)
(1 -2.19761e-09 0)
(1 -1.56848e-09 0)
(1 -2.02298e-09 0)
(1 -1.40682e-09 0)
(1 -1.89652e-09 0)
(1 -1.30941e-09 0)
(1 -1.83767e-09 0)
(1 -1.2791e-09 0)
(1 -1.83159e-09 0)
(1 -1.27703e-09 0)
(1 -1.81931e-09 0)
(1 -1.22448e-09 0)
(1 -1.71221e-09 0)
(1 -1.03364e-09 0)
(1 -1.43664e-09 0)
(1 -6.64736e-10 0)
(1 -9.96474e-10 0)
(1 -1.84731e-10 0)
(1 -5.19441e-10 0)
(1 2.14172e-10 0)
(1 -2.43561e-10 0)
(1 2.72948e-10 0)
(1 -4.1682e-10 0)
(1 -1.87703e-10 0)
(1 -1.11833e-09 0)
(1 -1.08635e-09 0)
(1 -2.11897e-09 0)
(1 -2.04715e-09 0)
(1 -2.95516e-09 0)
(1 -2.55508e-09 0)
(1 -3.06054e-09 0)
(1 -2.04845e-09 0)
(1 -1.95926e-09 0)
(1 -4.76707e-10 0)
(1 -2.77291e-10 0)
(1 7.40515e-10 0)
(1 3.42542e-10 0)
(1 6.46811e-10 0)
(1 1.31734e-10 0)
(1 9.08358e-11 0)
(1 -1.28796e-09 0)
(1 -3.64461e-09 0)
(1 -7.63558e-09 0)
(1 -1.09939e-08 0)
(1 -1.25631e-08 0)
(1 -1.01027e-08 0)
(1 -6.56707e-09 0)
(1 -3.37649e-09 0)
(1 -4.88572e-09 0)
(1 -7.78936e-09 0)
(1 -9.30334e-09 0)
(1 -2.83683e-09 0)
(1 8.09549e-09 0)
(1 1.79266e-08 0)
(1 1.72811e-08 0)
(1 7.21218e-09 0)
(1 -2.94868e-09 0)
(1 -3.33944e-09 0)
(1 4.85975e-09 0)
(1 2.48008e-09 0)
(1 -2.46027e-09 0)
(1 -6.95367e-09 0)
(1 -8.7364e-09 0)
(1 -7.38003e-09 0)
(1 -4.05924e-09 0)
(1 -4.91097e-10 0)
(1 2.13457e-09 0)
(1 3.2197e-09 0)
(1 3.20305e-09 0)
(1 2.36142e-09 0)
(1 1.45357e-09 0)
(1 4.11312e-10 0)
(1 -3.47173e-10 0)
(1 -1.21672e-09 0)
(1 -1.8337e-09 0)
(1 -2.57942e-09 0)
(1 -3.01509e-09 0)
(1 -3.49404e-09 0)
(1 -3.59575e-09 0)
(1 -3.71665e-09 0)
(1 -3.48728e-09 0)
(1 -3.34202e-09 0)
(1 -2.92108e-09 0)
(1 -2.67075e-09 0)
(1 -2.20428e-09 0)
(1 -1.97464e-09 0)
(1 -1.55467e-09 0)
(1 -1.41139e-09 0)
(1 -1.07514e-09 0)
(1 -1.03439e-09 0)
(1 -7.79605e-10 0)
(1 -8.25743e-10 0)
(1 -6.28584e-10 0)
(1 -7.32212e-10 0)
(1 -5.63967e-10 0)
(1 -6.97396e-10 0)
(1 -5.37198e-10 0)
(1 -6.8423e-10 0)
(1 -5.25553e-10 0)
(1 -6.84642e-10 0)
(1 -5.34866e-10 0)
(1 -7.15441e-10 0)
(1 -5.88843e-10 0)
(1 -8.01614e-10 0)
(1 -7.07023e-10 0)
(1 -9.50664e-10 0)
(1 -8.7769e-10 0)
(1 -1.12802e-09 0)
(1 -1.03996e-09 0)
(1 -1.24974e-09 0)
(1 -1.09194e-09 0)
(1 -1.20895e-09 0)
(1 -9.3725e-10 0)
(1 -9.38896e-10 0)
(1 -5.595e-10 0)
(1 -4.88658e-10 0)
(1 -8.65615e-11 0)
(1 -6.12745e-11 0)
(1 2.13463e-10 0)
(1 4.12709e-11 0)
(1 4.51763e-11 0)
(1 -4.17189e-10 0)
(1 -7.06686e-10 0)
(1 -1.38231e-09 0)
(1 -1.77324e-09 0)
(1 -2.38128e-09 0)
(1 -2.51849e-09 0)
(1 -2.71812e-09 0)
(1 -2.29097e-09 0)
(1 -1.87435e-09 0)
(1 -7.75683e-10 0)
(1 1.78367e-10 0)
(1 1.53217e-09 0)
(1 2.18244e-09 0)
(1 2.49851e-09 0)
(1 1.61111e-09 0)
(1 2.88185e-10 0)
(1 -1.63947e-09 0)
(1 -3.51528e-09 0)
(1 -5.89533e-09 0)
(1 -9.12117e-09 0)
(1 -1.32371e-08 0)
(1 -1.66925e-08 0)
(1 -1.72588e-08 0)
(1 -1.28331e-08 0)
(1 -5.10984e-09 0)
(1 1.98658e-09 0)
(1 3.46567e-09 0)
(1 -5.10992e-10 0)
(1 -5.06736e-09 0)
(1 -1.53803e-09 0)
(1 1.09106e-08 0)
(1 2.4351e-08 0)
(1 2.46948e-08 0)
(1 6.49635e-09 0)
(1 -1.85131e-08 0)
(1 -2.85138e-08 0)
(1 -1.40588e-08 0)
(1 8.46017e-09 0)
(1 5.64951e-09 0)
(1 7.23552e-10 0)
(1 -3.93117e-09 0)
(1 -6.37824e-09 0)
(1 -6.14474e-09 0)
(1 -4.00053e-09 0)
(1 -1.25378e-09 0)
(1 1.04983e-09 0)
(1 2.36569e-09 0)
(1 2.80608e-09 0)
(1 2.601e-09 0)
(1 2.18169e-09 0)
(1 1.63729e-09 0)
(1 1.1658e-09 0)
(1 6.31664e-10 0)
(1 1.66188e-10 0)
(1 -3.64434e-10 0)
(1 -7.77215e-10 0)
(1 -1.18152e-09 0)
(1 -1.39707e-09 0)
(1 -1.56337e-09 0)
(1 -1.53663e-09 0)
(1 -1.48906e-09 0)
(1 -1.29309e-09 0)
(1 -1.13187e-09 0)
(1 -8.6984e-10 0)
(1 -6.90208e-10 0)
(1 -4.39505e-10 0)
(1 -3.01021e-10 0)
(1 -1.01775e-10 0)
(1 -2.81979e-11 0)
(1 1.10572e-10 0)
(1 1.21697e-10 0)
(1 2.10662e-10 0)
(1 1.75589e-10 0)
(1 2.3281e-10 0)
(1 1.69851e-10 0)
(1 2.10622e-10 0)
(1 1.32051e-10 0)
(1 1.6334e-10 0)
(1 7.24714e-11 0)
(1 9.27428e-11 0)
(1 -1.37929e-11 0)
(1 -9.68151e-12 0)
(1 -1.35176e-10 0)
(1 -1.47912e-10 0)
(1 -2.87071e-10 0)
(1 -3.04917e-10 0)
(1 -4.38123e-10 0)
(1 -4.34532e-10 0)
(1 -5.30321e-10 0)
(1 -4.72377e-10 0)
(1 -5.01853e-10 0)
(1 -3.70306e-10 0)
(1 -3.3017e-10 0)
(1 -1.43189e-10 0)
(1 -7.52764e-11 0)
(1 1.00403e-10 0)
(1 1.11459e-10 0)
(1 1.80104e-10 0)
(1 4.41999e-11 0)
(1 -6.40887e-11 0)
(1 -3.76059e-10 0)
(1 -6.33242e-10 0)
(1 -1.02603e-09 0)
(1 -1.26642e-09 0)
(1 -1.52568e-09 0)
(1 -1.51162e-09 0)
(1 -1.42436e-09 0)
(1 -9.97947e-10 0)
(1 -4.91837e-10 0)
(1 3.09772e-10 0)
(1 1.04092e-09 0)
(1 1.78781e-09 0)
(1 2.05837e-09 0)
(1 1.88941e-09 0)
(1 1.00049e-09 0)
(1 -2.64533e-10 0)
(1 -1.84258e-09 0)
(1 -3.44885e-09 0)
(1 -5.34476e-09 0)
(1 -7.57761e-09 0)
(1 -9.91528e-09 0)
(1 -1.11873e-08 0)
(1 -1.01017e-08 0)
(1 -5.95266e-09 0)
(1 -3.87549e-10 0)
(1 3.81826e-09 0)
(1 4.10226e-09 0)
(1 1.30611e-09 0)
(1 -7.5431e-10 0)
(1 2.39483e-09 0)
(1 1.00888e-08 0)
(1 1.6001e-08 0)
(1 1.22049e-08 0)
(1 -2.33264e-09 0)
(1 -1.79591e-08 0)
(1 -2.18714e-08 0)
(1 -9.40365e-09 0)
)
;

boundaryField
{
    inlet
    {
        type            fixedValue;
        value           uniform (1 0 0);
    }
    outlet
    {
        type            zeroGradient;
    }
    down
    {
        type            empty;
    }
    up
    {
        type            empty;
    }
    sides
    {
        type            slip;
    }
}


// ************************************************************************* //
