                    0
1.2244897959183673741
2.4489795918367347483
3.6734693877551021224
4.8979591836734694965
6.1224489795918373147
7.3469387755102042448
8.5714285714285711748
 9.795918367346938993
11.020408163265306811
12.244897959183674629
13.469387755102040671
 14.69387755102040849
15.918367346938776308
 17.14285714285714235
18.367346938775511944
19.591836734693877986
20.816326530612244028
22.040816326530613622
23.265306122448979664
24.489795918367349259
25.714285714285715301
26.938775510204081343
28.163265306122450937
29.387755102040816979
30.612244897959183021
31.836734693877552616
33.061224489795918657
34.285714285714284699
35.510204081632650741
36.734693877551023888
 37.95918367346938993
39.183673469387755972
40.408163265306122014
41.632653061224488056
42.857142857142861203
44.081632653061227245
45.306122448979593287
46.530612244897959329
47.755102040816325371
48.979591836734698518
 50.20408163265306456
51.428571428571430602
52.653061224489796643
53.877551020408162685
55.102040816326528727
56.326530612244901874
57.551020408163267916
58.775510204081633958
                   60
