 0.010000000000000000208
0.0098163265306122453324
0.0096326530612244921914
0.0094489795918367355809
0.0092653061224489789705
0.0090816326530612258294
 0.008897959183673469219
0.0087142857142857160779
0.0085306122448979594675
0.0083469387755102045917
 0.008163265306122449716
0.0079795918367346948402
0.0077959183673469390971
0.0076122448979591842214
0.0074285714285714293456
0.0072448979591836744699
0.0070612244897959187268
 0.006877551020408163851
0.0066938775510204089753
0.0065102040816326532321
0.0063265306122448983564
0.0061428571428571434807
0.0059591836734693886049
0.0057755102040816328618
 0.005591836734693877986
0.0054081632653061231103
0.0052244897959183673672
0.0050408163265306124914
0.0048571428571428576157
0.0046734693877551018726
0.0044897959183673469968
0.0043061224489795921211
0.0041224489795918372453
0.0039387755102040823696
0.0037551020408163266265
0.0035714285714285717507
0.0033877551020408164413
0.0032040816326530615656
0.0030204081632653062561
0.0028367346938775513804
 0.002653061224489796071
0.0024693877551020407615
0.0022857142857142858858
  0.00210204081632653101
0.0019183673469387757006
0.0017346938775510203912
0.0015510204081632655154
 0.001367346938775510206
0.0011836734693877551134
0.0010000000000000000208
