xAxL testLoss trainLoss
100.0 0.013565987348556519 0.013825028203427792
200.0 0.011694912798702717 0.011824280023574829
300.0 0.010907243937253952 0.01101020909845829
400.0 0.010138497687876225 0.010217353701591492
500.0 0.00940006785094738 0.009457431733608246
600.0 0.008701182901859283 0.008739781565964222
700.0 0.008051865734159946 0.00807460118085146
800.0 0.007461738772690296 0.007471527438610792
900.0 0.00693785073235631 0.006937320344150066
1000.0 0.006483506411314011 0.0064749158918857574
1100.0 0.006097524892538786 0.006082899868488312
1200.0 0.005774309858679771 0.0057555376552045345
1300.0 0.005505128297954798 0.005483944434672594
1400.0 0.005279995501041412 0.005257900338619947
1500.0 0.005089388694614172 0.0050675836391747
1600.0 0.004925388377159834 0.004904757719486952
1700.0 0.0047820997424423695 0.004763239528983831
1800.0 0.004655469674617052 0.004638745449483395
1900.0 0.004542812705039978 0.004528425168246031
2000.0 0.004442329052835703 0.00443036574870348
2100.0 0.004352725576609373 0.00434320280328393
2200.0 0.004272975958883762 0.004265874624252319
2300.0 0.004202183336019516 0.0041974615305662155
2400.0 0.004139499738812447 0.004137107636779547
2500.0 0.004084087908267975 0.004083977080881596
2600.0 0.0040351166389882565 0.004037240985780954
2700.0 0.003991761244833469 0.003996080718934536
2800.0 0.003953219391405582 0.00395969720557332
2900.0 0.003918725531548262 0.003927323501557112
3000.0 0.003887561149895191 0.003898236434906721
3100.0 0.003859062446281314 0.0038717598654329777
3200.0 0.0038326182402670383 0.003847268642857671
3300.0 0.003807672066614032 0.003824185812845826
3400.0 0.0037837140262126923 0.0038019828498363495
3500.0 0.0037602775264531374 0.0037801743019372225
3600.0 0.0037369332276284695 0.0037583133671432734
3700.0 0.0037132834549993277 0.0037359909620136023
3800.0 0.0036889577750116587 0.003712826408445835
3900.0 0.00366359855979681 0.0036884562578052282
4000.0 0.0036368430592119694 0.0036625179927796125
4100.0 0.0036083420272916555 0.0036346374545246363
4200.0 0.0035776509903371334 0.0036043841391801834
4300.0 0.003544288221746683 0.003571277018636465
4400.0 0.0035077363718301058 0.0035347610246390104
4500.0 0.0034673556219786406 0.003494195407256484
4600.0 0.003422391600906849 0.0034487792290747166
4700.0 0.003371930681169033 0.0033975320402532816
4800.0 0.003314865520223975 0.00333929224871099
4900.0 0.0032502184621989727 0.0032729683443903923
5000.0 0.003177529200911522 0.0031980157364159822
5100.0 0.0030975202098488808 0.003115114290267229
5200.0 0.0030124362092465162 0.003026574617251754
5300.0 0.002925722859799862 0.002936026081442833
5400.0 0.0028411357197910547 0.0028474496211856604
5500.0 0.002761556301265955 0.002763938158750534
5600.0 0.0026879534125328064 0.0026866141706705093
5700.0 0.002619488164782524 0.0026147249154746532
5800.0 0.0025544497184455395 0.0025465197395533323
5900.0 0.0024913286324590445 0.002480488270521164
6000.0 0.0024293391034007072 0.002415804425254464
6100.0 0.002368366811424494 0.0023524281568825245
6200.0 0.002308798721060157 0.002290689619258046
6300.0 0.0022509698756039143 0.002230933401733637
6400.0 0.0021948833018541336 0.0021731245797127485
6500.0 0.0021399466786533594 0.0021165995858609676
6600.0 0.0020848296117037535 0.002059892052784562
6700.0 0.0020272103138267994 0.0020004629623144865
6800.0 0.0019633229821920395 0.0019342260202392936
6900.0 0.001888053840957582 0.0018556613940745592
7000.0 0.0017988051986321807 0.0017616621917113662
7100.0 0.0017009373987093568 0.0016573710599914193
7200.0 0.001603493350557983 0.0015524827176705003
7300.0 0.0015118324663490057 0.0014534733491018414
7400.0 0.0014282307820394635 0.0013634721981361508
7500.0 0.001353427884168923 0.0012836303794756532
7600.0 0.0012870432110503316 0.0012135650031268597
7700.0 0.0012276635970920324 0.0011516764061525464
7800.0 0.0011734997387975454 0.0010959884384647012
7900.0 0.0011230335803702474 0.0010448183165863156
8000.0 0.001075291889719665 0.0009969881502911448
8100.0 0.0010293446248397231 0.0009515825659036636
8200.0 0.0009846648899838328 0.0009077934082597494
8300.0 0.0009404090815223753 0.0008648835937492549
8400.0 0.0008973523508757353 0.0008228385704569519
8500.0 0.0008549795020371675 0.0007813893025740981
8600.0 0.0008137515978887677 0.0007407687953673303
8700.0 0.0007746312185190618 0.0007018001633696258
8800.0 0.0007374205742962658 0.0006645782850682735
8900.0 0.0007023668731562793 0.0006295025814324617
9000.0 0.0006697099306620657 0.0005969085032120347
9100.0 0.0006387223256751895 0.0005662402254529297
9200.0 0.0006095884600654244 0.0005378190544433892
9300.0 0.0005823718383908272 0.0005114693776704371
9400.0 0.0005565317696891725 0.0004868563264608383
9500.0 0.0005324032972566783 0.00046406558249145746
9600.0 0.0005099499248899519 0.0004429011605679989
9700.0 0.0004889658303000033 0.00042339263018220663
9800.0 0.0004695413517765701 0.0004049388226121664
9900.0 0.0004527530400082469 0.00038858928019180894
10000.0 0.0004354650154709816 0.00037238807999528944
10100.0 0.0004189105820842087 0.0003571187553461641
10200.0 0.0004040700732730329 0.0003431543882470578
10300.0 0.0003902873722836375 0.00033003484713844955
10400.0 0.00037727231392636895 0.0003176065511070192
10500.0 0.00036498706322163343 0.00030589988455176353
10600.0 0.0003544420760590583 0.00029648057534359396
10700.0 0.0003427026385907084 0.0002847229188773781
10800.0 0.00033203657949343324 0.0002744853845797479
10900.0 0.0003238739154767245 0.0002663905324880034
11000.0 0.00031311274506151676 0.00025585302500985563
11100.0 0.00030475109815597534 0.000247555406531319
11200.0 0.0002961237041745335 0.00023923629487399012
11300.0 0.00028812175150960684 0.00023157648683991283
11400.0 0.0002806712582241744 0.0002242785121779889
11500.0 0.0002736805472522974 0.00021745315461885184
11600.0 0.00026720413006842136 0.00021102707250975072
11700.0 0.00026087299920618534 0.00020494943601079285
11800.0 0.00025513037689961493 0.00019929542031604797
11900.0 0.0002497554523870349 0.0001939715730259195
12000.0 0.000244979775743559 0.00018937171262223274
12100.0 0.00023971052723936737 0.00018448400078341365
12200.0 0.00023536194930784404 0.00017995652160607278
12300.0 0.00023156443785410374 0.00017599498096387833
12400.0 0.000227237498620525 0.00017205449694301933
12500.0 0.0002234632265754044 0.00016847839287947863
12600.0 0.0002200315793743357 0.0001650652993703261
12700.0 0.0002167391066905111 0.00016183513798750937
12800.0 0.00021384560386650264 0.00015885291213635355
12900.0 0.00021064491011202335 0.0001559731608722359
13000.0 0.00020781115745194256 0.0001532962778583169
13100.0 0.0002049753093160689 0.000150621184729971
13200.0 0.00020324405340943485 0.000148724764585495
13300.0 0.0001999785890802741 0.00014583404117729515
13400.0 0.0001975719496840611 0.00014355203893501312
13500.0 0.00019525476091075689 0.00014137565449345857
13600.0 0.00019297569815535098 0.00013931251305621117
13700.0 0.00019169722509104759 0.00013780580775346607
13800.0 0.00018891571380663663 0.00013545241381507367
13900.0 0.0001867856626631692 0.00013364010374061763
14000.0 0.000185343946213834 0.00013301939179655164
14100.0 0.00018305213598068804 0.00013028294779360294
14200.0 0.0001815981522668153 0.0001286858896492049
14300.0 0.00017980887787416577 0.00012708826398011297
14400.0 0.0001781154569471255 0.00012557832815218717
14500.0 0.00017653718532528728 0.00012414917000569403
14600.0 0.000174954257090576 0.00012276732013560832
14700.0 0.00017369200941175222 0.0001214769872603938
14800.0 0.0001720842410577461 0.00012014128151349723
14900.0 0.00017071272304747254 0.00011889817687915638
15000.0 0.00016944916569627821 0.00011771452409448102
15100.0 0.00016809464432299137 0.00011661770986393094
15200.0 0.0001672145153861493 0.00011622907913988456
15300.0 0.00016597399371676147 0.00011442520917626098
15400.0 0.0001654594816500321 0.00011380360956536606
15500.0 0.00016323696763720363 0.00011224141780985519
15600.0 0.00016239624528679997 0.00011157311382703483
15700.0 0.0001611922198208049 0.00011030578752979636
15800.0 0.00015993871784303337 0.00010929462587228045
15900.0 0.00015903609164524823 0.00010839088645298034
16000.0 0.00015807841555215418 0.00010748869681265205
16100.0 0.0001569540472701192 0.00010661582200555131
16200.0 0.00015615597658324987 0.00010590234160190448
16300.0 0.00015516339044552296 0.00010502012446522713
16400.0 0.00015415636880788952 0.00010415750875836238
16500.0 0.0001533183822175488 0.0001033536100294441
16600.0 0.0001524343533674255 0.00010258657857775688
16700.0 0.00015190147678367794 0.00010191956243943423
16800.0 0.0001507493871031329 0.00010111658775713295
16900.0 0.00015017045370768756 0.00010080180800287053
17000.0 0.00014913901395630091 9.970462269848213e-05
17100.0 0.00014839043433312327 9.932515968102962e-05
17200.0 0.00014777410251554102 9.849861089605838e-05
17300.0 0.00014707382069900632 9.780421532923356e-05
17400.0 0.0001474472228437662 9.848082845564932e-05
17500.0 0.00014567836478818208 9.652357402956113e-05
17600.0 0.00014483755512628704 9.585245425114408e-05
17700.0 0.0001443305955035612 9.533263801131397e-05
17800.0 0.0001434907753719017 9.464412141824141e-05
17900.0 0.0001429409021511674 9.416598186362535e-05
18000.0 0.00014255514543037862 9.372517524752766e-05
18100.0 0.00014161599392537028 9.297336509916931e-05
18200.0 0.00014097700477577746 9.243472595699131e-05
18300.0 0.00014036509674042463 9.190744458464906e-05
18400.0 0.00013981126539874822 9.139184840023518e-05
18500.0 0.00013925446546636522 9.088607475860044e-05
18600.0 0.00013941273209638894 9.187670366372913e-05
18700.0 0.00013855010911356658 9.010083158500493e-05
18800.0 0.00013768211647402495 8.942418935475871e-05
18900.0 0.00013745808973908424 8.967918256530538e-05
19000.0 0.0001370148966088891 8.863481343723834e-05
19100.0 0.00013605400454252958 8.803665696177632e-05
19200.0 0.0001356091961497441 8.758422336541116e-05
19300.0 0.00013511824363376945 8.714725117897615e-05
19400.0 0.00013566833513323218 8.794716995907947e-05
19500.0 0.00013425532961264253 8.641887689009309e-05
19600.0 0.0001337132853223011 8.588117634644732e-05
19700.0 0.0001335442648269236 8.558238187106326e-05
19800.0 0.0001330218801740557 8.508877363055944e-05
19900.0 0.0001324328186456114 8.47479168442078e-05
20000.0 0.00013239400868769735 8.435613563051447e-05
