0.0028365737071244854876
0.0031359811855554494027
0.0053521205167156278917
0.0073803923526594376187
0.0052474366192042064261
0.0052341236786842921733
0.0018347482796175166187
0.0050623962434113009209
0.0054151139357523584567
0.0020839915551636332622
 0.006839178885845084363
0.0012295269509682096604
0.0092041322928453489505
0.0034327468598926193233
0.0090033567494262733283
0.0093257584429419417699
0.0068101243719552295025
0.0036699487094720589266
0.0029940413426999198943
0.0084491966464320181207
