1.0000000000000000818e-05
0.00021387755102040818768
0.00041775510204081640333
0.00062163265306122456478
0.00082551020408163278044
 0.0010293877551020408877
 0.0012332653061224491033
  0.001437142857142857319
 0.0016410204081632655346
 0.0018448979591836737503
 0.0020487755102040817491
 0.0022526530612244901816
 0.0024565306122448981804
 0.0026604081632653066129
 0.0028642857142857146117
 0.0030681632653061230442
 0.0032720408163265310431
 0.0034759183673469390419
 0.0036797959183673474744
 0.0038836734693877554732
 0.0040875510204081630383
 0.0042914285714285719045
 0.0044953061224489799033
 0.0046991836734693879021
 0.0049030612244897959009
 0.0051069387755102038998
 0.0053108163265306127659
 0.0055146938775510207648
 0.0057185714285714287636
 0.0059224489795918367624
 0.0061263265306122456286
 0.0063302040816326536274
 0.0065340816326530616262
  0.006737959183673469625
 0.0069418367346938776238
   0.00714571428571428649
 0.0073495918367346944888
 0.0075534693877551024876
 0.0077573469387755104865
 0.0079612244897959184853
 0.0081651020408163264841
 0.0083689795918367344829
 0.0085728571428571442165
 0.0087767346938775522153
 0.0089806122448979602141
 0.0091844897959183682129
 0.0093883673469387762117
 0.0095922448979591842105
 0.0097961224489795922094
  0.010000000000000000208
