                    0
1.4285714285714286031
2.8571428571428572063
4.2857142857142855874
5.7142857142857144126
7.1428571428571432378
8.5714285714285711748
                   10
11.428571428571428825
 12.85714285714285765
14.285714285714286476
15.714285714285715301
 17.14285714285714235
18.571428571428572951
                   20
21.428571428571430602
 22.85714285714285765
24.285714285714284699
25.714285714285715301
 27.14285714285714235
28.571428571428572951
                   30
31.428571428571430602
32.857142857142861203
34.285714285714284699
35.714285714285715301
37.142857142857145902
38.571428571428569398
                   40
41.428571428571430602
42.857142857142861203
44.285714285714284699
45.714285714285715301
47.142857142857145902
48.571428571428569398
                   50
51.428571428571430602
52.857142857142861203
54.285714285714284699
55.714285714285715301
57.142857142857145902
58.571428571428569398
                   60
61.428571428571430602
62.857142857142861203
64.285714285714291805
65.714285714285722406
67.142857142857138797
68.571428571428569398
                   70
