0.2	0
0.2142857143	0
0.2285714286	0
0.2428571429	0
0.2571428571	0
0.2714285714	0
0.2857142857	0
0.3	0
0.1996616317	0.01162896578
0.2139231768	0.0124596062
0.2281847219	0.01329024661
0.242446267	0.01412088702
0.2567078121	0.01495152743
0.2709693572	0.01578216785
0.2852309024	0.01661280826
0.2994924475	0.01744344867
0.1986476715	0.02321858283
0.2128367909	0.02487705303
0.2270259103	0.02653552323
0.2412150297	0.02819399343
0.2554041491	0.02985246363
0.2695932685	0.03151093383
0.2837823879	0.03316940404
0.2979715073	0.03482787424
0.1969615506	0.03472963553
0.2110302328	0.03721032379
0.225098915	0.03969101204
0.2391675972	0.04217170029
0.2532362793	0.04465238854
0.2673049615	0.0471330768
0.2813736437	0.04961376505
0.2954423259	0.0520944533
0.1946089741	0.04612317415
0.2085096151	0.04941768659
0.2224102561	0.05271219903
0.2363108971	0.05600671147
0.2502115381	0.05930122391
0.2641121792	0.06259573634
0.2780128202	0.06589024878
0.2919134612	0.06918476122
0.1915979025	0.05736064654
0.2052834669	0.06145783558
0.2189690314	0.06555502462
0.2326545958	0.06965221366
0.2463401603	0.0737494027
0.2600257248	0.07784659174
0.2737112892	0.08194378077
0.2873968537	0.08604096981
0.1879385242	0.06840402867
0.2013627045	0.07329003071
0.2147868848	0.07817603276
0.228211065	0.08306203481
0.2416352453	0.08794803686
0.2550594256	0.0928340389
0.2684836059	0.09772004095
0.2819077862	0.102606043
0.1836432214	0.07921595321
0.1967605943	0.08487423558
0.2098779673	0.09053251795
0.2229953402	0.09619080032
0.2361127132	0.1018490827
0.2492300862	0.1075073651
0.2623474591	0.1131656474
0.2754648321	0.1188239298
0.1787265281	0.08975983604
0.1914927086	0.0961712529
0.2042588892	0.1025826698
0.2170250698	0.1089940866
0.2297912504	0.1154055035
0.2425574309	0.1218169203
0.2553236115	0.1282283372
0.2680897921	0.1346397541
0.1732050808	0.1
0.1855768722	0.1071428571
0.1979486637	0.1142857143
0.2103204552	0.1214285714
0.2226922467	0.1285714286
0.2350640382	0.1357142857
0.2474358297	0.1428571429
0.2598076211	0.15
