0.18 0
0.18632 0
0.19263 0
0.19895 0
0.20526 0
0.21158 0
0.21789 0
0.22421 0
0.23053 0
0.23684 0
0.24316 0
0.24947 0
0.25579 0
0.26211 0
0.26842 0
0.27474 0
0.28105 0
0.28737 0
0.29368 0
0.3 0
0.17993 0.0049598
0.18625 0.0051338
0.19256 0.0053078
0.19887 0.0054819
0.20519 0.0056559
0.2115 0.0058299
0.21781 0.0060039
0.22413 0.006178
0.23044 0.006352
0.23675 0.006526
0.24307 0.0067001
0.24938 0.0068741
0.25569 0.0070481
0.26201 0.0072221
0.26832 0.0073962
0.27463 0.0075702
0.28095 0.0077442
0.28726 0.0079182
0.29357 0.0080923
0.29989 0.0082663
0.17973 0.0099158
0.18603 0.010264
0.19234 0.010612
0.19865 0.01096
0.20495 0.011307
0.21126 0.011655
0.21756 0.012003
0.22387 0.012351
0.23018 0.012699
0.23648 0.013047
0.24279 0.013395
0.24909 0.013743
0.2554 0.014091
0.26171 0.014439
0.26801 0.014787
0.27432 0.015135
0.28063 0.015483
0.28693 0.01583
0.29324 0.016178
0.29954 0.016526
0.17939 0.014864
0.18568 0.015386
0.19197 0.015907
0.19827 0.016429
0.20456 0.01695
0.21086 0.017472
0.21715 0.017994
0.22344 0.018515
0.22974 0.019037
0.23603 0.019558
0.24233 0.02008
0.24862 0.020601
0.25492 0.021123
0.26121 0.021644
0.2675 0.022166
0.2738 0.022688
0.28009 0.023209
0.28639 0.023731
0.29268 0.024252
0.29898 0.024774
0.17891 0.019801
0.18518 0.020496
0.19146 0.021191
0.19774 0.021886
0.20402 0.022581
0.21029 0.023275
0.21657 0.02397
0.22285 0.024665
0.22913 0.02536
0.2354 0.026055
0.24168 0.026749
0.24796 0.027444
0.25424 0.028139
0.26051 0.028834
0.26679 0.029529
0.27307 0.030223
0.27935 0.030918
0.28562 0.031613
0.2919 0.032308
0.29818 0.033002
0.17829 0.024724
0.18455 0.025591
0.19081 0.026459
0.19706 0.027326
0.20332 0.028194
0.20957 0.029061
0.21583 0.029929
0.22209 0.030796
0.22834 0.031664
0.2346 0.032531
0.24085 0.033399
0.24711 0.034266
0.25337 0.035134
0.25962 0.036001
0.26588 0.036869
0.27213 0.037736
0.27839 0.038604
0.28464 0.039471
0.2909 0.040339
0.29716 0.041206
0.17755 0.029627
0.18377 0.030667
0.19 0.031706
0.19623 0.032746
0.20246 0.033785
0.20869 0.034825
0.21492 0.035864
0.22115 0.036904
0.22738 0.037943
0.23361 0.038983
0.23984 0.040022
0.24607 0.041062
0.2523 0.042102
0.25853 0.043141
0.26476 0.044181
0.27099 0.04522
0.27722 0.04626
0.28345 0.047299
0.28968 0.048339
0.29591 0.049378
0.17666 0.034508
0.18286 0.035719
0.18906 0.03693
0.19526 0.03814
0.20146 0.039351
0.20765 0.040562
0.21385 0.041773
0.22005 0.042984
0.22625 0.044194
0.23245 0.045405
0.23865 0.046616
0.24485 0.047827
0.25104 0.049038
0.25724 0.050248
0.26344 0.051459
0.26964 0.05267
0.27584 0.053881
0.28204 0.055092
0.28824 0.056302
0.29444 0.057513
0.17564 0.039363
0.18181 0.040744
0.18797 0.042125
0.19413 0.043506
0.2003 0.044887
0.20646 0.046268
0.21262 0.047649
0.21878 0.049031
0.22495 0.050412
0.23111 0.051793
0.23727 0.053174
0.24344 0.054555
0.2496 0.055936
0.25576 0.057317
0.26192 0.058699
0.26809 0.06008
0.27425 0.061461
0.28041 0.062842
0.28658 0.064223
0.29274 0.065604
0.17449 0.044187
0.18061 0.045738
0.18674 0.047288
0.19286 0.048839
0.19898 0.050389
0.2051 0.05194
0.21123 0.05349
0.21735 0.05504
0.22347 0.056591
0.22959 0.058141
0.23572 0.059692
0.24184 0.061242
0.24796 0.062793
0.25408 0.064343
0.26021 0.065893
0.26633 0.067444
0.27245 0.068994
0.27858 0.070545
0.2847 0.072095
0.29082 0.073646
0.17321 0.048979
0.17929 0.050697
0.18536 0.052416
0.19144 0.054134
0.19752 0.055853
0.2036 0.057571
0.20967 0.05929
0.21575 0.061008
0.22183 0.062727
0.22791 0.064446
0.23398 0.066164
0.24006 0.067883
0.24614 0.069601
0.25222 0.07132
0.25829 0.073038
0.26437 0.074757
0.27045 0.076475
0.27653 0.078194
0.2826 0.079912
0.28868 0.081631
0.17179 0.053733
0.17782 0.055618
0.18385 0.057503
0.18988 0.059389
0.1959 0.061274
0.20193 0.063159
0.20796 0.065045
0.21399 0.06693
0.22002 0.068816
0.22604 0.070701
0.23207 0.072586
0.2381 0.074472
0.24413 0.076357
0.25015 0.078242
0.25618 0.080128
0.26221 0.082013
0.26824 0.083898
0.27427 0.085784
0.28029 0.087669
0.28632 0.089554
0.17025 0.058446
0.17622 0.060497
0.18219 0.062547
0.18817 0.064598
0.19414 0.066649
0.20012 0.0687
0.20609 0.07075
0.21206 0.072801
0.21804 0.074852
0.22401 0.076903
0.22998 0.078953
0.23596 0.081004
0.24193 0.083055
0.2479 0.085105
0.25388 0.087156
0.25985 0.089207
0.26582 0.091258
0.2718 0.093308
0.27777 0.095359
0.28375 0.09741
0.16857 0.063115
0.17449 0.065329
0.1804 0.067544
0.18632 0.069758
0.19223 0.071973
0.19815 0.074188
0.20406 0.076402
0.20998 0.078617
0.21589 0.080831
0.22181 0.083046
0.22772 0.08526
0.23363 0.087475
0.23955 0.089689
0.24546 0.091904
0.25138 0.094119
0.25729 0.096333
0.26321 0.098548
0.26912 0.10076
0.27504 0.10298
0.28095 0.10519
0.16677 0.067736
0.17262 0.070112
0.17847 0.072489
0.18432 0.074866
0.19018 0.077242
0.19603 0.079619
0.20188 0.081996
0.20773 0.084373
0.21358 0.086749
0.21943 0.089126
0.22528 0.091503
0.23114 0.093879
0.23699 0.096256
0.24284 0.098633
0.24869 0.10101
0.25454 0.10339
0.26039 0.10576
0.26625 0.10814
0.2721 0.11052
0.27795 0.11289
0.16484 0.072305
0.17062 0.074842
0.17641 0.077379
0.18219 0.079916
0.18797 0.082453
0.19376 0.08499
0.19954 0.087527
0.20533 0.090064
0.21111 0.092601
0.21689 0.095138
0.22268 0.097675
0.22846 0.10021
0.23425 0.10275
0.24003 0.10529
0.24581 0.10782
0.2516 0.11036
0.25738 0.1129
0.26316 0.11543
0.26895 0.11797
0.27473 0.12051
0.16278 0.07682
0.1685 0.079515
0.17421 0.082211
0.17992 0.084906
0.18563 0.087601
0.19134 0.090297
0.19705 0.092992
0.20277 0.095688
0.20848 0.098383
0.21419 0.10108
0.2199 0.10377
0.22561 0.10647
0.23133 0.10916
0.23704 0.11186
0.24275 0.11456
0.24846 0.11725
0.25417 0.11995
0.25988 0.12264
0.2656 0.12534
0.27131 0.12803
0.16061 0.081276
0.16624 0.084128
0.17188 0.08698
0.17751 0.089831
0.18315 0.092683
0.18878 0.095535
0.19442 0.098387
0.20005 0.10124
0.20569 0.10409
0.21132 0.10694
0.21696 0.10979
0.22259 0.11265
0.22823 0.1155
0.23386 0.11835
0.2395 0.1212
0.24514 0.12405
0.25077 0.1269
0.25641 0.12976
0.26204 0.13261
0.26768 0.13546
0.15831 0.085671
0.16386 0.088677
0.16941 0.091682
0.17497 0.094688
0.18052 0.097694
0.18608 0.1007
0.19163 0.10371
0.19719 0.10671
0.20274 0.10972
0.2083 0.11272
0.21385 0.11573
0.21941 0.11874
0.22496 0.12174
0.23051 0.12475
0.23607 0.12775
0.24162 0.13076
0.24718 0.13377
0.25273 0.13677
0.25829 0.13978
0.26384 0.14278
0.15588 0.09
0.16135 0.093158
0.16682 0.096316
0.17229 0.099474
0.17776 0.10263
0.18323 0.10579
0.1887 0.10895
0.19417 0.11211
0.19964 0.11526
0.20511 0.11842
0.21058 0.12158
0.21605 0.12474
0.22152 0.12789
0.22699 0.13105
0.23246 0.13421
0.23793 0.13737
0.2434 0.14053
0.24887 0.14368
0.25434 0.14684
0.25981 0.15
