/*--------------------------------*- C++ -*----------------------------------*\
| =========                 |                                                 |
| \\      /  F ield         | OpenFOAM: The Open Source CFD Toolbox           |
|  \\    /   O peration     | Version:  2112                                  |
|   \\  /    A nd           | Website:  www.openfoam.com                      |
|    \\/     M anipulation  |                                                 |
\*---------------------------------------------------------------------------*/
FoamFile
{
    version     2.0;
    format      ascii;
    arch        "LSB;label=32;scalar=64";
    class       vectorField;
    location    "constant/polyMesh";
    object      points;
}
// * * * * * * * * * * * * * * * * * * * * * * * * * * * * * * * * * * * * * //


4008
(
(-5 0 -0.1)
(-4.99000999 0 -0.1)
(-4.98001998 0 -0.1)
(-4.97002997 0 -0.1)
(-4.96003996 0 -0.1)
(-4.95004995 0 -0.1)
(-4.94005994 0 -0.1)
(-4.93006993 0 -0.1)
(-4.92007992 0 -0.1)
(-4.91008991 0 -0.1)
(-4.9000999 0 -0.1)
(-4.89010989 0 -0.1)
(-4.88011988 0 -0.1)
(-4.87012987 0 -0.1)
(-4.86013986 0 -0.1)
(-4.85014985 0 -0.1)
(-4.84015984 0 -0.1)
(-4.83016983 0 -0.1)
(-4.82017982 0 -0.1)
(-4.81018981 0 -0.1)
(-4.8001998 0 -0.1)
(-4.79020979 0 -0.1)
(-4.78021978 0 -0.1)
(-4.77022977 0 -0.1)
(-4.76023976 0 -0.1)
(-4.75024975 0 -0.1)
(-4.74025974 0 -0.1)
(-4.73026973 0 -0.1)
(-4.72027972 0 -0.1)
(-4.71028971 0 -0.1)
(-4.7002997 0 -0.1)
(-4.69030969 0 -0.1)
(-4.68031968 0 -0.1)
(-4.67032967 0 -0.1)
(-4.66033966 0 -0.1)
(-4.65034965 0 -0.1)
(-4.64035964 0 -0.1)
(-4.63036963 0 -0.1)
(-4.62037962 0 -0.1)
(-4.61038961 0 -0.1)
(-4.6003996 0 -0.1)
(-4.59040959 0 -0.1)
(-4.58041958 0 -0.1)
(-4.57042957 0 -0.1)
(-4.56043956 0 -0.1)
(-4.55044955 0 -0.1)
(-4.54045954 0 -0.1)
(-4.53046953 0 -0.1)
(-4.52047952 0 -0.1)
(-4.51048951 0 -0.1)
(-4.5004995 0 -0.1)
(-4.490509491 0 -0.1)
(-4.480519481 0 -0.1)
(-4.470529471 0 -0.1)
(-4.460539461 0 -0.1)
(-4.450549451 0 -0.1)
(-4.440559441 0 -0.1)
(-4.430569431 0 -0.1)
(-4.420579421 0 -0.1)
(-4.410589411 0 -0.1)
(-4.400599401 0 -0.1)
(-4.390609391 0 -0.1)
(-4.380619381 0 -0.1)
(-4.370629371 0 -0.1)
(-4.360639361 0 -0.1)
(-4.350649351 0 -0.1)
(-4.340659341 0 -0.1)
(-4.330669331 0 -0.1)
(-4.320679321 0 -0.1)
(-4.310689311 0 -0.1)
(-4.300699301 0 -0.1)
(-4.290709291 0 -0.1)
(-4.280719281 0 -0.1)
(-4.270729271 0 -0.1)
(-4.260739261 0 -0.1)
(-4.250749251 0 -0.1)
(-4.240759241 0 -0.1)
(-4.230769231 0 -0.1)
(-4.220779221 0 -0.1)
(-4.210789211 0 -0.1)
(-4.200799201 0 -0.1)
(-4.190809191 0 -0.1)
(-4.180819181 0 -0.1)
(-4.170829171 0 -0.1)
(-4.160839161 0 -0.1)
(-4.150849151 0 -0.1)
(-4.140859141 0 -0.1)
(-4.130869131 0 -0.1)
(-4.120879121 0 -0.1)
(-4.110889111 0 -0.1)
(-4.100899101 0 -0.1)
(-4.090909091 0 -0.1)
(-4.080919081 0 -0.1)
(-4.070929071 0 -0.1)
(-4.060939061 0 -0.1)
(-4.050949051 0 -0.1)
(-4.040959041 0 -0.1)
(-4.030969031 0 -0.1)
(-4.020979021 0 -0.1)
(-4.010989011 0 -0.1)
(-4.000999001 0 -0.1)
(-3.991008991 0 -0.1)
(-3.981018981 0 -0.1)
(-3.971028971 0 -0.1)
(-3.961038961 0 -0.1)
(-3.951048951 0 -0.1)
(-3.941058941 0 -0.1)
(-3.931068931 0 -0.1)
(-3.921078921 0 -0.1)
(-3.911088911 0 -0.1)
(-3.901098901 0 -0.1)
(-3.891108891 0 -0.1)
(-3.881118881 0 -0.1)
(-3.871128871 0 -0.1)
(-3.861138861 0 -0.1)
(-3.851148851 0 -0.1)
(-3.841158841 0 -0.1)
(-3.831168831 0 -0.1)
(-3.821178821 0 -0.1)
(-3.811188811 0 -0.1)
(-3.801198801 0 -0.1)
(-3.791208791 0 -0.1)
(-3.781218781 0 -0.1)
(-3.771228771 0 -0.1)
(-3.761238761 0 -0.1)
(-3.751248751 0 -0.1)
(-3.741258741 0 -0.1)
(-3.731268731 0 -0.1)
(-3.721278721 0 -0.1)
(-3.711288711 0 -0.1)
(-3.701298701 0 -0.1)
(-3.691308691 0 -0.1)
(-3.681318681 0 -0.1)
(-3.671328671 0 -0.1)
(-3.661338661 0 -0.1)
(-3.651348651 0 -0.1)
(-3.641358641 0 -0.1)
(-3.631368631 0 -0.1)
(-3.621378621 0 -0.1)
(-3.611388611 0 -0.1)
(-3.601398601 0 -0.1)
(-3.591408591 0 -0.1)
(-3.581418581 0 -0.1)
(-3.571428571 0 -0.1)
(-3.561438561 0 -0.1)
(-3.551448551 0 -0.1)
(-3.541458541 0 -0.1)
(-3.531468531 0 -0.1)
(-3.521478521 0 -0.1)
(-3.511488511 0 -0.1)
(-3.501498501 0 -0.1)
(-3.491508492 0 -0.1)
(-3.481518482 0 -0.1)
(-3.471528472 0 -0.1)
(-3.461538462 0 -0.1)
(-3.451548452 0 -0.1)
(-3.441558442 0 -0.1)
(-3.431568432 0 -0.1)
(-3.421578422 0 -0.1)
(-3.411588412 0 -0.1)
(-3.401598402 0 -0.1)
(-3.391608392 0 -0.1)
(-3.381618382 0 -0.1)
(-3.371628372 0 -0.1)
(-3.361638362 0 -0.1)
(-3.351648352 0 -0.1)
(-3.341658342 0 -0.1)
(-3.331668332 0 -0.1)
(-3.321678322 0 -0.1)
(-3.311688312 0 -0.1)
(-3.301698302 0 -0.1)
(-3.291708292 0 -0.1)
(-3.281718282 0 -0.1)
(-3.271728272 0 -0.1)
(-3.261738262 0 -0.1)
(-3.251748252 0 -0.1)
(-3.241758242 0 -0.1)
(-3.231768232 0 -0.1)
(-3.221778222 0 -0.1)
(-3.211788212 0 -0.1)
(-3.201798202 0 -0.1)
(-3.191808192 0 -0.1)
(-3.181818182 0 -0.1)
(-3.171828172 0 -0.1)
(-3.161838162 0 -0.1)
(-3.151848152 0 -0.1)
(-3.141858142 0 -0.1)
(-3.131868132 0 -0.1)
(-3.121878122 0 -0.1)
(-3.111888112 0 -0.1)
(-3.101898102 0 -0.1)
(-3.091908092 0 -0.1)
(-3.081918082 0 -0.1)
(-3.071928072 0 -0.1)
(-3.061938062 0 -0.1)
(-3.051948052 0 -0.1)
(-3.041958042 0 -0.1)
(-3.031968032 0 -0.1)
(-3.021978022 0 -0.1)
(-3.011988012 0 -0.1)
(-3.001998002 0 -0.1)
(-2.992007992 0 -0.1)
(-2.982017982 0 -0.1)
(-2.972027972 0 -0.1)
(-2.962037962 0 -0.1)
(-2.952047952 0 -0.1)
(-2.942057942 0 -0.1)
(-2.932067932 0 -0.1)
(-2.922077922 0 -0.1)
(-2.912087912 0 -0.1)
(-2.902097902 0 -0.1)
(-2.892107892 0 -0.1)
(-2.882117882 0 -0.1)
(-2.872127872 0 -0.1)
(-2.862137862 0 -0.1)
(-2.852147852 0 -0.1)
(-2.842157842 0 -0.1)
(-2.832167832 0 -0.1)
(-2.822177822 0 -0.1)
(-2.812187812 0 -0.1)
(-2.802197802 0 -0.1)
(-2.792207792 0 -0.1)
(-2.782217782 0 -0.1)
(-2.772227772 0 -0.1)
(-2.762237762 0 -0.1)
(-2.752247752 0 -0.1)
(-2.742257742 0 -0.1)
(-2.732267732 0 -0.1)
(-2.722277722 0 -0.1)
(-2.712287712 0 -0.1)
(-2.702297702 0 -0.1)
(-2.692307692 0 -0.1)
(-2.682317682 0 -0.1)
(-2.672327672 0 -0.1)
(-2.662337662 0 -0.1)
(-2.652347652 0 -0.1)
(-2.642357642 0 -0.1)
(-2.632367632 0 -0.1)
(-2.622377622 0 -0.1)
(-2.612387612 0 -0.1)
(-2.602397602 0 -0.1)
(-2.592407592 0 -0.1)
(-2.582417582 0 -0.1)
(-2.572427572 0 -0.1)
(-2.562437562 0 -0.1)
(-2.552447552 0 -0.1)
(-2.542457542 0 -0.1)
(-2.532467532 0 -0.1)
(-2.522477522 0 -0.1)
(-2.512487512 0 -0.1)
(-2.502497502 0 -0.1)
(-2.492507493 0 -0.1)
(-2.482517483 0 -0.1)
(-2.472527473 0 -0.1)
(-2.462537463 0 -0.1)
(-2.452547453 0 -0.1)
(-2.442557443 0 -0.1)
(-2.432567433 0 -0.1)
(-2.422577423 0 -0.1)
(-2.412587413 0 -0.1)
(-2.402597403 0 -0.1)
(-2.392607393 0 -0.1)
(-2.382617383 0 -0.1)
(-2.372627373 0 -0.1)
(-2.362637363 0 -0.1)
(-2.352647353 0 -0.1)
(-2.342657343 0 -0.1)
(-2.332667333 0 -0.1)
(-2.322677323 0 -0.1)
(-2.312687313 0 -0.1)
(-2.302697303 0 -0.1)
(-2.292707293 0 -0.1)
(-2.282717283 0 -0.1)
(-2.272727273 0 -0.1)
(-2.262737263 0 -0.1)
(-2.252747253 0 -0.1)
(-2.242757243 0 -0.1)
(-2.232767233 0 -0.1)
(-2.222777223 0 -0.1)
(-2.212787213 0 -0.1)
(-2.202797203 0 -0.1)
(-2.192807193 0 -0.1)
(-2.182817183 0 -0.1)
(-2.172827173 0 -0.1)
(-2.162837163 0 -0.1)
(-2.152847153 0 -0.1)
(-2.142857143 0 -0.1)
(-2.132867133 0 -0.1)
(-2.122877123 0 -0.1)
(-2.112887113 0 -0.1)
(-2.102897103 0 -0.1)
(-2.092907093 0 -0.1)
(-2.082917083 0 -0.1)
(-2.072927073 0 -0.1)
(-2.062937063 0 -0.1)
(-2.052947053 0 -0.1)
(-2.042957043 0 -0.1)
(-2.032967033 0 -0.1)
(-2.022977023 0 -0.1)
(-2.012987013 0 -0.1)
(-2.002997003 0 -0.1)
(-1.993006993 0 -0.1)
(-1.983016983 0 -0.1)
(-1.973026973 0 -0.1)
(-1.963036963 0 -0.1)
(-1.953046953 0 -0.1)
(-1.943056943 0 -0.1)
(-1.933066933 0 -0.1)
(-1.923076923 0 -0.1)
(-1.913086913 0 -0.1)
(-1.903096903 0 -0.1)
(-1.893106893 0 -0.1)
(-1.883116883 0 -0.1)
(-1.873126873 0 -0.1)
(-1.863136863 0 -0.1)
(-1.853146853 0 -0.1)
(-1.843156843 0 -0.1)
(-1.833166833 0 -0.1)
(-1.823176823 0 -0.1)
(-1.813186813 0 -0.1)
(-1.803196803 0 -0.1)
(-1.793206793 0 -0.1)
(-1.783216783 0 -0.1)
(-1.773226773 0 -0.1)
(-1.763236763 0 -0.1)
(-1.753246753 0 -0.1)
(-1.743256743 0 -0.1)
(-1.733266733 0 -0.1)
(-1.723276723 0 -0.1)
(-1.713286713 0 -0.1)
(-1.703296703 0 -0.1)
(-1.693306693 0 -0.1)
(-1.683316683 0 -0.1)
(-1.673326673 0 -0.1)
(-1.663336663 0 -0.1)
(-1.653346653 0 -0.1)
(-1.643356643 0 -0.1)
(-1.633366633 0 -0.1)
(-1.623376623 0 -0.1)
(-1.613386613 0 -0.1)
(-1.603396603 0 -0.1)
(-1.593406593 0 -0.1)
(-1.583416583 0 -0.1)
(-1.573426573 0 -0.1)
(-1.563436563 0 -0.1)
(-1.553446553 0 -0.1)
(-1.543456543 0 -0.1)
(-1.533466533 0 -0.1)
(-1.523476523 0 -0.1)
(-1.513486513 0 -0.1)
(-1.503496503 0 -0.1)
(-1.493506494 0 -0.1)
(-1.483516484 0 -0.1)
(-1.473526474 0 -0.1)
(-1.463536464 0 -0.1)
(-1.453546454 0 -0.1)
(-1.443556444 0 -0.1)
(-1.433566434 0 -0.1)
(-1.423576424 0 -0.1)
(-1.413586414 0 -0.1)
(-1.403596404 0 -0.1)
(-1.393606394 0 -0.1)
(-1.383616384 0 -0.1)
(-1.373626374 0 -0.1)
(-1.363636364 0 -0.1)
(-1.353646354 0 -0.1)
(-1.343656344 0 -0.1)
(-1.333666334 0 -0.1)
(-1.323676324 0 -0.1)
(-1.313686314 0 -0.1)
(-1.303696304 0 -0.1)
(-1.293706294 0 -0.1)
(-1.283716284 0 -0.1)
(-1.273726274 0 -0.1)
(-1.263736264 0 -0.1)
(-1.253746254 0 -0.1)
(-1.243756244 0 -0.1)
(-1.233766234 0 -0.1)
(-1.223776224 0 -0.1)
(-1.213786214 0 -0.1)
(-1.203796204 0 -0.1)
(-1.193806194 0 -0.1)
(-1.183816184 0 -0.1)
(-1.173826174 0 -0.1)
(-1.163836164 0 -0.1)
(-1.153846154 0 -0.1)
(-1.143856144 0 -0.1)
(-1.133866134 0 -0.1)
(-1.123876124 0 -0.1)
(-1.113886114 0 -0.1)
(-1.103896104 0 -0.1)
(-1.093906094 0 -0.1)
(-1.083916084 0 -0.1)
(-1.073926074 0 -0.1)
(-1.063936064 0 -0.1)
(-1.053946054 0 -0.1)
(-1.043956044 0 -0.1)
(-1.033966034 0 -0.1)
(-1.023976024 0 -0.1)
(-1.013986014 0 -0.1)
(-1.003996004 0 -0.1)
(-0.994005994 0 -0.1)
(-0.984015984 0 -0.1)
(-0.974025974 0 -0.1)
(-0.964035964 0 -0.1)
(-0.954045954 0 -0.1)
(-0.9440559441 0 -0.1)
(-0.9340659341 0 -0.1)
(-0.9240759241 0 -0.1)
(-0.9140859141 0 -0.1)
(-0.9040959041 0 -0.1)
(-0.8941058941 0 -0.1)
(-0.8841158841 0 -0.1)
(-0.8741258741 0 -0.1)
(-0.8641358641 0 -0.1)
(-0.8541458541 0 -0.1)
(-0.8441558442 0 -0.1)
(-0.8341658342 0 -0.1)
(-0.8241758242 0 -0.1)
(-0.8141858142 0 -0.1)
(-0.8041958042 0 -0.1)
(-0.7942057942 0 -0.1)
(-0.7842157842 0 -0.1)
(-0.7742257742 0 -0.1)
(-0.7642357642 0 -0.1)
(-0.7542457542 0 -0.1)
(-0.7442557443 0 -0.1)
(-0.7342657343 0 -0.1)
(-0.7242757243 0 -0.1)
(-0.7142857143 0 -0.1)
(-0.7042957043 0 -0.1)
(-0.6943056943 0 -0.1)
(-0.6843156843 0 -0.1)
(-0.6743256743 0 -0.1)
(-0.6643356643 0 -0.1)
(-0.6543456543 0 -0.1)
(-0.6443556444 0 -0.1)
(-0.6343656344 0 -0.1)
(-0.6243756244 0 -0.1)
(-0.6143856144 0 -0.1)
(-0.6043956044 0 -0.1)
(-0.5944055944 0 -0.1)
(-0.5844155844 0 -0.1)
(-0.5744255744 0 -0.1)
(-0.5644355644 0 -0.1)
(-0.5544455544 0 -0.1)
(-0.5444555445 0 -0.1)
(-0.5344655345 0 -0.1)
(-0.5244755245 0 -0.1)
(-0.5144855145 0 -0.1)
(-0.5044955045 0 -0.1)
(-0.4945054945 0 -0.1)
(-0.4845154845 0 -0.1)
(-0.4745254745 0 -0.1)
(-0.4645354645 0 -0.1)
(-0.4545454545 0 -0.1)
(-0.4445554446 0 -0.1)
(-0.4345654346 0 -0.1)
(-0.4245754246 0 -0.1)
(-0.4145854146 0 -0.1)
(-0.4045954046 0 -0.1)
(-0.3946053946 0 -0.1)
(-0.3846153846 0 -0.1)
(-0.3746253746 0 -0.1)
(-0.3646353646 0 -0.1)
(-0.3546453546 0 -0.1)
(-0.3446553447 0 -0.1)
(-0.3346653347 0 -0.1)
(-0.3246753247 0 -0.1)
(-0.3146853147 0 -0.1)
(-0.3046953047 0 -0.1)
(-0.2947052947 0 -0.1)
(-0.2847152847 0 -0.1)
(-0.2747252747 0 -0.1)
(-0.2647352647 0 -0.1)
(-0.2547452547 0 -0.1)
(-0.2447552448 0 -0.1)
(-0.2347652348 0 -0.1)
(-0.2247752248 0 -0.1)
(-0.2147852148 0 -0.1)
(-0.2047952048 0 -0.1)
(-0.1948051948 0 -0.1)
(-0.1848151848 0 -0.1)
(-0.1748251748 0 -0.1)
(-0.1648351648 0 -0.1)
(-0.1548451548 0 -0.1)
(-0.1448551449 0 -0.1)
(-0.1348651349 0 -0.1)
(-0.1248751249 0 -0.1)
(-0.1148851149 0 -0.1)
(-0.1048951049 0 -0.1)
(-0.09490509491 0 -0.1)
(-0.08491508492 0 -0.1)
(-0.07492507493 0 -0.1)
(-0.06493506494 0 -0.1)
(-0.05494505495 0 -0.1)
(-0.04495504496 0 -0.1)
(-0.03496503497 0 -0.1)
(-0.02497502498 0 -0.1)
(-0.01498501499 0 -0.1)
(-0.004995004995 0 -0.1)
(0.004995004995 0 -0.1)
(0.01498501499 0 -0.1)
(0.02497502498 0 -0.1)
(0.03496503497 0 -0.1)
(0.04495504496 0 -0.1)
(0.05494505495 0 -0.1)
(0.06493506494 0 -0.1)
(0.07492507493 0 -0.1)
(0.08491508492 0 -0.1)
(0.09490509491 0 -0.1)
(0.1048951049 0 -0.1)
(0.1148851149 0 -0.1)
(0.1248751249 0 -0.1)
(0.1348651349 0 -0.1)
(0.1448551449 0 -0.1)
(0.1548451548 0 -0.1)
(0.1648351648 0 -0.1)
(0.1748251748 0 -0.1)
(0.1848151848 0 -0.1)
(0.1948051948 0 -0.1)
(0.2047952048 0 -0.1)
(0.2147852148 0 -0.1)
(0.2247752248 0 -0.1)
(0.2347652348 0 -0.1)
(0.2447552448 0 -0.1)
(0.2547452547 0 -0.1)
(0.2647352647 0 -0.1)
(0.2747252747 0 -0.1)
(0.2847152847 0 -0.1)
(0.2947052947 0 -0.1)
(0.3046953047 0 -0.1)
(0.3146853147 0 -0.1)
(0.3246753247 0 -0.1)
(0.3346653347 0 -0.1)
(0.3446553447 0 -0.1)
(0.3546453546 0 -0.1)
(0.3646353646 0 -0.1)
(0.3746253746 0 -0.1)
(0.3846153846 0 -0.1)
(0.3946053946 0 -0.1)
(0.4045954046 0 -0.1)
(0.4145854146 0 -0.1)
(0.4245754246 0 -0.1)
(0.4345654346 0 -0.1)
(0.4445554446 0 -0.1)
(0.4545454545 0 -0.1)
(0.4645354645 0 -0.1)
(0.4745254745 0 -0.1)
(0.4845154845 0 -0.1)
(0.4945054945 0 -0.1)
(0.5044955045 0 -0.1)
(0.5144855145 0 -0.1)
(0.5244755245 0 -0.1)
(0.5344655345 0 -0.1)
(0.5444555445 0 -0.1)
(0.5544455544 0 -0.1)
(0.5644355644 0 -0.1)
(0.5744255744 0 -0.1)
(0.5844155844 0 -0.1)
(0.5944055944 0 -0.1)
(0.6043956044 0 -0.1)
(0.6143856144 0 -0.1)
(0.6243756244 0 -0.1)
(0.6343656344 0 -0.1)
(0.6443556444 0 -0.1)
(0.6543456543 0 -0.1)
(0.6643356643 0 -0.1)
(0.6743256743 0 -0.1)
(0.6843156843 0 -0.1)
(0.6943056943 0 -0.1)
(0.7042957043 0 -0.1)
(0.7142857143 0 -0.1)
(0.7242757243 0 -0.1)
(0.7342657343 0 -0.1)
(0.7442557443 0 -0.1)
(0.7542457542 0 -0.1)
(0.7642357642 0 -0.1)
(0.7742257742 0 -0.1)
(0.7842157842 0 -0.1)
(0.7942057942 0 -0.1)
(0.8041958042 0 -0.1)
(0.8141858142 0 -0.1)
(0.8241758242 0 -0.1)
(0.8341658342 0 -0.1)
(0.8441558442 0 -0.1)
(0.8541458541 0 -0.1)
(0.8641358641 0 -0.1)
(0.8741258741 0 -0.1)
(0.8841158841 0 -0.1)
(0.8941058941 0 -0.1)
(0.9040959041 0 -0.1)
(0.9140859141 0 -0.1)
(0.9240759241 0 -0.1)
(0.9340659341 0 -0.1)
(0.9440559441 0 -0.1)
(0.954045954 0 -0.1)
(0.964035964 0 -0.1)
(0.974025974 0 -0.1)
(0.984015984 0 -0.1)
(0.994005994 0 -0.1)
(1.003996004 0 -0.1)
(1.013986014 0 -0.1)
(1.023976024 0 -0.1)
(1.033966034 0 -0.1)
(1.043956044 0 -0.1)
(1.053946054 0 -0.1)
(1.063936064 0 -0.1)
(1.073926074 0 -0.1)
(1.083916084 0 -0.1)
(1.093906094 0 -0.1)
(1.103896104 0 -0.1)
(1.113886114 0 -0.1)
(1.123876124 0 -0.1)
(1.133866134 0 -0.1)
(1.143856144 0 -0.1)
(1.153846154 0 -0.1)
(1.163836164 0 -0.1)
(1.173826174 0 -0.1)
(1.183816184 0 -0.1)
(1.193806194 0 -0.1)
(1.203796204 0 -0.1)
(1.213786214 0 -0.1)
(1.223776224 0 -0.1)
(1.233766234 0 -0.1)
(1.243756244 0 -0.1)
(1.253746254 0 -0.1)
(1.263736264 0 -0.1)
(1.273726274 0 -0.1)
(1.283716284 0 -0.1)
(1.293706294 0 -0.1)
(1.303696304 0 -0.1)
(1.313686314 0 -0.1)
(1.323676324 0 -0.1)
(1.333666334 0 -0.1)
(1.343656344 0 -0.1)
(1.353646354 0 -0.1)
(1.363636364 0 -0.1)
(1.373626374 0 -0.1)
(1.383616384 0 -0.1)
(1.393606394 0 -0.1)
(1.403596404 0 -0.1)
(1.413586414 0 -0.1)
(1.423576424 0 -0.1)
(1.433566434 0 -0.1)
(1.443556444 0 -0.1)
(1.453546454 0 -0.1)
(1.463536464 0 -0.1)
(1.473526474 0 -0.1)
(1.483516484 0 -0.1)
(1.493506494 0 -0.1)
(1.503496503 0 -0.1)
(1.513486513 0 -0.1)
(1.523476523 0 -0.1)
(1.533466533 0 -0.1)
(1.543456543 0 -0.1)
(1.553446553 0 -0.1)
(1.563436563 0 -0.1)
(1.573426573 0 -0.1)
(1.583416583 0 -0.1)
(1.593406593 0 -0.1)
(1.603396603 0 -0.1)
(1.613386613 0 -0.1)
(1.623376623 0 -0.1)
(1.633366633 0 -0.1)
(1.643356643 0 -0.1)
(1.653346653 0 -0.1)
(1.663336663 0 -0.1)
(1.673326673 0 -0.1)
(1.683316683 0 -0.1)
(1.693306693 0 -0.1)
(1.703296703 0 -0.1)
(1.713286713 0 -0.1)
(1.723276723 0 -0.1)
(1.733266733 0 -0.1)
(1.743256743 0 -0.1)
(1.753246753 0 -0.1)
(1.763236763 0 -0.1)
(1.773226773 0 -0.1)
(1.783216783 0 -0.1)
(1.793206793 0 -0.1)
(1.803196803 0 -0.1)
(1.813186813 0 -0.1)
(1.823176823 0 -0.1)
(1.833166833 0 -0.1)
(1.843156843 0 -0.1)
(1.853146853 0 -0.1)
(1.863136863 0 -0.1)
(1.873126873 0 -0.1)
(1.883116883 0 -0.1)
(1.893106893 0 -0.1)
(1.903096903 0 -0.1)
(1.913086913 0 -0.1)
(1.923076923 0 -0.1)
(1.933066933 0 -0.1)
(1.943056943 0 -0.1)
(1.953046953 0 -0.1)
(1.963036963 0 -0.1)
(1.973026973 0 -0.1)
(1.983016983 0 -0.1)
(1.993006993 0 -0.1)
(2.002997003 0 -0.1)
(2.012987013 0 -0.1)
(2.022977023 0 -0.1)
(2.032967033 0 -0.1)
(2.042957043 0 -0.1)
(2.052947053 0 -0.1)
(2.062937063 0 -0.1)
(2.072927073 0 -0.1)
(2.082917083 0 -0.1)
(2.092907093 0 -0.1)
(2.102897103 0 -0.1)
(2.112887113 0 -0.1)
(2.122877123 0 -0.1)
(2.132867133 0 -0.1)
(2.142857143 0 -0.1)
(2.152847153 0 -0.1)
(2.162837163 0 -0.1)
(2.172827173 0 -0.1)
(2.182817183 0 -0.1)
(2.192807193 0 -0.1)
(2.202797203 0 -0.1)
(2.212787213 0 -0.1)
(2.222777223 0 -0.1)
(2.232767233 0 -0.1)
(2.242757243 0 -0.1)
(2.252747253 0 -0.1)
(2.262737263 0 -0.1)
(2.272727273 0 -0.1)
(2.282717283 0 -0.1)
(2.292707293 0 -0.1)
(2.302697303 0 -0.1)
(2.312687313 0 -0.1)
(2.322677323 0 -0.1)
(2.332667333 0 -0.1)
(2.342657343 0 -0.1)
(2.352647353 0 -0.1)
(2.362637363 0 -0.1)
(2.372627373 0 -0.1)
(2.382617383 0 -0.1)
(2.392607393 0 -0.1)
(2.402597403 0 -0.1)
(2.412587413 0 -0.1)
(2.422577423 0 -0.1)
(2.432567433 0 -0.1)
(2.442557443 0 -0.1)
(2.452547453 0 -0.1)
(2.462537463 0 -0.1)
(2.472527473 0 -0.1)
(2.482517483 0 -0.1)
(2.492507493 0 -0.1)
(2.502497502 0 -0.1)
(2.512487512 0 -0.1)
(2.522477522 0 -0.1)
(2.532467532 0 -0.1)
(2.542457542 0 -0.1)
(2.552447552 0 -0.1)
(2.562437562 0 -0.1)
(2.572427572 0 -0.1)
(2.582417582 0 -0.1)
(2.592407592 0 -0.1)
(2.602397602 0 -0.1)
(2.612387612 0 -0.1)
(2.622377622 0 -0.1)
(2.632367632 0 -0.1)
(2.642357642 0 -0.1)
(2.652347652 0 -0.1)
(2.662337662 0 -0.1)
(2.672327672 0 -0.1)
(2.682317682 0 -0.1)
(2.692307692 0 -0.1)
(2.702297702 0 -0.1)
(2.712287712 0 -0.1)
(2.722277722 0 -0.1)
(2.732267732 0 -0.1)
(2.742257742 0 -0.1)
(2.752247752 0 -0.1)
(2.762237762 0 -0.1)
(2.772227772 0 -0.1)
(2.782217782 0 -0.1)
(2.792207792 0 -0.1)
(2.802197802 0 -0.1)
(2.812187812 0 -0.1)
(2.822177822 0 -0.1)
(2.832167832 0 -0.1)
(2.842157842 0 -0.1)
(2.852147852 0 -0.1)
(2.862137862 0 -0.1)
(2.872127872 0 -0.1)
(2.882117882 0 -0.1)
(2.892107892 0 -0.1)
(2.902097902 0 -0.1)
(2.912087912 0 -0.1)
(2.922077922 0 -0.1)
(2.932067932 0 -0.1)
(2.942057942 0 -0.1)
(2.952047952 0 -0.1)
(2.962037962 0 -0.1)
(2.972027972 0 -0.1)
(2.982017982 0 -0.1)
(2.992007992 0 -0.1)
(3.001998002 0 -0.1)
(3.011988012 0 -0.1)
(3.021978022 0 -0.1)
(3.031968032 0 -0.1)
(3.041958042 0 -0.1)
(3.051948052 0 -0.1)
(3.061938062 0 -0.1)
(3.071928072 0 -0.1)
(3.081918082 0 -0.1)
(3.091908092 0 -0.1)
(3.101898102 0 -0.1)
(3.111888112 0 -0.1)
(3.121878122 0 -0.1)
(3.131868132 0 -0.1)
(3.141858142 0 -0.1)
(3.151848152 0 -0.1)
(3.161838162 0 -0.1)
(3.171828172 0 -0.1)
(3.181818182 0 -0.1)
(3.191808192 0 -0.1)
(3.201798202 0 -0.1)
(3.211788212 0 -0.1)
(3.221778222 0 -0.1)
(3.231768232 0 -0.1)
(3.241758242 0 -0.1)
(3.251748252 0 -0.1)
(3.261738262 0 -0.1)
(3.271728272 0 -0.1)
(3.281718282 0 -0.1)
(3.291708292 0 -0.1)
(3.301698302 0 -0.1)
(3.311688312 0 -0.1)
(3.321678322 0 -0.1)
(3.331668332 0 -0.1)
(3.341658342 0 -0.1)
(3.351648352 0 -0.1)
(3.361638362 0 -0.1)
(3.371628372 0 -0.1)
(3.381618382 0 -0.1)
(3.391608392 0 -0.1)
(3.401598402 0 -0.1)
(3.411588412 0 -0.1)
(3.421578422 0 -0.1)
(3.431568432 0 -0.1)
(3.441558442 0 -0.1)
(3.451548452 0 -0.1)
(3.461538462 0 -0.1)
(3.471528472 0 -0.1)
(3.481518482 0 -0.1)
(3.491508492 0 -0.1)
(3.501498501 0 -0.1)
(3.511488511 0 -0.1)
(3.521478521 0 -0.1)
(3.531468531 0 -0.1)
(3.541458541 0 -0.1)
(3.551448551 0 -0.1)
(3.561438561 0 -0.1)
(3.571428571 0 -0.1)
(3.581418581 0 -0.1)
(3.591408591 0 -0.1)
(3.601398601 0 -0.1)
(3.611388611 0 -0.1)
(3.621378621 0 -0.1)
(3.631368631 0 -0.1)
(3.641358641 0 -0.1)
(3.651348651 0 -0.1)
(3.661338661 0 -0.1)
(3.671328671 0 -0.1)
(3.681318681 0 -0.1)
(3.691308691 0 -0.1)
(3.701298701 0 -0.1)
(3.711288711 0 -0.1)
(3.721278721 0 -0.1)
(3.731268731 0 -0.1)
(3.741258741 0 -0.1)
(3.751248751 0 -0.1)
(3.761238761 0 -0.1)
(3.771228771 0 -0.1)
(3.781218781 0 -0.1)
(3.791208791 0 -0.1)
(3.801198801 0 -0.1)
(3.811188811 0 -0.1)
(3.821178821 0 -0.1)
(3.831168831 0 -0.1)
(3.841158841 0 -0.1)
(3.851148851 0 -0.1)
(3.861138861 0 -0.1)
(3.871128871 0 -0.1)
(3.881118881 0 -0.1)
(3.891108891 0 -0.1)
(3.901098901 0 -0.1)
(3.911088911 0 -0.1)
(3.921078921 0 -0.1)
(3.931068931 0 -0.1)
(3.941058941 0 -0.1)
(3.951048951 0 -0.1)
(3.961038961 0 -0.1)
(3.971028971 0 -0.1)
(3.981018981 0 -0.1)
(3.991008991 0 -0.1)
(4.000999001 0 -0.1)
(4.010989011 0 -0.1)
(4.020979021 0 -0.1)
(4.030969031 0 -0.1)
(4.040959041 0 -0.1)
(4.050949051 0 -0.1)
(4.060939061 0 -0.1)
(4.070929071 0 -0.1)
(4.080919081 0 -0.1)
(4.090909091 0 -0.1)
(4.100899101 0 -0.1)
(4.110889111 0 -0.1)
(4.120879121 0 -0.1)
(4.130869131 0 -0.1)
(4.140859141 0 -0.1)
(4.150849151 0 -0.1)
(4.160839161 0 -0.1)
(4.170829171 0 -0.1)
(4.180819181 0 -0.1)
(4.190809191 0 -0.1)
(4.200799201 0 -0.1)
(4.210789211 0 -0.1)
(4.220779221 0 -0.1)
(4.230769231 0 -0.1)
(4.240759241 0 -0.1)
(4.250749251 0 -0.1)
(4.260739261 0 -0.1)
(4.270729271 0 -0.1)
(4.280719281 0 -0.1)
(4.290709291 0 -0.1)
(4.300699301 0 -0.1)
(4.310689311 0 -0.1)
(4.320679321 0 -0.1)
(4.330669331 0 -0.1)
(4.340659341 0 -0.1)
(4.350649351 0 -0.1)
(4.360639361 0 -0.1)
(4.370629371 0 -0.1)
(4.380619381 0 -0.1)
(4.390609391 0 -0.1)
(4.400599401 0 -0.1)
(4.410589411 0 -0.1)
(4.420579421 0 -0.1)
(4.430569431 0 -0.1)
(4.440559441 0 -0.1)
(4.450549451 0 -0.1)
(4.460539461 0 -0.1)
(4.470529471 0 -0.1)
(4.480519481 0 -0.1)
(4.490509491 0 -0.1)
(4.5004995 0 -0.1)
(4.51048951 0 -0.1)
(4.52047952 0 -0.1)
(4.53046953 0 -0.1)
(4.54045954 0 -0.1)
(4.55044955 0 -0.1)
(4.56043956 0 -0.1)
(4.57042957 0 -0.1)
(4.58041958 0 -0.1)
(4.59040959 0 -0.1)
(4.6003996 0 -0.1)
(4.61038961 0 -0.1)
(4.62037962 0 -0.1)
(4.63036963 0 -0.1)
(4.64035964 0 -0.1)
(4.65034965 0 -0.1)
(4.66033966 0 -0.1)
(4.67032967 0 -0.1)
(4.68031968 0 -0.1)
(4.69030969 0 -0.1)
(4.7002997 0 -0.1)
(4.71028971 0 -0.1)
(4.72027972 0 -0.1)
(4.73026973 0 -0.1)
(4.74025974 0 -0.1)
(4.75024975 0 -0.1)
(4.76023976 0 -0.1)
(4.77022977 0 -0.1)
(4.78021978 0 -0.1)
(4.79020979 0 -0.1)
(4.8001998 0 -0.1)
(4.81018981 0 -0.1)
(4.82017982 0 -0.1)
(4.83016983 0 -0.1)
(4.84015984 0 -0.1)
(4.85014985 0 -0.1)
(4.86013986 0 -0.1)
(4.87012987 0 -0.1)
(4.88011988 0 -0.1)
(4.89010989 0 -0.1)
(4.9000999 0 -0.1)
(4.91008991 0 -0.1)
(4.92007992 0 -0.1)
(4.93006993 0 -0.1)
(4.94005994 0 -0.1)
(4.95004995 0 -0.1)
(4.96003996 0 -0.1)
(4.97002997 0 -0.1)
(4.98001998 0 -0.1)
(4.99000999 0 -0.1)
(5 0 -0.1)
(-5 1 -0.1)
(-4.99000999 1 -0.1)
(-4.98001998 1 -0.1)
(-4.97002997 1 -0.1)
(-4.96003996 1 -0.1)
(-4.95004995 1 -0.1)
(-4.94005994 1 -0.1)
(-4.93006993 1 -0.1)
(-4.92007992 1 -0.1)
(-4.91008991 1 -0.1)
(-4.9000999 1 -0.1)
(-4.89010989 1 -0.1)
(-4.88011988 1 -0.1)
(-4.87012987 1 -0.1)
(-4.86013986 1 -0.1)
(-4.85014985 1 -0.1)
(-4.84015984 1 -0.1)
(-4.83016983 1 -0.1)
(-4.82017982 1 -0.1)
(-4.81018981 1 -0.1)
(-4.8001998 1 -0.1)
(-4.79020979 1 -0.1)
(-4.78021978 1 -0.1)
(-4.77022977 1 -0.1)
(-4.76023976 1 -0.1)
(-4.75024975 1 -0.1)
(-4.74025974 1 -0.1)
(-4.73026973 1 -0.1)
(-4.72027972 1 -0.1)
(-4.71028971 1 -0.1)
(-4.7002997 1 -0.1)
(-4.69030969 1 -0.1)
(-4.68031968 1 -0.1)
(-4.67032967 1 -0.1)
(-4.66033966 1 -0.1)
(-4.65034965 1 -0.1)
(-4.64035964 1 -0.1)
(-4.63036963 1 -0.1)
(-4.62037962 1 -0.1)
(-4.61038961 1 -0.1)
(-4.6003996 1 -0.1)
(-4.59040959 1 -0.1)
(-4.58041958 1 -0.1)
(-4.57042957 1 -0.1)
(-4.56043956 1 -0.1)
(-4.55044955 1 -0.1)
(-4.54045954 1 -0.1)
(-4.53046953 1 -0.1)
(-4.52047952 1 -0.1)
(-4.51048951 1 -0.1)
(-4.5004995 1 -0.1)
(-4.490509491 1 -0.1)
(-4.480519481 1 -0.1)
(-4.470529471 1 -0.1)
(-4.460539461 1 -0.1)
(-4.450549451 1 -0.1)
(-4.440559441 1 -0.1)
(-4.430569431 1 -0.1)
(-4.420579421 1 -0.1)
(-4.410589411 1 -0.1)
(-4.400599401 1 -0.1)
(-4.390609391 1 -0.1)
(-4.380619381 1 -0.1)
(-4.370629371 1 -0.1)
(-4.360639361 1 -0.1)
(-4.350649351 1 -0.1)
(-4.340659341 1 -0.1)
(-4.330669331 1 -0.1)
(-4.320679321 1 -0.1)
(-4.310689311 1 -0.1)
(-4.300699301 1 -0.1)
(-4.290709291 1 -0.1)
(-4.280719281 1 -0.1)
(-4.270729271 1 -0.1)
(-4.260739261 1 -0.1)
(-4.250749251 1 -0.1)
(-4.240759241 1 -0.1)
(-4.230769231 1 -0.1)
(-4.220779221 1 -0.1)
(-4.210789211 1 -0.1)
(-4.200799201 1 -0.1)
(-4.190809191 1 -0.1)
(-4.180819181 1 -0.1)
(-4.170829171 1 -0.1)
(-4.160839161 1 -0.1)
(-4.150849151 1 -0.1)
(-4.140859141 1 -0.1)
(-4.130869131 1 -0.1)
(-4.120879121 1 -0.1)
(-4.110889111 1 -0.1)
(-4.100899101 1 -0.1)
(-4.090909091 1 -0.1)
(-4.080919081 1 -0.1)
(-4.070929071 1 -0.1)
(-4.060939061 1 -0.1)
(-4.050949051 1 -0.1)
(-4.040959041 1 -0.1)
(-4.030969031 1 -0.1)
(-4.020979021 1 -0.1)
(-4.010989011 1 -0.1)
(-4.000999001 1 -0.1)
(-3.991008991 1 -0.1)
(-3.981018981 1 -0.1)
(-3.971028971 1 -0.1)
(-3.961038961 1 -0.1)
(-3.951048951 1 -0.1)
(-3.941058941 1 -0.1)
(-3.931068931 1 -0.1)
(-3.921078921 1 -0.1)
(-3.911088911 1 -0.1)
(-3.901098901 1 -0.1)
(-3.891108891 1 -0.1)
(-3.881118881 1 -0.1)
(-3.871128871 1 -0.1)
(-3.861138861 1 -0.1)
(-3.851148851 1 -0.1)
(-3.841158841 1 -0.1)
(-3.831168831 1 -0.1)
(-3.821178821 1 -0.1)
(-3.811188811 1 -0.1)
(-3.801198801 1 -0.1)
(-3.791208791 1 -0.1)
(-3.781218781 1 -0.1)
(-3.771228771 1 -0.1)
(-3.761238761 1 -0.1)
(-3.751248751 1 -0.1)
(-3.741258741 1 -0.1)
(-3.731268731 1 -0.1)
(-3.721278721 1 -0.1)
(-3.711288711 1 -0.1)
(-3.701298701 1 -0.1)
(-3.691308691 1 -0.1)
(-3.681318681 1 -0.1)
(-3.671328671 1 -0.1)
(-3.661338661 1 -0.1)
(-3.651348651 1 -0.1)
(-3.641358641 1 -0.1)
(-3.631368631 1 -0.1)
(-3.621378621 1 -0.1)
(-3.611388611 1 -0.1)
(-3.601398601 1 -0.1)
(-3.591408591 1 -0.1)
(-3.581418581 1 -0.1)
(-3.571428571 1 -0.1)
(-3.561438561 1 -0.1)
(-3.551448551 1 -0.1)
(-3.541458541 1 -0.1)
(-3.531468531 1 -0.1)
(-3.521478521 1 -0.1)
(-3.511488511 1 -0.1)
(-3.501498501 1 -0.1)
(-3.491508492 1 -0.1)
(-3.481518482 1 -0.1)
(-3.471528472 1 -0.1)
(-3.461538462 1 -0.1)
(-3.451548452 1 -0.1)
(-3.441558442 1 -0.1)
(-3.431568432 1 -0.1)
(-3.421578422 1 -0.1)
(-3.411588412 1 -0.1)
(-3.401598402 1 -0.1)
(-3.391608392 1 -0.1)
(-3.381618382 1 -0.1)
(-3.371628372 1 -0.1)
(-3.361638362 1 -0.1)
(-3.351648352 1 -0.1)
(-3.341658342 1 -0.1)
(-3.331668332 1 -0.1)
(-3.321678322 1 -0.1)
(-3.311688312 1 -0.1)
(-3.301698302 1 -0.1)
(-3.291708292 1 -0.1)
(-3.281718282 1 -0.1)
(-3.271728272 1 -0.1)
(-3.261738262 1 -0.1)
(-3.251748252 1 -0.1)
(-3.241758242 1 -0.1)
(-3.231768232 1 -0.1)
(-3.221778222 1 -0.1)
(-3.211788212 1 -0.1)
(-3.201798202 1 -0.1)
(-3.191808192 1 -0.1)
(-3.181818182 1 -0.1)
(-3.171828172 1 -0.1)
(-3.161838162 1 -0.1)
(-3.151848152 1 -0.1)
(-3.141858142 1 -0.1)
(-3.131868132 1 -0.1)
(-3.121878122 1 -0.1)
(-3.111888112 1 -0.1)
(-3.101898102 1 -0.1)
(-3.091908092 1 -0.1)
(-3.081918082 1 -0.1)
(-3.071928072 1 -0.1)
(-3.061938062 1 -0.1)
(-3.051948052 1 -0.1)
(-3.041958042 1 -0.1)
(-3.031968032 1 -0.1)
(-3.021978022 1 -0.1)
(-3.011988012 1 -0.1)
(-3.001998002 1 -0.1)
(-2.992007992 1 -0.1)
(-2.982017982 1 -0.1)
(-2.972027972 1 -0.1)
(-2.962037962 1 -0.1)
(-2.952047952 1 -0.1)
(-2.942057942 1 -0.1)
(-2.932067932 1 -0.1)
(-2.922077922 1 -0.1)
(-2.912087912 1 -0.1)
(-2.902097902 1 -0.1)
(-2.892107892 1 -0.1)
(-2.882117882 1 -0.1)
(-2.872127872 1 -0.1)
(-2.862137862 1 -0.1)
(-2.852147852 1 -0.1)
(-2.842157842 1 -0.1)
(-2.832167832 1 -0.1)
(-2.822177822 1 -0.1)
(-2.812187812 1 -0.1)
(-2.802197802 1 -0.1)
(-2.792207792 1 -0.1)
(-2.782217782 1 -0.1)
(-2.772227772 1 -0.1)
(-2.762237762 1 -0.1)
(-2.752247752 1 -0.1)
(-2.742257742 1 -0.1)
(-2.732267732 1 -0.1)
(-2.722277722 1 -0.1)
(-2.712287712 1 -0.1)
(-2.702297702 1 -0.1)
(-2.692307692 1 -0.1)
(-2.682317682 1 -0.1)
(-2.672327672 1 -0.1)
(-2.662337662 1 -0.1)
(-2.652347652 1 -0.1)
(-2.642357642 1 -0.1)
(-2.632367632 1 -0.1)
(-2.622377622 1 -0.1)
(-2.612387612 1 -0.1)
(-2.602397602 1 -0.1)
(-2.592407592 1 -0.1)
(-2.582417582 1 -0.1)
(-2.572427572 1 -0.1)
(-2.562437562 1 -0.1)
(-2.552447552 1 -0.1)
(-2.542457542 1 -0.1)
(-2.532467532 1 -0.1)
(-2.522477522 1 -0.1)
(-2.512487512 1 -0.1)
(-2.502497502 1 -0.1)
(-2.492507493 1 -0.1)
(-2.482517483 1 -0.1)
(-2.472527473 1 -0.1)
(-2.462537463 1 -0.1)
(-2.452547453 1 -0.1)
(-2.442557443 1 -0.1)
(-2.432567433 1 -0.1)
(-2.422577423 1 -0.1)
(-2.412587413 1 -0.1)
(-2.402597403 1 -0.1)
(-2.392607393 1 -0.1)
(-2.382617383 1 -0.1)
(-2.372627373 1 -0.1)
(-2.362637363 1 -0.1)
(-2.352647353 1 -0.1)
(-2.342657343 1 -0.1)
(-2.332667333 1 -0.1)
(-2.322677323 1 -0.1)
(-2.312687313 1 -0.1)
(-2.302697303 1 -0.1)
(-2.292707293 1 -0.1)
(-2.282717283 1 -0.1)
(-2.272727273 1 -0.1)
(-2.262737263 1 -0.1)
(-2.252747253 1 -0.1)
(-2.242757243 1 -0.1)
(-2.232767233 1 -0.1)
(-2.222777223 1 -0.1)
(-2.212787213 1 -0.1)
(-2.202797203 1 -0.1)
(-2.192807193 1 -0.1)
(-2.182817183 1 -0.1)
(-2.172827173 1 -0.1)
(-2.162837163 1 -0.1)
(-2.152847153 1 -0.1)
(-2.142857143 1 -0.1)
(-2.132867133 1 -0.1)
(-2.122877123 1 -0.1)
(-2.112887113 1 -0.1)
(-2.102897103 1 -0.1)
(-2.092907093 1 -0.1)
(-2.082917083 1 -0.1)
(-2.072927073 1 -0.1)
(-2.062937063 1 -0.1)
(-2.052947053 1 -0.1)
(-2.042957043 1 -0.1)
(-2.032967033 1 -0.1)
(-2.022977023 1 -0.1)
(-2.012987013 1 -0.1)
(-2.002997003 1 -0.1)
(-1.993006993 1 -0.1)
(-1.983016983 1 -0.1)
(-1.973026973 1 -0.1)
(-1.963036963 1 -0.1)
(-1.953046953 1 -0.1)
(-1.943056943 1 -0.1)
(-1.933066933 1 -0.1)
(-1.923076923 1 -0.1)
(-1.913086913 1 -0.1)
(-1.903096903 1 -0.1)
(-1.893106893 1 -0.1)
(-1.883116883 1 -0.1)
(-1.873126873 1 -0.1)
(-1.863136863 1 -0.1)
(-1.853146853 1 -0.1)
(-1.843156843 1 -0.1)
(-1.833166833 1 -0.1)
(-1.823176823 1 -0.1)
(-1.813186813 1 -0.1)
(-1.803196803 1 -0.1)
(-1.793206793 1 -0.1)
(-1.783216783 1 -0.1)
(-1.773226773 1 -0.1)
(-1.763236763 1 -0.1)
(-1.753246753 1 -0.1)
(-1.743256743 1 -0.1)
(-1.733266733 1 -0.1)
(-1.723276723 1 -0.1)
(-1.713286713 1 -0.1)
(-1.703296703 1 -0.1)
(-1.693306693 1 -0.1)
(-1.683316683 1 -0.1)
(-1.673326673 1 -0.1)
(-1.663336663 1 -0.1)
(-1.653346653 1 -0.1)
(-1.643356643 1 -0.1)
(-1.633366633 1 -0.1)
(-1.623376623 1 -0.1)
(-1.613386613 1 -0.1)
(-1.603396603 1 -0.1)
(-1.593406593 1 -0.1)
(-1.583416583 1 -0.1)
(-1.573426573 1 -0.1)
(-1.563436563 1 -0.1)
(-1.553446553 1 -0.1)
(-1.543456543 1 -0.1)
(-1.533466533 1 -0.1)
(-1.523476523 1 -0.1)
(-1.513486513 1 -0.1)
(-1.503496503 1 -0.1)
(-1.493506494 1 -0.1)
(-1.483516484 1 -0.1)
(-1.473526474 1 -0.1)
(-1.463536464 1 -0.1)
(-1.453546454 1 -0.1)
(-1.443556444 1 -0.1)
(-1.433566434 1 -0.1)
(-1.423576424 1 -0.1)
(-1.413586414 1 -0.1)
(-1.403596404 1 -0.1)
(-1.393606394 1 -0.1)
(-1.383616384 1 -0.1)
(-1.373626374 1 -0.1)
(-1.363636364 1 -0.1)
(-1.353646354 1 -0.1)
(-1.343656344 1 -0.1)
(-1.333666334 1 -0.1)
(-1.323676324 1 -0.1)
(-1.313686314 1 -0.1)
(-1.303696304 1 -0.1)
(-1.293706294 1 -0.1)
(-1.283716284 1 -0.1)
(-1.273726274 1 -0.1)
(-1.263736264 1 -0.1)
(-1.253746254 1 -0.1)
(-1.243756244 1 -0.1)
(-1.233766234 1 -0.1)
(-1.223776224 1 -0.1)
(-1.213786214 1 -0.1)
(-1.203796204 1 -0.1)
(-1.193806194 1 -0.1)
(-1.183816184 1 -0.1)
(-1.173826174 1 -0.1)
(-1.163836164 1 -0.1)
(-1.153846154 1 -0.1)
(-1.143856144 1 -0.1)
(-1.133866134 1 -0.1)
(-1.123876124 1 -0.1)
(-1.113886114 1 -0.1)
(-1.103896104 1 -0.1)
(-1.093906094 1 -0.1)
(-1.083916084 1 -0.1)
(-1.073926074 1 -0.1)
(-1.063936064 1 -0.1)
(-1.053946054 1 -0.1)
(-1.043956044 1 -0.1)
(-1.033966034 1 -0.1)
(-1.023976024 1 -0.1)
(-1.013986014 1 -0.1)
(-1.003996004 1 -0.1)
(-0.994005994 1 -0.1)
(-0.984015984 1 -0.1)
(-0.974025974 1 -0.1)
(-0.964035964 1 -0.1)
(-0.954045954 1 -0.1)
(-0.9440559441 1 -0.1)
(-0.9340659341 1 -0.1)
(-0.9240759241 1 -0.1)
(-0.9140859141 1 -0.1)
(-0.9040959041 1 -0.1)
(-0.8941058941 1 -0.1)
(-0.8841158841 1 -0.1)
(-0.8741258741 1 -0.1)
(-0.8641358641 1 -0.1)
(-0.8541458541 1 -0.1)
(-0.8441558442 1 -0.1)
(-0.8341658342 1 -0.1)
(-0.8241758242 1 -0.1)
(-0.8141858142 1 -0.1)
(-0.8041958042 1 -0.1)
(-0.7942057942 1 -0.1)
(-0.7842157842 1 -0.1)
(-0.7742257742 1 -0.1)
(-0.7642357642 1 -0.1)
(-0.7542457542 1 -0.1)
(-0.7442557443 1 -0.1)
(-0.7342657343 1 -0.1)
(-0.7242757243 1 -0.1)
(-0.7142857143 1 -0.1)
(-0.7042957043 1 -0.1)
(-0.6943056943 1 -0.1)
(-0.6843156843 1 -0.1)
(-0.6743256743 1 -0.1)
(-0.6643356643 1 -0.1)
(-0.6543456543 1 -0.1)
(-0.6443556444 1 -0.1)
(-0.6343656344 1 -0.1)
(-0.6243756244 1 -0.1)
(-0.6143856144 1 -0.1)
(-0.6043956044 1 -0.1)
(-0.5944055944 1 -0.1)
(-0.5844155844 1 -0.1)
(-0.5744255744 1 -0.1)
(-0.5644355644 1 -0.1)
(-0.5544455544 1 -0.1)
(-0.5444555445 1 -0.1)
(-0.5344655345 1 -0.1)
(-0.5244755245 1 -0.1)
(-0.5144855145 1 -0.1)
(-0.5044955045 1 -0.1)
(-0.4945054945 1 -0.1)
(-0.4845154845 1 -0.1)
(-0.4745254745 1 -0.1)
(-0.4645354645 1 -0.1)
(-0.4545454545 1 -0.1)
(-0.4445554446 1 -0.1)
(-0.4345654346 1 -0.1)
(-0.4245754246 1 -0.1)
(-0.4145854146 1 -0.1)
(-0.4045954046 1 -0.1)
(-0.3946053946 1 -0.1)
(-0.3846153846 1 -0.1)
(-0.3746253746 1 -0.1)
(-0.3646353646 1 -0.1)
(-0.3546453546 1 -0.1)
(-0.3446553447 1 -0.1)
(-0.3346653347 1 -0.1)
(-0.3246753247 1 -0.1)
(-0.3146853147 1 -0.1)
(-0.3046953047 1 -0.1)
(-0.2947052947 1 -0.1)
(-0.2847152847 1 -0.1)
(-0.2747252747 1 -0.1)
(-0.2647352647 1 -0.1)
(-0.2547452547 1 -0.1)
(-0.2447552448 1 -0.1)
(-0.2347652348 1 -0.1)
(-0.2247752248 1 -0.1)
(-0.2147852148 1 -0.1)
(-0.2047952048 1 -0.1)
(-0.1948051948 1 -0.1)
(-0.1848151848 1 -0.1)
(-0.1748251748 1 -0.1)
(-0.1648351648 1 -0.1)
(-0.1548451548 1 -0.1)
(-0.1448551449 1 -0.1)
(-0.1348651349 1 -0.1)
(-0.1248751249 1 -0.1)
(-0.1148851149 1 -0.1)
(-0.1048951049 1 -0.1)
(-0.09490509491 1 -0.1)
(-0.08491508492 1 -0.1)
(-0.07492507493 1 -0.1)
(-0.06493506494 1 -0.1)
(-0.05494505495 1 -0.1)
(-0.04495504496 1 -0.1)
(-0.03496503497 1 -0.1)
(-0.02497502498 1 -0.1)
(-0.01498501499 1 -0.1)
(-0.004995004995 1 -0.1)
(0.004995004995 1 -0.1)
(0.01498501499 1 -0.1)
(0.02497502498 1 -0.1)
(0.03496503497 1 -0.1)
(0.04495504496 1 -0.1)
(0.05494505495 1 -0.1)
(0.06493506494 1 -0.1)
(0.07492507493 1 -0.1)
(0.08491508492 1 -0.1)
(0.09490509491 1 -0.1)
(0.1048951049 1 -0.1)
(0.1148851149 1 -0.1)
(0.1248751249 1 -0.1)
(0.1348651349 1 -0.1)
(0.1448551449 1 -0.1)
(0.1548451548 1 -0.1)
(0.1648351648 1 -0.1)
(0.1748251748 1 -0.1)
(0.1848151848 1 -0.1)
(0.1948051948 1 -0.1)
(0.2047952048 1 -0.1)
(0.2147852148 1 -0.1)
(0.2247752248 1 -0.1)
(0.2347652348 1 -0.1)
(0.2447552448 1 -0.1)
(0.2547452547 1 -0.1)
(0.2647352647 1 -0.1)
(0.2747252747 1 -0.1)
(0.2847152847 1 -0.1)
(0.2947052947 1 -0.1)
(0.3046953047 1 -0.1)
(0.3146853147 1 -0.1)
(0.3246753247 1 -0.1)
(0.3346653347 1 -0.1)
(0.3446553447 1 -0.1)
(0.3546453546 1 -0.1)
(0.3646353646 1 -0.1)
(0.3746253746 1 -0.1)
(0.3846153846 1 -0.1)
(0.3946053946 1 -0.1)
(0.4045954046 1 -0.1)
(0.4145854146 1 -0.1)
(0.4245754246 1 -0.1)
(0.4345654346 1 -0.1)
(0.4445554446 1 -0.1)
(0.4545454545 1 -0.1)
(0.4645354645 1 -0.1)
(0.4745254745 1 -0.1)
(0.4845154845 1 -0.1)
(0.4945054945 1 -0.1)
(0.5044955045 1 -0.1)
(0.5144855145 1 -0.1)
(0.5244755245 1 -0.1)
(0.5344655345 1 -0.1)
(0.5444555445 1 -0.1)
(0.5544455544 1 -0.1)
(0.5644355644 1 -0.1)
(0.5744255744 1 -0.1)
(0.5844155844 1 -0.1)
(0.5944055944 1 -0.1)
(0.6043956044 1 -0.1)
(0.6143856144 1 -0.1)
(0.6243756244 1 -0.1)
(0.6343656344 1 -0.1)
(0.6443556444 1 -0.1)
(0.6543456543 1 -0.1)
(0.6643356643 1 -0.1)
(0.6743256743 1 -0.1)
(0.6843156843 1 -0.1)
(0.6943056943 1 -0.1)
(0.7042957043 1 -0.1)
(0.7142857143 1 -0.1)
(0.7242757243 1 -0.1)
(0.7342657343 1 -0.1)
(0.7442557443 1 -0.1)
(0.7542457542 1 -0.1)
(0.7642357642 1 -0.1)
(0.7742257742 1 -0.1)
(0.7842157842 1 -0.1)
(0.7942057942 1 -0.1)
(0.8041958042 1 -0.1)
(0.8141858142 1 -0.1)
(0.8241758242 1 -0.1)
(0.8341658342 1 -0.1)
(0.8441558442 1 -0.1)
(0.8541458541 1 -0.1)
(0.8641358641 1 -0.1)
(0.8741258741 1 -0.1)
(0.8841158841 1 -0.1)
(0.8941058941 1 -0.1)
(0.9040959041 1 -0.1)
(0.9140859141 1 -0.1)
(0.9240759241 1 -0.1)
(0.9340659341 1 -0.1)
(0.9440559441 1 -0.1)
(0.954045954 1 -0.1)
(0.964035964 1 -0.1)
(0.974025974 1 -0.1)
(0.984015984 1 -0.1)
(0.994005994 1 -0.1)
(1.003996004 1 -0.1)
(1.013986014 1 -0.1)
(1.023976024 1 -0.1)
(1.033966034 1 -0.1)
(1.043956044 1 -0.1)
(1.053946054 1 -0.1)
(1.063936064 1 -0.1)
(1.073926074 1 -0.1)
(1.083916084 1 -0.1)
(1.093906094 1 -0.1)
(1.103896104 1 -0.1)
(1.113886114 1 -0.1)
(1.123876124 1 -0.1)
(1.133866134 1 -0.1)
(1.143856144 1 -0.1)
(1.153846154 1 -0.1)
(1.163836164 1 -0.1)
(1.173826174 1 -0.1)
(1.183816184 1 -0.1)
(1.193806194 1 -0.1)
(1.203796204 1 -0.1)
(1.213786214 1 -0.1)
(1.223776224 1 -0.1)
(1.233766234 1 -0.1)
(1.243756244 1 -0.1)
(1.253746254 1 -0.1)
(1.263736264 1 -0.1)
(1.273726274 1 -0.1)
(1.283716284 1 -0.1)
(1.293706294 1 -0.1)
(1.303696304 1 -0.1)
(1.313686314 1 -0.1)
(1.323676324 1 -0.1)
(1.333666334 1 -0.1)
(1.343656344 1 -0.1)
(1.353646354 1 -0.1)
(1.363636364 1 -0.1)
(1.373626374 1 -0.1)
(1.383616384 1 -0.1)
(1.393606394 1 -0.1)
(1.403596404 1 -0.1)
(1.413586414 1 -0.1)
(1.423576424 1 -0.1)
(1.433566434 1 -0.1)
(1.443556444 1 -0.1)
(1.453546454 1 -0.1)
(1.463536464 1 -0.1)
(1.473526474 1 -0.1)
(1.483516484 1 -0.1)
(1.493506494 1 -0.1)
(1.503496503 1 -0.1)
(1.513486513 1 -0.1)
(1.523476523 1 -0.1)
(1.533466533 1 -0.1)
(1.543456543 1 -0.1)
(1.553446553 1 -0.1)
(1.563436563 1 -0.1)
(1.573426573 1 -0.1)
(1.583416583 1 -0.1)
(1.593406593 1 -0.1)
(1.603396603 1 -0.1)
(1.613386613 1 -0.1)
(1.623376623 1 -0.1)
(1.633366633 1 -0.1)
(1.643356643 1 -0.1)
(1.653346653 1 -0.1)
(1.663336663 1 -0.1)
(1.673326673 1 -0.1)
(1.683316683 1 -0.1)
(1.693306693 1 -0.1)
(1.703296703 1 -0.1)
(1.713286713 1 -0.1)
(1.723276723 1 -0.1)
(1.733266733 1 -0.1)
(1.743256743 1 -0.1)
(1.753246753 1 -0.1)
(1.763236763 1 -0.1)
(1.773226773 1 -0.1)
(1.783216783 1 -0.1)
(1.793206793 1 -0.1)
(1.803196803 1 -0.1)
(1.813186813 1 -0.1)
(1.823176823 1 -0.1)
(1.833166833 1 -0.1)
(1.843156843 1 -0.1)
(1.853146853 1 -0.1)
(1.863136863 1 -0.1)
(1.873126873 1 -0.1)
(1.883116883 1 -0.1)
(1.893106893 1 -0.1)
(1.903096903 1 -0.1)
(1.913086913 1 -0.1)
(1.923076923 1 -0.1)
(1.933066933 1 -0.1)
(1.943056943 1 -0.1)
(1.953046953 1 -0.1)
(1.963036963 1 -0.1)
(1.973026973 1 -0.1)
(1.983016983 1 -0.1)
(1.993006993 1 -0.1)
(2.002997003 1 -0.1)
(2.012987013 1 -0.1)
(2.022977023 1 -0.1)
(2.032967033 1 -0.1)
(2.042957043 1 -0.1)
(2.052947053 1 -0.1)
(2.062937063 1 -0.1)
(2.072927073 1 -0.1)
(2.082917083 1 -0.1)
(2.092907093 1 -0.1)
(2.102897103 1 -0.1)
(2.112887113 1 -0.1)
(2.122877123 1 -0.1)
(2.132867133 1 -0.1)
(2.142857143 1 -0.1)
(2.152847153 1 -0.1)
(2.162837163 1 -0.1)
(2.172827173 1 -0.1)
(2.182817183 1 -0.1)
(2.192807193 1 -0.1)
(2.202797203 1 -0.1)
(2.212787213 1 -0.1)
(2.222777223 1 -0.1)
(2.232767233 1 -0.1)
(2.242757243 1 -0.1)
(2.252747253 1 -0.1)
(2.262737263 1 -0.1)
(2.272727273 1 -0.1)
(2.282717283 1 -0.1)
(2.292707293 1 -0.1)
(2.302697303 1 -0.1)
(2.312687313 1 -0.1)
(2.322677323 1 -0.1)
(2.332667333 1 -0.1)
(2.342657343 1 -0.1)
(2.352647353 1 -0.1)
(2.362637363 1 -0.1)
(2.372627373 1 -0.1)
(2.382617383 1 -0.1)
(2.392607393 1 -0.1)
(2.402597403 1 -0.1)
(2.412587413 1 -0.1)
(2.422577423 1 -0.1)
(2.432567433 1 -0.1)
(2.442557443 1 -0.1)
(2.452547453 1 -0.1)
(2.462537463 1 -0.1)
(2.472527473 1 -0.1)
(2.482517483 1 -0.1)
(2.492507493 1 -0.1)
(2.502497502 1 -0.1)
(2.512487512 1 -0.1)
(2.522477522 1 -0.1)
(2.532467532 1 -0.1)
(2.542457542 1 -0.1)
(2.552447552 1 -0.1)
(2.562437562 1 -0.1)
(2.572427572 1 -0.1)
(2.582417582 1 -0.1)
(2.592407592 1 -0.1)
(2.602397602 1 -0.1)
(2.612387612 1 -0.1)
(2.622377622 1 -0.1)
(2.632367632 1 -0.1)
(2.642357642 1 -0.1)
(2.652347652 1 -0.1)
(2.662337662 1 -0.1)
(2.672327672 1 -0.1)
(2.682317682 1 -0.1)
(2.692307692 1 -0.1)
(2.702297702 1 -0.1)
(2.712287712 1 -0.1)
(2.722277722 1 -0.1)
(2.732267732 1 -0.1)
(2.742257742 1 -0.1)
(2.752247752 1 -0.1)
(2.762237762 1 -0.1)
(2.772227772 1 -0.1)
(2.782217782 1 -0.1)
(2.792207792 1 -0.1)
(2.802197802 1 -0.1)
(2.812187812 1 -0.1)
(2.822177822 1 -0.1)
(2.832167832 1 -0.1)
(2.842157842 1 -0.1)
(2.852147852 1 -0.1)
(2.862137862 1 -0.1)
(2.872127872 1 -0.1)
(2.882117882 1 -0.1)
(2.892107892 1 -0.1)
(2.902097902 1 -0.1)
(2.912087912 1 -0.1)
(2.922077922 1 -0.1)
(2.932067932 1 -0.1)
(2.942057942 1 -0.1)
(2.952047952 1 -0.1)
(2.962037962 1 -0.1)
(2.972027972 1 -0.1)
(2.982017982 1 -0.1)
(2.992007992 1 -0.1)
(3.001998002 1 -0.1)
(3.011988012 1 -0.1)
(3.021978022 1 -0.1)
(3.031968032 1 -0.1)
(3.041958042 1 -0.1)
(3.051948052 1 -0.1)
(3.061938062 1 -0.1)
(3.071928072 1 -0.1)
(3.081918082 1 -0.1)
(3.091908092 1 -0.1)
(3.101898102 1 -0.1)
(3.111888112 1 -0.1)
(3.121878122 1 -0.1)
(3.131868132 1 -0.1)
(3.141858142 1 -0.1)
(3.151848152 1 -0.1)
(3.161838162 1 -0.1)
(3.171828172 1 -0.1)
(3.181818182 1 -0.1)
(3.191808192 1 -0.1)
(3.201798202 1 -0.1)
(3.211788212 1 -0.1)
(3.221778222 1 -0.1)
(3.231768232 1 -0.1)
(3.241758242 1 -0.1)
(3.251748252 1 -0.1)
(3.261738262 1 -0.1)
(3.271728272 1 -0.1)
(3.281718282 1 -0.1)
(3.291708292 1 -0.1)
(3.301698302 1 -0.1)
(3.311688312 1 -0.1)
(3.321678322 1 -0.1)
(3.331668332 1 -0.1)
(3.341658342 1 -0.1)
(3.351648352 1 -0.1)
(3.361638362 1 -0.1)
(3.371628372 1 -0.1)
(3.381618382 1 -0.1)
(3.391608392 1 -0.1)
(3.401598402 1 -0.1)
(3.411588412 1 -0.1)
(3.421578422 1 -0.1)
(3.431568432 1 -0.1)
(3.441558442 1 -0.1)
(3.451548452 1 -0.1)
(3.461538462 1 -0.1)
(3.471528472 1 -0.1)
(3.481518482 1 -0.1)
(3.491508492 1 -0.1)
(3.501498501 1 -0.1)
(3.511488511 1 -0.1)
(3.521478521 1 -0.1)
(3.531468531 1 -0.1)
(3.541458541 1 -0.1)
(3.551448551 1 -0.1)
(3.561438561 1 -0.1)
(3.571428571 1 -0.1)
(3.581418581 1 -0.1)
(3.591408591 1 -0.1)
(3.601398601 1 -0.1)
(3.611388611 1 -0.1)
(3.621378621 1 -0.1)
(3.631368631 1 -0.1)
(3.641358641 1 -0.1)
(3.651348651 1 -0.1)
(3.661338661 1 -0.1)
(3.671328671 1 -0.1)
(3.681318681 1 -0.1)
(3.691308691 1 -0.1)
(3.701298701 1 -0.1)
(3.711288711 1 -0.1)
(3.721278721 1 -0.1)
(3.731268731 1 -0.1)
(3.741258741 1 -0.1)
(3.751248751 1 -0.1)
(3.761238761 1 -0.1)
(3.771228771 1 -0.1)
(3.781218781 1 -0.1)
(3.791208791 1 -0.1)
(3.801198801 1 -0.1)
(3.811188811 1 -0.1)
(3.821178821 1 -0.1)
(3.831168831 1 -0.1)
(3.841158841 1 -0.1)
(3.851148851 1 -0.1)
(3.861138861 1 -0.1)
(3.871128871 1 -0.1)
(3.881118881 1 -0.1)
(3.891108891 1 -0.1)
(3.901098901 1 -0.1)
(3.911088911 1 -0.1)
(3.921078921 1 -0.1)
(3.931068931 1 -0.1)
(3.941058941 1 -0.1)
(3.951048951 1 -0.1)
(3.961038961 1 -0.1)
(3.971028971 1 -0.1)
(3.981018981 1 -0.1)
(3.991008991 1 -0.1)
(4.000999001 1 -0.1)
(4.010989011 1 -0.1)
(4.020979021 1 -0.1)
(4.030969031 1 -0.1)
(4.040959041 1 -0.1)
(4.050949051 1 -0.1)
(4.060939061 1 -0.1)
(4.070929071 1 -0.1)
(4.080919081 1 -0.1)
(4.090909091 1 -0.1)
(4.100899101 1 -0.1)
(4.110889111 1 -0.1)
(4.120879121 1 -0.1)
(4.130869131 1 -0.1)
(4.140859141 1 -0.1)
(4.150849151 1 -0.1)
(4.160839161 1 -0.1)
(4.170829171 1 -0.1)
(4.180819181 1 -0.1)
(4.190809191 1 -0.1)
(4.200799201 1 -0.1)
(4.210789211 1 -0.1)
(4.220779221 1 -0.1)
(4.230769231 1 -0.1)
(4.240759241 1 -0.1)
(4.250749251 1 -0.1)
(4.260739261 1 -0.1)
(4.270729271 1 -0.1)
(4.280719281 1 -0.1)
(4.290709291 1 -0.1)
(4.300699301 1 -0.1)
(4.310689311 1 -0.1)
(4.320679321 1 -0.1)
(4.330669331 1 -0.1)
(4.340659341 1 -0.1)
(4.350649351 1 -0.1)
(4.360639361 1 -0.1)
(4.370629371 1 -0.1)
(4.380619381 1 -0.1)
(4.390609391 1 -0.1)
(4.400599401 1 -0.1)
(4.410589411 1 -0.1)
(4.420579421 1 -0.1)
(4.430569431 1 -0.1)
(4.440559441 1 -0.1)
(4.450549451 1 -0.1)
(4.460539461 1 -0.1)
(4.470529471 1 -0.1)
(4.480519481 1 -0.1)
(4.490509491 1 -0.1)
(4.5004995 1 -0.1)
(4.51048951 1 -0.1)
(4.52047952 1 -0.1)
(4.53046953 1 -0.1)
(4.54045954 1 -0.1)
(4.55044955 1 -0.1)
(4.56043956 1 -0.1)
(4.57042957 1 -0.1)
(4.58041958 1 -0.1)
(4.59040959 1 -0.1)
(4.6003996 1 -0.1)
(4.61038961 1 -0.1)
(4.62037962 1 -0.1)
(4.63036963 1 -0.1)
(4.64035964 1 -0.1)
(4.65034965 1 -0.1)
(4.66033966 1 -0.1)
(4.67032967 1 -0.1)
(4.68031968 1 -0.1)
(4.69030969 1 -0.1)
(4.7002997 1 -0.1)
(4.71028971 1 -0.1)
(4.72027972 1 -0.1)
(4.73026973 1 -0.1)
(4.74025974 1 -0.1)
(4.75024975 1 -0.1)
(4.76023976 1 -0.1)
(4.77022977 1 -0.1)
(4.78021978 1 -0.1)
(4.79020979 1 -0.1)
(4.8001998 1 -0.1)
(4.81018981 1 -0.1)
(4.82017982 1 -0.1)
(4.83016983 1 -0.1)
(4.84015984 1 -0.1)
(4.85014985 1 -0.1)
(4.86013986 1 -0.1)
(4.87012987 1 -0.1)
(4.88011988 1 -0.1)
(4.89010989 1 -0.1)
(4.9000999 1 -0.1)
(4.91008991 1 -0.1)
(4.92007992 1 -0.1)
(4.93006993 1 -0.1)
(4.94005994 1 -0.1)
(4.95004995 1 -0.1)
(4.96003996 1 -0.1)
(4.97002997 1 -0.1)
(4.98001998 1 -0.1)
(4.99000999 1 -0.1)
(5 1 -0.1)
(-5 0 0)
(-4.99000999 0 0)
(-4.98001998 0 0)
(-4.97002997 0 0)
(-4.96003996 0 0)
(-4.95004995 0 0)
(-4.94005994 0 0)
(-4.93006993 0 0)
(-4.92007992 0 0)
(-4.91008991 0 0)
(-4.9000999 0 0)
(-4.89010989 0 0)
(-4.88011988 0 0)
(-4.87012987 0 0)
(-4.86013986 0 0)
(-4.85014985 0 0)
(-4.84015984 0 0)
(-4.83016983 0 0)
(-4.82017982 0 0)
(-4.81018981 0 0)
(-4.8001998 0 0)
(-4.79020979 0 0)
(-4.78021978 0 0)
(-4.77022977 0 0)
(-4.76023976 0 0)
(-4.75024975 0 0)
(-4.74025974 0 0)
(-4.73026973 0 0)
(-4.72027972 0 0)
(-4.71028971 0 0)
(-4.7002997 0 0)
(-4.69030969 0 0)
(-4.68031968 0 0)
(-4.67032967 0 0)
(-4.66033966 0 0)
(-4.65034965 0 0)
(-4.64035964 0 0)
(-4.63036963 0 0)
(-4.62037962 0 0)
(-4.61038961 0 0)
(-4.6003996 0 0)
(-4.59040959 0 0)
(-4.58041958 0 0)
(-4.57042957 0 0)
(-4.56043956 0 0)
(-4.55044955 0 0)
(-4.54045954 0 0)
(-4.53046953 0 0)
(-4.52047952 0 0)
(-4.51048951 0 0)
(-4.5004995 0 0)
(-4.490509491 0 0)
(-4.480519481 0 0)
(-4.470529471 0 0)
(-4.460539461 0 0)
(-4.450549451 0 0)
(-4.440559441 0 0)
(-4.430569431 0 0)
(-4.420579421 0 0)
(-4.410589411 0 0)
(-4.400599401 0 0)
(-4.390609391 0 0)
(-4.380619381 0 0)
(-4.370629371 0 0)
(-4.360639361 0 0)
(-4.350649351 0 0)
(-4.340659341 0 0)
(-4.330669331 0 0)
(-4.320679321 0 0)
(-4.310689311 0 0)
(-4.300699301 0 0)
(-4.290709291 0 0)
(-4.280719281 0 0)
(-4.270729271 0 0)
(-4.260739261 0 0)
(-4.250749251 0 0)
(-4.240759241 0 0)
(-4.230769231 0 0)
(-4.220779221 0 0)
(-4.210789211 0 0)
(-4.200799201 0 0)
(-4.190809191 0 0)
(-4.180819181 0 0)
(-4.170829171 0 0)
(-4.160839161 0 0)
(-4.150849151 0 0)
(-4.140859141 0 0)
(-4.130869131 0 0)
(-4.120879121 0 0)
(-4.110889111 0 0)
(-4.100899101 0 0)
(-4.090909091 0 0)
(-4.080919081 0 0)
(-4.070929071 0 0)
(-4.060939061 0 0)
(-4.050949051 0 0)
(-4.040959041 0 0)
(-4.030969031 0 0)
(-4.020979021 0 0)
(-4.010989011 0 0)
(-4.000999001 0 0)
(-3.991008991 0 0)
(-3.981018981 0 0)
(-3.971028971 0 0)
(-3.961038961 0 0)
(-3.951048951 0 0)
(-3.941058941 0 0)
(-3.931068931 0 0)
(-3.921078921 0 0)
(-3.911088911 0 0)
(-3.901098901 0 0)
(-3.891108891 0 0)
(-3.881118881 0 0)
(-3.871128871 0 0)
(-3.861138861 0 0)
(-3.851148851 0 0)
(-3.841158841 0 0)
(-3.831168831 0 0)
(-3.821178821 0 0)
(-3.811188811 0 0)
(-3.801198801 0 0)
(-3.791208791 0 0)
(-3.781218781 0 0)
(-3.771228771 0 0)
(-3.761238761 0 0)
(-3.751248751 0 0)
(-3.741258741 0 0)
(-3.731268731 0 0)
(-3.721278721 0 0)
(-3.711288711 0 0)
(-3.701298701 0 0)
(-3.691308691 0 0)
(-3.681318681 0 0)
(-3.671328671 0 0)
(-3.661338661 0 0)
(-3.651348651 0 0)
(-3.641358641 0 0)
(-3.631368631 0 0)
(-3.621378621 0 0)
(-3.611388611 0 0)
(-3.601398601 0 0)
(-3.591408591 0 0)
(-3.581418581 0 0)
(-3.571428571 0 0)
(-3.561438561 0 0)
(-3.551448551 0 0)
(-3.541458541 0 0)
(-3.531468531 0 0)
(-3.521478521 0 0)
(-3.511488511 0 0)
(-3.501498501 0 0)
(-3.491508492 0 0)
(-3.481518482 0 0)
(-3.471528472 0 0)
(-3.461538462 0 0)
(-3.451548452 0 0)
(-3.441558442 0 0)
(-3.431568432 0 0)
(-3.421578422 0 0)
(-3.411588412 0 0)
(-3.401598402 0 0)
(-3.391608392 0 0)
(-3.381618382 0 0)
(-3.371628372 0 0)
(-3.361638362 0 0)
(-3.351648352 0 0)
(-3.341658342 0 0)
(-3.331668332 0 0)
(-3.321678322 0 0)
(-3.311688312 0 0)
(-3.301698302 0 0)
(-3.291708292 0 0)
(-3.281718282 0 0)
(-3.271728272 0 0)
(-3.261738262 0 0)
(-3.251748252 0 0)
(-3.241758242 0 0)
(-3.231768232 0 0)
(-3.221778222 0 0)
(-3.211788212 0 0)
(-3.201798202 0 0)
(-3.191808192 0 0)
(-3.181818182 0 0)
(-3.171828172 0 0)
(-3.161838162 0 0)
(-3.151848152 0 0)
(-3.141858142 0 0)
(-3.131868132 0 0)
(-3.121878122 0 0)
(-3.111888112 0 0)
(-3.101898102 0 0)
(-3.091908092 0 0)
(-3.081918082 0 0)
(-3.071928072 0 0)
(-3.061938062 0 0)
(-3.051948052 0 0)
(-3.041958042 0 0)
(-3.031968032 0 0)
(-3.021978022 0 0)
(-3.011988012 0 0)
(-3.001998002 0 0)
(-2.992007992 0 0)
(-2.982017982 0 0)
(-2.972027972 0 0)
(-2.962037962 0 0)
(-2.952047952 0 0)
(-2.942057942 0 0)
(-2.932067932 0 0)
(-2.922077922 0 0)
(-2.912087912 0 0)
(-2.902097902 0 0)
(-2.892107892 0 0)
(-2.882117882 0 0)
(-2.872127872 0 0)
(-2.862137862 0 0)
(-2.852147852 0 0)
(-2.842157842 0 0)
(-2.832167832 0 0)
(-2.822177822 0 0)
(-2.812187812 0 0)
(-2.802197802 0 0)
(-2.792207792 0 0)
(-2.782217782 0 0)
(-2.772227772 0 0)
(-2.762237762 0 0)
(-2.752247752 0 0)
(-2.742257742 0 0)
(-2.732267732 0 0)
(-2.722277722 0 0)
(-2.712287712 0 0)
(-2.702297702 0 0)
(-2.692307692 0 0)
(-2.682317682 0 0)
(-2.672327672 0 0)
(-2.662337662 0 0)
(-2.652347652 0 0)
(-2.642357642 0 0)
(-2.632367632 0 0)
(-2.622377622 0 0)
(-2.612387612 0 0)
(-2.602397602 0 0)
(-2.592407592 0 0)
(-2.582417582 0 0)
(-2.572427572 0 0)
(-2.562437562 0 0)
(-2.552447552 0 0)
(-2.542457542 0 0)
(-2.532467532 0 0)
(-2.522477522 0 0)
(-2.512487512 0 0)
(-2.502497502 0 0)
(-2.492507493 0 0)
(-2.482517483 0 0)
(-2.472527473 0 0)
(-2.462537463 0 0)
(-2.452547453 0 0)
(-2.442557443 0 0)
(-2.432567433 0 0)
(-2.422577423 0 0)
(-2.412587413 0 0)
(-2.402597403 0 0)
(-2.392607393 0 0)
(-2.382617383 0 0)
(-2.372627373 0 0)
(-2.362637363 0 0)
(-2.352647353 0 0)
(-2.342657343 0 0)
(-2.332667333 0 0)
(-2.322677323 0 0)
(-2.312687313 0 0)
(-2.302697303 0 0)
(-2.292707293 0 0)
(-2.282717283 0 0)
(-2.272727273 0 0)
(-2.262737263 0 0)
(-2.252747253 0 0)
(-2.242757243 0 0)
(-2.232767233 0 0)
(-2.222777223 0 0)
(-2.212787213 0 0)
(-2.202797203 0 0)
(-2.192807193 0 0)
(-2.182817183 0 0)
(-2.172827173 0 0)
(-2.162837163 0 0)
(-2.152847153 0 0)
(-2.142857143 0 0)
(-2.132867133 0 0)
(-2.122877123 0 0)
(-2.112887113 0 0)
(-2.102897103 0 0)
(-2.092907093 0 0)
(-2.082917083 0 0)
(-2.072927073 0 0)
(-2.062937063 0 0)
(-2.052947053 0 0)
(-2.042957043 0 0)
(-2.032967033 0 0)
(-2.022977023 0 0)
(-2.012987013 0 0)
(-2.002997003 0 0)
(-1.993006993 0 0)
(-1.983016983 0 0)
(-1.973026973 0 0)
(-1.963036963 0 0)
(-1.953046953 0 0)
(-1.943056943 0 0)
(-1.933066933 0 0)
(-1.923076923 0 0)
(-1.913086913 0 0)
(-1.903096903 0 0)
(-1.893106893 0 0)
(-1.883116883 0 0)
(-1.873126873 0 0)
(-1.863136863 0 0)
(-1.853146853 0 0)
(-1.843156843 0 0)
(-1.833166833 0 0)
(-1.823176823 0 0)
(-1.813186813 0 0)
(-1.803196803 0 0)
(-1.793206793 0 0)
(-1.783216783 0 0)
(-1.773226773 0 0)
(-1.763236763 0 0)
(-1.753246753 0 0)
(-1.743256743 0 0)
(-1.733266733 0 0)
(-1.723276723 0 0)
(-1.713286713 0 0)
(-1.703296703 0 0)
(-1.693306693 0 0)
(-1.683316683 0 0)
(-1.673326673 0 0)
(-1.663336663 0 0)
(-1.653346653 0 0)
(-1.643356643 0 0)
(-1.633366633 0 0)
(-1.623376623 0 0)
(-1.613386613 0 0)
(-1.603396603 0 0)
(-1.593406593 0 0)
(-1.583416583 0 0)
(-1.573426573 0 0)
(-1.563436563 0 0)
(-1.553446553 0 0)
(-1.543456543 0 0)
(-1.533466533 0 0)
(-1.523476523 0 0)
(-1.513486513 0 0)
(-1.503496503 0 0)
(-1.493506494 0 0)
(-1.483516484 0 0)
(-1.473526474 0 0)
(-1.463536464 0 0)
(-1.453546454 0 0)
(-1.443556444 0 0)
(-1.433566434 0 0)
(-1.423576424 0 0)
(-1.413586414 0 0)
(-1.403596404 0 0)
(-1.393606394 0 0)
(-1.383616384 0 0)
(-1.373626374 0 0)
(-1.363636364 0 0)
(-1.353646354 0 0)
(-1.343656344 0 0)
(-1.333666334 0 0)
(-1.323676324 0 0)
(-1.313686314 0 0)
(-1.303696304 0 0)
(-1.293706294 0 0)
(-1.283716284 0 0)
(-1.273726274 0 0)
(-1.263736264 0 0)
(-1.253746254 0 0)
(-1.243756244 0 0)
(-1.233766234 0 0)
(-1.223776224 0 0)
(-1.213786214 0 0)
(-1.203796204 0 0)
(-1.193806194 0 0)
(-1.183816184 0 0)
(-1.173826174 0 0)
(-1.163836164 0 0)
(-1.153846154 0 0)
(-1.143856144 0 0)
(-1.133866134 0 0)
(-1.123876124 0 0)
(-1.113886114 0 0)
(-1.103896104 0 0)
(-1.093906094 0 0)
(-1.083916084 0 0)
(-1.073926074 0 0)
(-1.063936064 0 0)
(-1.053946054 0 0)
(-1.043956044 0 0)
(-1.033966034 0 0)
(-1.023976024 0 0)
(-1.013986014 0 0)
(-1.003996004 0 0)
(-0.994005994 0 0)
(-0.984015984 0 0)
(-0.974025974 0 0)
(-0.964035964 0 0)
(-0.954045954 0 0)
(-0.9440559441 0 0)
(-0.9340659341 0 0)
(-0.9240759241 0 0)
(-0.9140859141 0 0)
(-0.9040959041 0 0)
(-0.8941058941 0 0)
(-0.8841158841 0 0)
(-0.8741258741 0 0)
(-0.8641358641 0 0)
(-0.8541458541 0 0)
(-0.8441558442 0 0)
(-0.8341658342 0 0)
(-0.8241758242 0 0)
(-0.8141858142 0 0)
(-0.8041958042 0 0)
(-0.7942057942 0 0)
(-0.7842157842 0 0)
(-0.7742257742 0 0)
(-0.7642357642 0 0)
(-0.7542457542 0 0)
(-0.7442557443 0 0)
(-0.7342657343 0 0)
(-0.7242757243 0 0)
(-0.7142857143 0 0)
(-0.7042957043 0 0)
(-0.6943056943 0 0)
(-0.6843156843 0 0)
(-0.6743256743 0 0)
(-0.6643356643 0 0)
(-0.6543456543 0 0)
(-0.6443556444 0 0)
(-0.6343656344 0 0)
(-0.6243756244 0 0)
(-0.6143856144 0 0)
(-0.6043956044 0 0)
(-0.5944055944 0 0)
(-0.5844155844 0 0)
(-0.5744255744 0 0)
(-0.5644355644 0 0)
(-0.5544455544 0 0)
(-0.5444555445 0 0)
(-0.5344655345 0 0)
(-0.5244755245 0 0)
(-0.5144855145 0 0)
(-0.5044955045 0 0)
(-0.4945054945 0 0)
(-0.4845154845 0 0)
(-0.4745254745 0 0)
(-0.4645354645 0 0)
(-0.4545454545 0 0)
(-0.4445554446 0 0)
(-0.4345654346 0 0)
(-0.4245754246 0 0)
(-0.4145854146 0 0)
(-0.4045954046 0 0)
(-0.3946053946 0 0)
(-0.3846153846 0 0)
(-0.3746253746 0 0)
(-0.3646353646 0 0)
(-0.3546453546 0 0)
(-0.3446553447 0 0)
(-0.3346653347 0 0)
(-0.3246753247 0 0)
(-0.3146853147 0 0)
(-0.3046953047 0 0)
(-0.2947052947 0 0)
(-0.2847152847 0 0)
(-0.2747252747 0 0)
(-0.2647352647 0 0)
(-0.2547452547 0 0)
(-0.2447552448 0 0)
(-0.2347652348 0 0)
(-0.2247752248 0 0)
(-0.2147852148 0 0)
(-0.2047952048 0 0)
(-0.1948051948 0 0)
(-0.1848151848 0 0)
(-0.1748251748 0 0)
(-0.1648351648 0 0)
(-0.1548451548 0 0)
(-0.1448551449 0 0)
(-0.1348651349 0 0)
(-0.1248751249 0 0)
(-0.1148851149 0 0)
(-0.1048951049 0 0)
(-0.09490509491 0 0)
(-0.08491508492 0 0)
(-0.07492507493 0 0)
(-0.06493506494 0 0)
(-0.05494505495 0 0)
(-0.04495504496 0 0)
(-0.03496503497 0 0)
(-0.02497502498 0 0)
(-0.01498501499 0 0)
(-0.004995004995 0 0)
(0.004995004995 0 0)
(0.01498501499 0 0)
(0.02497502498 0 0)
(0.03496503497 0 0)
(0.04495504496 0 0)
(0.05494505495 0 0)
(0.06493506494 0 0)
(0.07492507493 0 0)
(0.08491508492 0 0)
(0.09490509491 0 0)
(0.1048951049 0 0)
(0.1148851149 0 0)
(0.1248751249 0 0)
(0.1348651349 0 0)
(0.1448551449 0 0)
(0.1548451548 0 0)
(0.1648351648 0 0)
(0.1748251748 0 0)
(0.1848151848 0 0)
(0.1948051948 0 0)
(0.2047952048 0 0)
(0.2147852148 0 0)
(0.2247752248 0 0)
(0.2347652348 0 0)
(0.2447552448 0 0)
(0.2547452547 0 0)
(0.2647352647 0 0)
(0.2747252747 0 0)
(0.2847152847 0 0)
(0.2947052947 0 0)
(0.3046953047 0 0)
(0.3146853147 0 0)
(0.3246753247 0 0)
(0.3346653347 0 0)
(0.3446553447 0 0)
(0.3546453546 0 0)
(0.3646353646 0 0)
(0.3746253746 0 0)
(0.3846153846 0 0)
(0.3946053946 0 0)
(0.4045954046 0 0)
(0.4145854146 0 0)
(0.4245754246 0 0)
(0.4345654346 0 0)
(0.4445554446 0 0)
(0.4545454545 0 0)
(0.4645354645 0 0)
(0.4745254745 0 0)
(0.4845154845 0 0)
(0.4945054945 0 0)
(0.5044955045 0 0)
(0.5144855145 0 0)
(0.5244755245 0 0)
(0.5344655345 0 0)
(0.5444555445 0 0)
(0.5544455544 0 0)
(0.5644355644 0 0)
(0.5744255744 0 0)
(0.5844155844 0 0)
(0.5944055944 0 0)
(0.6043956044 0 0)
(0.6143856144 0 0)
(0.6243756244 0 0)
(0.6343656344 0 0)
(0.6443556444 0 0)
(0.6543456543 0 0)
(0.6643356643 0 0)
(0.6743256743 0 0)
(0.6843156843 0 0)
(0.6943056943 0 0)
(0.7042957043 0 0)
(0.7142857143 0 0)
(0.7242757243 0 0)
(0.7342657343 0 0)
(0.7442557443 0 0)
(0.7542457542 0 0)
(0.7642357642 0 0)
(0.7742257742 0 0)
(0.7842157842 0 0)
(0.7942057942 0 0)
(0.8041958042 0 0)
(0.8141858142 0 0)
(0.8241758242 0 0)
(0.8341658342 0 0)
(0.8441558442 0 0)
(0.8541458541 0 0)
(0.8641358641 0 0)
(0.8741258741 0 0)
(0.8841158841 0 0)
(0.8941058941 0 0)
(0.9040959041 0 0)
(0.9140859141 0 0)
(0.9240759241 0 0)
(0.9340659341 0 0)
(0.9440559441 0 0)
(0.954045954 0 0)
(0.964035964 0 0)
(0.974025974 0 0)
(0.984015984 0 0)
(0.994005994 0 0)
(1.003996004 0 0)
(1.013986014 0 0)
(1.023976024 0 0)
(1.033966034 0 0)
(1.043956044 0 0)
(1.053946054 0 0)
(1.063936064 0 0)
(1.073926074 0 0)
(1.083916084 0 0)
(1.093906094 0 0)
(1.103896104 0 0)
(1.113886114 0 0)
(1.123876124 0 0)
(1.133866134 0 0)
(1.143856144 0 0)
(1.153846154 0 0)
(1.163836164 0 0)
(1.173826174 0 0)
(1.183816184 0 0)
(1.193806194 0 0)
(1.203796204 0 0)
(1.213786214 0 0)
(1.223776224 0 0)
(1.233766234 0 0)
(1.243756244 0 0)
(1.253746254 0 0)
(1.263736264 0 0)
(1.273726274 0 0)
(1.283716284 0 0)
(1.293706294 0 0)
(1.303696304 0 0)
(1.313686314 0 0)
(1.323676324 0 0)
(1.333666334 0 0)
(1.343656344 0 0)
(1.353646354 0 0)
(1.363636364 0 0)
(1.373626374 0 0)
(1.383616384 0 0)
(1.393606394 0 0)
(1.403596404 0 0)
(1.413586414 0 0)
(1.423576424 0 0)
(1.433566434 0 0)
(1.443556444 0 0)
(1.453546454 0 0)
(1.463536464 0 0)
(1.473526474 0 0)
(1.483516484 0 0)
(1.493506494 0 0)
(1.503496503 0 0)
(1.513486513 0 0)
(1.523476523 0 0)
(1.533466533 0 0)
(1.543456543 0 0)
(1.553446553 0 0)
(1.563436563 0 0)
(1.573426573 0 0)
(1.583416583 0 0)
(1.593406593 0 0)
(1.603396603 0 0)
(1.613386613 0 0)
(1.623376623 0 0)
(1.633366633 0 0)
(1.643356643 0 0)
(1.653346653 0 0)
(1.663336663 0 0)
(1.673326673 0 0)
(1.683316683 0 0)
(1.693306693 0 0)
(1.703296703 0 0)
(1.713286713 0 0)
(1.723276723 0 0)
(1.733266733 0 0)
(1.743256743 0 0)
(1.753246753 0 0)
(1.763236763 0 0)
(1.773226773 0 0)
(1.783216783 0 0)
(1.793206793 0 0)
(1.803196803 0 0)
(1.813186813 0 0)
(1.823176823 0 0)
(1.833166833 0 0)
(1.843156843 0 0)
(1.853146853 0 0)
(1.863136863 0 0)
(1.873126873 0 0)
(1.883116883 0 0)
(1.893106893 0 0)
(1.903096903 0 0)
(1.913086913 0 0)
(1.923076923 0 0)
(1.933066933 0 0)
(1.943056943 0 0)
(1.953046953 0 0)
(1.963036963 0 0)
(1.973026973 0 0)
(1.983016983 0 0)
(1.993006993 0 0)
(2.002997003 0 0)
(2.012987013 0 0)
(2.022977023 0 0)
(2.032967033 0 0)
(2.042957043 0 0)
(2.052947053 0 0)
(2.062937063 0 0)
(2.072927073 0 0)
(2.082917083 0 0)
(2.092907093 0 0)
(2.102897103 0 0)
(2.112887113 0 0)
(2.122877123 0 0)
(2.132867133 0 0)
(2.142857143 0 0)
(2.152847153 0 0)
(2.162837163 0 0)
(2.172827173 0 0)
(2.182817183 0 0)
(2.192807193 0 0)
(2.202797203 0 0)
(2.212787213 0 0)
(2.222777223 0 0)
(2.232767233 0 0)
(2.242757243 0 0)
(2.252747253 0 0)
(2.262737263 0 0)
(2.272727273 0 0)
(2.282717283 0 0)
(2.292707293 0 0)
(2.302697303 0 0)
(2.312687313 0 0)
(2.322677323 0 0)
(2.332667333 0 0)
(2.342657343 0 0)
(2.352647353 0 0)
(2.362637363 0 0)
(2.372627373 0 0)
(2.382617383 0 0)
(2.392607393 0 0)
(2.402597403 0 0)
(2.412587413 0 0)
(2.422577423 0 0)
(2.432567433 0 0)
(2.442557443 0 0)
(2.452547453 0 0)
(2.462537463 0 0)
(2.472527473 0 0)
(2.482517483 0 0)
(2.492507493 0 0)
(2.502497502 0 0)
(2.512487512 0 0)
(2.522477522 0 0)
(2.532467532 0 0)
(2.542457542 0 0)
(2.552447552 0 0)
(2.562437562 0 0)
(2.572427572 0 0)
(2.582417582 0 0)
(2.592407592 0 0)
(2.602397602 0 0)
(2.612387612 0 0)
(2.622377622 0 0)
(2.632367632 0 0)
(2.642357642 0 0)
(2.652347652 0 0)
(2.662337662 0 0)
(2.672327672 0 0)
(2.682317682 0 0)
(2.692307692 0 0)
(2.702297702 0 0)
(2.712287712 0 0)
(2.722277722 0 0)
(2.732267732 0 0)
(2.742257742 0 0)
(2.752247752 0 0)
(2.762237762 0 0)
(2.772227772 0 0)
(2.782217782 0 0)
(2.792207792 0 0)
(2.802197802 0 0)
(2.812187812 0 0)
(2.822177822 0 0)
(2.832167832 0 0)
(2.842157842 0 0)
(2.852147852 0 0)
(2.862137862 0 0)
(2.872127872 0 0)
(2.882117882 0 0)
(2.892107892 0 0)
(2.902097902 0 0)
(2.912087912 0 0)
(2.922077922 0 0)
(2.932067932 0 0)
(2.942057942 0 0)
(2.952047952 0 0)
(2.962037962 0 0)
(2.972027972 0 0)
(2.982017982 0 0)
(2.992007992 0 0)
(3.001998002 0 0)
(3.011988012 0 0)
(3.021978022 0 0)
(3.031968032 0 0)
(3.041958042 0 0)
(3.051948052 0 0)
(3.061938062 0 0)
(3.071928072 0 0)
(3.081918082 0 0)
(3.091908092 0 0)
(3.101898102 0 0)
(3.111888112 0 0)
(3.121878122 0 0)
(3.131868132 0 0)
(3.141858142 0 0)
(3.151848152 0 0)
(3.161838162 0 0)
(3.171828172 0 0)
(3.181818182 0 0)
(3.191808192 0 0)
(3.201798202 0 0)
(3.211788212 0 0)
(3.221778222 0 0)
(3.231768232 0 0)
(3.241758242 0 0)
(3.251748252 0 0)
(3.261738262 0 0)
(3.271728272 0 0)
(3.281718282 0 0)
(3.291708292 0 0)
(3.301698302 0 0)
(3.311688312 0 0)
(3.321678322 0 0)
(3.331668332 0 0)
(3.341658342 0 0)
(3.351648352 0 0)
(3.361638362 0 0)
(3.371628372 0 0)
(3.381618382 0 0)
(3.391608392 0 0)
(3.401598402 0 0)
(3.411588412 0 0)
(3.421578422 0 0)
(3.431568432 0 0)
(3.441558442 0 0)
(3.451548452 0 0)
(3.461538462 0 0)
(3.471528472 0 0)
(3.481518482 0 0)
(3.491508492 0 0)
(3.501498501 0 0)
(3.511488511 0 0)
(3.521478521 0 0)
(3.531468531 0 0)
(3.541458541 0 0)
(3.551448551 0 0)
(3.561438561 0 0)
(3.571428571 0 0)
(3.581418581 0 0)
(3.591408591 0 0)
(3.601398601 0 0)
(3.611388611 0 0)
(3.621378621 0 0)
(3.631368631 0 0)
(3.641358641 0 0)
(3.651348651 0 0)
(3.661338661 0 0)
(3.671328671 0 0)
(3.681318681 0 0)
(3.691308691 0 0)
(3.701298701 0 0)
(3.711288711 0 0)
(3.721278721 0 0)
(3.731268731 0 0)
(3.741258741 0 0)
(3.751248751 0 0)
(3.761238761 0 0)
(3.771228771 0 0)
(3.781218781 0 0)
(3.791208791 0 0)
(3.801198801 0 0)
(3.811188811 0 0)
(3.821178821 0 0)
(3.831168831 0 0)
(3.841158841 0 0)
(3.851148851 0 0)
(3.861138861 0 0)
(3.871128871 0 0)
(3.881118881 0 0)
(3.891108891 0 0)
(3.901098901 0 0)
(3.911088911 0 0)
(3.921078921 0 0)
(3.931068931 0 0)
(3.941058941 0 0)
(3.951048951 0 0)
(3.961038961 0 0)
(3.971028971 0 0)
(3.981018981 0 0)
(3.991008991 0 0)
(4.000999001 0 0)
(4.010989011 0 0)
(4.020979021 0 0)
(4.030969031 0 0)
(4.040959041 0 0)
(4.050949051 0 0)
(4.060939061 0 0)
(4.070929071 0 0)
(4.080919081 0 0)
(4.090909091 0 0)
(4.100899101 0 0)
(4.110889111 0 0)
(4.120879121 0 0)
(4.130869131 0 0)
(4.140859141 0 0)
(4.150849151 0 0)
(4.160839161 0 0)
(4.170829171 0 0)
(4.180819181 0 0)
(4.190809191 0 0)
(4.200799201 0 0)
(4.210789211 0 0)
(4.220779221 0 0)
(4.230769231 0 0)
(4.240759241 0 0)
(4.250749251 0 0)
(4.260739261 0 0)
(4.270729271 0 0)
(4.280719281 0 0)
(4.290709291 0 0)
(4.300699301 0 0)
(4.310689311 0 0)
(4.320679321 0 0)
(4.330669331 0 0)
(4.340659341 0 0)
(4.350649351 0 0)
(4.360639361 0 0)
(4.370629371 0 0)
(4.380619381 0 0)
(4.390609391 0 0)
(4.400599401 0 0)
(4.410589411 0 0)
(4.420579421 0 0)
(4.430569431 0 0)
(4.440559441 0 0)
(4.450549451 0 0)
(4.460539461 0 0)
(4.470529471 0 0)
(4.480519481 0 0)
(4.490509491 0 0)
(4.5004995 0 0)
(4.51048951 0 0)
(4.52047952 0 0)
(4.53046953 0 0)
(4.54045954 0 0)
(4.55044955 0 0)
(4.56043956 0 0)
(4.57042957 0 0)
(4.58041958 0 0)
(4.59040959 0 0)
(4.6003996 0 0)
(4.61038961 0 0)
(4.62037962 0 0)
(4.63036963 0 0)
(4.64035964 0 0)
(4.65034965 0 0)
(4.66033966 0 0)
(4.67032967 0 0)
(4.68031968 0 0)
(4.69030969 0 0)
(4.7002997 0 0)
(4.71028971 0 0)
(4.72027972 0 0)
(4.73026973 0 0)
(4.74025974 0 0)
(4.75024975 0 0)
(4.76023976 0 0)
(4.77022977 0 0)
(4.78021978 0 0)
(4.79020979 0 0)
(4.8001998 0 0)
(4.81018981 0 0)
(4.82017982 0 0)
(4.83016983 0 0)
(4.84015984 0 0)
(4.85014985 0 0)
(4.86013986 0 0)
(4.87012987 0 0)
(4.88011988 0 0)
(4.89010989 0 0)
(4.9000999 0 0)
(4.91008991 0 0)
(4.92007992 0 0)
(4.93006993 0 0)
(4.94005994 0 0)
(4.95004995 0 0)
(4.96003996 0 0)
(4.97002997 0 0)
(4.98001998 0 0)
(4.99000999 0 0)
(5 0 0)
(-5 1 0)
(-4.99000999 1 0)
(-4.98001998 1 0)
(-4.97002997 1 0)
(-4.96003996 1 0)
(-4.95004995 1 0)
(-4.94005994 1 0)
(-4.93006993 1 0)
(-4.92007992 1 0)
(-4.91008991 1 0)
(-4.9000999 1 0)
(-4.89010989 1 0)
(-4.88011988 1 0)
(-4.87012987 1 0)
(-4.86013986 1 0)
(-4.85014985 1 0)
(-4.84015984 1 0)
(-4.83016983 1 0)
(-4.82017982 1 0)
(-4.81018981 1 0)
(-4.8001998 1 0)
(-4.79020979 1 0)
(-4.78021978 1 0)
(-4.77022977 1 0)
(-4.76023976 1 0)
(-4.75024975 1 0)
(-4.74025974 1 0)
(-4.73026973 1 0)
(-4.72027972 1 0)
(-4.71028971 1 0)
(-4.7002997 1 0)
(-4.69030969 1 0)
(-4.68031968 1 0)
(-4.67032967 1 0)
(-4.66033966 1 0)
(-4.65034965 1 0)
(-4.64035964 1 0)
(-4.63036963 1 0)
(-4.62037962 1 0)
(-4.61038961 1 0)
(-4.6003996 1 0)
(-4.59040959 1 0)
(-4.58041958 1 0)
(-4.57042957 1 0)
(-4.56043956 1 0)
(-4.55044955 1 0)
(-4.54045954 1 0)
(-4.53046953 1 0)
(-4.52047952 1 0)
(-4.51048951 1 0)
(-4.5004995 1 0)
(-4.490509491 1 0)
(-4.480519481 1 0)
(-4.470529471 1 0)
(-4.460539461 1 0)
(-4.450549451 1 0)
(-4.440559441 1 0)
(-4.430569431 1 0)
(-4.420579421 1 0)
(-4.410589411 1 0)
(-4.400599401 1 0)
(-4.390609391 1 0)
(-4.380619381 1 0)
(-4.370629371 1 0)
(-4.360639361 1 0)
(-4.350649351 1 0)
(-4.340659341 1 0)
(-4.330669331 1 0)
(-4.320679321 1 0)
(-4.310689311 1 0)
(-4.300699301 1 0)
(-4.290709291 1 0)
(-4.280719281 1 0)
(-4.270729271 1 0)
(-4.260739261 1 0)
(-4.250749251 1 0)
(-4.240759241 1 0)
(-4.230769231 1 0)
(-4.220779221 1 0)
(-4.210789211 1 0)
(-4.200799201 1 0)
(-4.190809191 1 0)
(-4.180819181 1 0)
(-4.170829171 1 0)
(-4.160839161 1 0)
(-4.150849151 1 0)
(-4.140859141 1 0)
(-4.130869131 1 0)
(-4.120879121 1 0)
(-4.110889111 1 0)
(-4.100899101 1 0)
(-4.090909091 1 0)
(-4.080919081 1 0)
(-4.070929071 1 0)
(-4.060939061 1 0)
(-4.050949051 1 0)
(-4.040959041 1 0)
(-4.030969031 1 0)
(-4.020979021 1 0)
(-4.010989011 1 0)
(-4.000999001 1 0)
(-3.991008991 1 0)
(-3.981018981 1 0)
(-3.971028971 1 0)
(-3.961038961 1 0)
(-3.951048951 1 0)
(-3.941058941 1 0)
(-3.931068931 1 0)
(-3.921078921 1 0)
(-3.911088911 1 0)
(-3.901098901 1 0)
(-3.891108891 1 0)
(-3.881118881 1 0)
(-3.871128871 1 0)
(-3.861138861 1 0)
(-3.851148851 1 0)
(-3.841158841 1 0)
(-3.831168831 1 0)
(-3.821178821 1 0)
(-3.811188811 1 0)
(-3.801198801 1 0)
(-3.791208791 1 0)
(-3.781218781 1 0)
(-3.771228771 1 0)
(-3.761238761 1 0)
(-3.751248751 1 0)
(-3.741258741 1 0)
(-3.731268731 1 0)
(-3.721278721 1 0)
(-3.711288711 1 0)
(-3.701298701 1 0)
(-3.691308691 1 0)
(-3.681318681 1 0)
(-3.671328671 1 0)
(-3.661338661 1 0)
(-3.651348651 1 0)
(-3.641358641 1 0)
(-3.631368631 1 0)
(-3.621378621 1 0)
(-3.611388611 1 0)
(-3.601398601 1 0)
(-3.591408591 1 0)
(-3.581418581 1 0)
(-3.571428571 1 0)
(-3.561438561 1 0)
(-3.551448551 1 0)
(-3.541458541 1 0)
(-3.531468531 1 0)
(-3.521478521 1 0)
(-3.511488511 1 0)
(-3.501498501 1 0)
(-3.491508492 1 0)
(-3.481518482 1 0)
(-3.471528472 1 0)
(-3.461538462 1 0)
(-3.451548452 1 0)
(-3.441558442 1 0)
(-3.431568432 1 0)
(-3.421578422 1 0)
(-3.411588412 1 0)
(-3.401598402 1 0)
(-3.391608392 1 0)
(-3.381618382 1 0)
(-3.371628372 1 0)
(-3.361638362 1 0)
(-3.351648352 1 0)
(-3.341658342 1 0)
(-3.331668332 1 0)
(-3.321678322 1 0)
(-3.311688312 1 0)
(-3.301698302 1 0)
(-3.291708292 1 0)
(-3.281718282 1 0)
(-3.271728272 1 0)
(-3.261738262 1 0)
(-3.251748252 1 0)
(-3.241758242 1 0)
(-3.231768232 1 0)
(-3.221778222 1 0)
(-3.211788212 1 0)
(-3.201798202 1 0)
(-3.191808192 1 0)
(-3.181818182 1 0)
(-3.171828172 1 0)
(-3.161838162 1 0)
(-3.151848152 1 0)
(-3.141858142 1 0)
(-3.131868132 1 0)
(-3.121878122 1 0)
(-3.111888112 1 0)
(-3.101898102 1 0)
(-3.091908092 1 0)
(-3.081918082 1 0)
(-3.071928072 1 0)
(-3.061938062 1 0)
(-3.051948052 1 0)
(-3.041958042 1 0)
(-3.031968032 1 0)
(-3.021978022 1 0)
(-3.011988012 1 0)
(-3.001998002 1 0)
(-2.992007992 1 0)
(-2.982017982 1 0)
(-2.972027972 1 0)
(-2.962037962 1 0)
(-2.952047952 1 0)
(-2.942057942 1 0)
(-2.932067932 1 0)
(-2.922077922 1 0)
(-2.912087912 1 0)
(-2.902097902 1 0)
(-2.892107892 1 0)
(-2.882117882 1 0)
(-2.872127872 1 0)
(-2.862137862 1 0)
(-2.852147852 1 0)
(-2.842157842 1 0)
(-2.832167832 1 0)
(-2.822177822 1 0)
(-2.812187812 1 0)
(-2.802197802 1 0)
(-2.792207792 1 0)
(-2.782217782 1 0)
(-2.772227772 1 0)
(-2.762237762 1 0)
(-2.752247752 1 0)
(-2.742257742 1 0)
(-2.732267732 1 0)
(-2.722277722 1 0)
(-2.712287712 1 0)
(-2.702297702 1 0)
(-2.692307692 1 0)
(-2.682317682 1 0)
(-2.672327672 1 0)
(-2.662337662 1 0)
(-2.652347652 1 0)
(-2.642357642 1 0)
(-2.632367632 1 0)
(-2.622377622 1 0)
(-2.612387612 1 0)
(-2.602397602 1 0)
(-2.592407592 1 0)
(-2.582417582 1 0)
(-2.572427572 1 0)
(-2.562437562 1 0)
(-2.552447552 1 0)
(-2.542457542 1 0)
(-2.532467532 1 0)
(-2.522477522 1 0)
(-2.512487512 1 0)
(-2.502497502 1 0)
(-2.492507493 1 0)
(-2.482517483 1 0)
(-2.472527473 1 0)
(-2.462537463 1 0)
(-2.452547453 1 0)
(-2.442557443 1 0)
(-2.432567433 1 0)
(-2.422577423 1 0)
(-2.412587413 1 0)
(-2.402597403 1 0)
(-2.392607393 1 0)
(-2.382617383 1 0)
(-2.372627373 1 0)
(-2.362637363 1 0)
(-2.352647353 1 0)
(-2.342657343 1 0)
(-2.332667333 1 0)
(-2.322677323 1 0)
(-2.312687313 1 0)
(-2.302697303 1 0)
(-2.292707293 1 0)
(-2.282717283 1 0)
(-2.272727273 1 0)
(-2.262737263 1 0)
(-2.252747253 1 0)
(-2.242757243 1 0)
(-2.232767233 1 0)
(-2.222777223 1 0)
(-2.212787213 1 0)
(-2.202797203 1 0)
(-2.192807193 1 0)
(-2.182817183 1 0)
(-2.172827173 1 0)
(-2.162837163 1 0)
(-2.152847153 1 0)
(-2.142857143 1 0)
(-2.132867133 1 0)
(-2.122877123 1 0)
(-2.112887113 1 0)
(-2.102897103 1 0)
(-2.092907093 1 0)
(-2.082917083 1 0)
(-2.072927073 1 0)
(-2.062937063 1 0)
(-2.052947053 1 0)
(-2.042957043 1 0)
(-2.032967033 1 0)
(-2.022977023 1 0)
(-2.012987013 1 0)
(-2.002997003 1 0)
(-1.993006993 1 0)
(-1.983016983 1 0)
(-1.973026973 1 0)
(-1.963036963 1 0)
(-1.953046953 1 0)
(-1.943056943 1 0)
(-1.933066933 1 0)
(-1.923076923 1 0)
(-1.913086913 1 0)
(-1.903096903 1 0)
(-1.893106893 1 0)
(-1.883116883 1 0)
(-1.873126873 1 0)
(-1.863136863 1 0)
(-1.853146853 1 0)
(-1.843156843 1 0)
(-1.833166833 1 0)
(-1.823176823 1 0)
(-1.813186813 1 0)
(-1.803196803 1 0)
(-1.793206793 1 0)
(-1.783216783 1 0)
(-1.773226773 1 0)
(-1.763236763 1 0)
(-1.753246753 1 0)
(-1.743256743 1 0)
(-1.733266733 1 0)
(-1.723276723 1 0)
(-1.713286713 1 0)
(-1.703296703 1 0)
(-1.693306693 1 0)
(-1.683316683 1 0)
(-1.673326673 1 0)
(-1.663336663 1 0)
(-1.653346653 1 0)
(-1.643356643 1 0)
(-1.633366633 1 0)
(-1.623376623 1 0)
(-1.613386613 1 0)
(-1.603396603 1 0)
(-1.593406593 1 0)
(-1.583416583 1 0)
(-1.573426573 1 0)
(-1.563436563 1 0)
(-1.553446553 1 0)
(-1.543456543 1 0)
(-1.533466533 1 0)
(-1.523476523 1 0)
(-1.513486513 1 0)
(-1.503496503 1 0)
(-1.493506494 1 0)
(-1.483516484 1 0)
(-1.473526474 1 0)
(-1.463536464 1 0)
(-1.453546454 1 0)
(-1.443556444 1 0)
(-1.433566434 1 0)
(-1.423576424 1 0)
(-1.413586414 1 0)
(-1.403596404 1 0)
(-1.393606394 1 0)
(-1.383616384 1 0)
(-1.373626374 1 0)
(-1.363636364 1 0)
(-1.353646354 1 0)
(-1.343656344 1 0)
(-1.333666334 1 0)
(-1.323676324 1 0)
(-1.313686314 1 0)
(-1.303696304 1 0)
(-1.293706294 1 0)
(-1.283716284 1 0)
(-1.273726274 1 0)
(-1.263736264 1 0)
(-1.253746254 1 0)
(-1.243756244 1 0)
(-1.233766234 1 0)
(-1.223776224 1 0)
(-1.213786214 1 0)
(-1.203796204 1 0)
(-1.193806194 1 0)
(-1.183816184 1 0)
(-1.173826174 1 0)
(-1.163836164 1 0)
(-1.153846154 1 0)
(-1.143856144 1 0)
(-1.133866134 1 0)
(-1.123876124 1 0)
(-1.113886114 1 0)
(-1.103896104 1 0)
(-1.093906094 1 0)
(-1.083916084 1 0)
(-1.073926074 1 0)
(-1.063936064 1 0)
(-1.053946054 1 0)
(-1.043956044 1 0)
(-1.033966034 1 0)
(-1.023976024 1 0)
(-1.013986014 1 0)
(-1.003996004 1 0)
(-0.994005994 1 0)
(-0.984015984 1 0)
(-0.974025974 1 0)
(-0.964035964 1 0)
(-0.954045954 1 0)
(-0.9440559441 1 0)
(-0.9340659341 1 0)
(-0.9240759241 1 0)
(-0.9140859141 1 0)
(-0.9040959041 1 0)
(-0.8941058941 1 0)
(-0.8841158841 1 0)
(-0.8741258741 1 0)
(-0.8641358641 1 0)
(-0.8541458541 1 0)
(-0.8441558442 1 0)
(-0.8341658342 1 0)
(-0.8241758242 1 0)
(-0.8141858142 1 0)
(-0.8041958042 1 0)
(-0.7942057942 1 0)
(-0.7842157842 1 0)
(-0.7742257742 1 0)
(-0.7642357642 1 0)
(-0.7542457542 1 0)
(-0.7442557443 1 0)
(-0.7342657343 1 0)
(-0.7242757243 1 0)
(-0.7142857143 1 0)
(-0.7042957043 1 0)
(-0.6943056943 1 0)
(-0.6843156843 1 0)
(-0.6743256743 1 0)
(-0.6643356643 1 0)
(-0.6543456543 1 0)
(-0.6443556444 1 0)
(-0.6343656344 1 0)
(-0.6243756244 1 0)
(-0.6143856144 1 0)
(-0.6043956044 1 0)
(-0.5944055944 1 0)
(-0.5844155844 1 0)
(-0.5744255744 1 0)
(-0.5644355644 1 0)
(-0.5544455544 1 0)
(-0.5444555445 1 0)
(-0.5344655345 1 0)
(-0.5244755245 1 0)
(-0.5144855145 1 0)
(-0.5044955045 1 0)
(-0.4945054945 1 0)
(-0.4845154845 1 0)
(-0.4745254745 1 0)
(-0.4645354645 1 0)
(-0.4545454545 1 0)
(-0.4445554446 1 0)
(-0.4345654346 1 0)
(-0.4245754246 1 0)
(-0.4145854146 1 0)
(-0.4045954046 1 0)
(-0.3946053946 1 0)
(-0.3846153846 1 0)
(-0.3746253746 1 0)
(-0.3646353646 1 0)
(-0.3546453546 1 0)
(-0.3446553447 1 0)
(-0.3346653347 1 0)
(-0.3246753247 1 0)
(-0.3146853147 1 0)
(-0.3046953047 1 0)
(-0.2947052947 1 0)
(-0.2847152847 1 0)
(-0.2747252747 1 0)
(-0.2647352647 1 0)
(-0.2547452547 1 0)
(-0.2447552448 1 0)
(-0.2347652348 1 0)
(-0.2247752248 1 0)
(-0.2147852148 1 0)
(-0.2047952048 1 0)
(-0.1948051948 1 0)
(-0.1848151848 1 0)
(-0.1748251748 1 0)
(-0.1648351648 1 0)
(-0.1548451548 1 0)
(-0.1448551449 1 0)
(-0.1348651349 1 0)
(-0.1248751249 1 0)
(-0.1148851149 1 0)
(-0.1048951049 1 0)
(-0.09490509491 1 0)
(-0.08491508492 1 0)
(-0.07492507493 1 0)
(-0.06493506494 1 0)
(-0.05494505495 1 0)
(-0.04495504496 1 0)
(-0.03496503497 1 0)
(-0.02497502498 1 0)
(-0.01498501499 1 0)
(-0.004995004995 1 0)
(0.004995004995 1 0)
(0.01498501499 1 0)
(0.02497502498 1 0)
(0.03496503497 1 0)
(0.04495504496 1 0)
(0.05494505495 1 0)
(0.06493506494 1 0)
(0.07492507493 1 0)
(0.08491508492 1 0)
(0.09490509491 1 0)
(0.1048951049 1 0)
(0.1148851149 1 0)
(0.1248751249 1 0)
(0.1348651349 1 0)
(0.1448551449 1 0)
(0.1548451548 1 0)
(0.1648351648 1 0)
(0.1748251748 1 0)
(0.1848151848 1 0)
(0.1948051948 1 0)
(0.2047952048 1 0)
(0.2147852148 1 0)
(0.2247752248 1 0)
(0.2347652348 1 0)
(0.2447552448 1 0)
(0.2547452547 1 0)
(0.2647352647 1 0)
(0.2747252747 1 0)
(0.2847152847 1 0)
(0.2947052947 1 0)
(0.3046953047 1 0)
(0.3146853147 1 0)
(0.3246753247 1 0)
(0.3346653347 1 0)
(0.3446553447 1 0)
(0.3546453546 1 0)
(0.3646353646 1 0)
(0.3746253746 1 0)
(0.3846153846 1 0)
(0.3946053946 1 0)
(0.4045954046 1 0)
(0.4145854146 1 0)
(0.4245754246 1 0)
(0.4345654346 1 0)
(0.4445554446 1 0)
(0.4545454545 1 0)
(0.4645354645 1 0)
(0.4745254745 1 0)
(0.4845154845 1 0)
(0.4945054945 1 0)
(0.5044955045 1 0)
(0.5144855145 1 0)
(0.5244755245 1 0)
(0.5344655345 1 0)
(0.5444555445 1 0)
(0.5544455544 1 0)
(0.5644355644 1 0)
(0.5744255744 1 0)
(0.5844155844 1 0)
(0.5944055944 1 0)
(0.6043956044 1 0)
(0.6143856144 1 0)
(0.6243756244 1 0)
(0.6343656344 1 0)
(0.6443556444 1 0)
(0.6543456543 1 0)
(0.6643356643 1 0)
(0.6743256743 1 0)
(0.6843156843 1 0)
(0.6943056943 1 0)
(0.7042957043 1 0)
(0.7142857143 1 0)
(0.7242757243 1 0)
(0.7342657343 1 0)
(0.7442557443 1 0)
(0.7542457542 1 0)
(0.7642357642 1 0)
(0.7742257742 1 0)
(0.7842157842 1 0)
(0.7942057942 1 0)
(0.8041958042 1 0)
(0.8141858142 1 0)
(0.8241758242 1 0)
(0.8341658342 1 0)
(0.8441558442 1 0)
(0.8541458541 1 0)
(0.8641358641 1 0)
(0.8741258741 1 0)
(0.8841158841 1 0)
(0.8941058941 1 0)
(0.9040959041 1 0)
(0.9140859141 1 0)
(0.9240759241 1 0)
(0.9340659341 1 0)
(0.9440559441 1 0)
(0.954045954 1 0)
(0.964035964 1 0)
(0.974025974 1 0)
(0.984015984 1 0)
(0.994005994 1 0)
(1.003996004 1 0)
(1.013986014 1 0)
(1.023976024 1 0)
(1.033966034 1 0)
(1.043956044 1 0)
(1.053946054 1 0)
(1.063936064 1 0)
(1.073926074 1 0)
(1.083916084 1 0)
(1.093906094 1 0)
(1.103896104 1 0)
(1.113886114 1 0)
(1.123876124 1 0)
(1.133866134 1 0)
(1.143856144 1 0)
(1.153846154 1 0)
(1.163836164 1 0)
(1.173826174 1 0)
(1.183816184 1 0)
(1.193806194 1 0)
(1.203796204 1 0)
(1.213786214 1 0)
(1.223776224 1 0)
(1.233766234 1 0)
(1.243756244 1 0)
(1.253746254 1 0)
(1.263736264 1 0)
(1.273726274 1 0)
(1.283716284 1 0)
(1.293706294 1 0)
(1.303696304 1 0)
(1.313686314 1 0)
(1.323676324 1 0)
(1.333666334 1 0)
(1.343656344 1 0)
(1.353646354 1 0)
(1.363636364 1 0)
(1.373626374 1 0)
(1.383616384 1 0)
(1.393606394 1 0)
(1.403596404 1 0)
(1.413586414 1 0)
(1.423576424 1 0)
(1.433566434 1 0)
(1.443556444 1 0)
(1.453546454 1 0)
(1.463536464 1 0)
(1.473526474 1 0)
(1.483516484 1 0)
(1.493506494 1 0)
(1.503496503 1 0)
(1.513486513 1 0)
(1.523476523 1 0)
(1.533466533 1 0)
(1.543456543 1 0)
(1.553446553 1 0)
(1.563436563 1 0)
(1.573426573 1 0)
(1.583416583 1 0)
(1.593406593 1 0)
(1.603396603 1 0)
(1.613386613 1 0)
(1.623376623 1 0)
(1.633366633 1 0)
(1.643356643 1 0)
(1.653346653 1 0)
(1.663336663 1 0)
(1.673326673 1 0)
(1.683316683 1 0)
(1.693306693 1 0)
(1.703296703 1 0)
(1.713286713 1 0)
(1.723276723 1 0)
(1.733266733 1 0)
(1.743256743 1 0)
(1.753246753 1 0)
(1.763236763 1 0)
(1.773226773 1 0)
(1.783216783 1 0)
(1.793206793 1 0)
(1.803196803 1 0)
(1.813186813 1 0)
(1.823176823 1 0)
(1.833166833 1 0)
(1.843156843 1 0)
(1.853146853 1 0)
(1.863136863 1 0)
(1.873126873 1 0)
(1.883116883 1 0)
(1.893106893 1 0)
(1.903096903 1 0)
(1.913086913 1 0)
(1.923076923 1 0)
(1.933066933 1 0)
(1.943056943 1 0)
(1.953046953 1 0)
(1.963036963 1 0)
(1.973026973 1 0)
(1.983016983 1 0)
(1.993006993 1 0)
(2.002997003 1 0)
(2.012987013 1 0)
(2.022977023 1 0)
(2.032967033 1 0)
(2.042957043 1 0)
(2.052947053 1 0)
(2.062937063 1 0)
(2.072927073 1 0)
(2.082917083 1 0)
(2.092907093 1 0)
(2.102897103 1 0)
(2.112887113 1 0)
(2.122877123 1 0)
(2.132867133 1 0)
(2.142857143 1 0)
(2.152847153 1 0)
(2.162837163 1 0)
(2.172827173 1 0)
(2.182817183 1 0)
(2.192807193 1 0)
(2.202797203 1 0)
(2.212787213 1 0)
(2.222777223 1 0)
(2.232767233 1 0)
(2.242757243 1 0)
(2.252747253 1 0)
(2.262737263 1 0)
(2.272727273 1 0)
(2.282717283 1 0)
(2.292707293 1 0)
(2.302697303 1 0)
(2.312687313 1 0)
(2.322677323 1 0)
(2.332667333 1 0)
(2.342657343 1 0)
(2.352647353 1 0)
(2.362637363 1 0)
(2.372627373 1 0)
(2.382617383 1 0)
(2.392607393 1 0)
(2.402597403 1 0)
(2.412587413 1 0)
(2.422577423 1 0)
(2.432567433 1 0)
(2.442557443 1 0)
(2.452547453 1 0)
(2.462537463 1 0)
(2.472527473 1 0)
(2.482517483 1 0)
(2.492507493 1 0)
(2.502497502 1 0)
(2.512487512 1 0)
(2.522477522 1 0)
(2.532467532 1 0)
(2.542457542 1 0)
(2.552447552 1 0)
(2.562437562 1 0)
(2.572427572 1 0)
(2.582417582 1 0)
(2.592407592 1 0)
(2.602397602 1 0)
(2.612387612 1 0)
(2.622377622 1 0)
(2.632367632 1 0)
(2.642357642 1 0)
(2.652347652 1 0)
(2.662337662 1 0)
(2.672327672 1 0)
(2.682317682 1 0)
(2.692307692 1 0)
(2.702297702 1 0)
(2.712287712 1 0)
(2.722277722 1 0)
(2.732267732 1 0)
(2.742257742 1 0)
(2.752247752 1 0)
(2.762237762 1 0)
(2.772227772 1 0)
(2.782217782 1 0)
(2.792207792 1 0)
(2.802197802 1 0)
(2.812187812 1 0)
(2.822177822 1 0)
(2.832167832 1 0)
(2.842157842 1 0)
(2.852147852 1 0)
(2.862137862 1 0)
(2.872127872 1 0)
(2.882117882 1 0)
(2.892107892 1 0)
(2.902097902 1 0)
(2.912087912 1 0)
(2.922077922 1 0)
(2.932067932 1 0)
(2.942057942 1 0)
(2.952047952 1 0)
(2.962037962 1 0)
(2.972027972 1 0)
(2.982017982 1 0)
(2.992007992 1 0)
(3.001998002 1 0)
(3.011988012 1 0)
(3.021978022 1 0)
(3.031968032 1 0)
(3.041958042 1 0)
(3.051948052 1 0)
(3.061938062 1 0)
(3.071928072 1 0)
(3.081918082 1 0)
(3.091908092 1 0)
(3.101898102 1 0)
(3.111888112 1 0)
(3.121878122 1 0)
(3.131868132 1 0)
(3.141858142 1 0)
(3.151848152 1 0)
(3.161838162 1 0)
(3.171828172 1 0)
(3.181818182 1 0)
(3.191808192 1 0)
(3.201798202 1 0)
(3.211788212 1 0)
(3.221778222 1 0)
(3.231768232 1 0)
(3.241758242 1 0)
(3.251748252 1 0)
(3.261738262 1 0)
(3.271728272 1 0)
(3.281718282 1 0)
(3.291708292 1 0)
(3.301698302 1 0)
(3.311688312 1 0)
(3.321678322 1 0)
(3.331668332 1 0)
(3.341658342 1 0)
(3.351648352 1 0)
(3.361638362 1 0)
(3.371628372 1 0)
(3.381618382 1 0)
(3.391608392 1 0)
(3.401598402 1 0)
(3.411588412 1 0)
(3.421578422 1 0)
(3.431568432 1 0)
(3.441558442 1 0)
(3.451548452 1 0)
(3.461538462 1 0)
(3.471528472 1 0)
(3.481518482 1 0)
(3.491508492 1 0)
(3.501498501 1 0)
(3.511488511 1 0)
(3.521478521 1 0)
(3.531468531 1 0)
(3.541458541 1 0)
(3.551448551 1 0)
(3.561438561 1 0)
(3.571428571 1 0)
(3.581418581 1 0)
(3.591408591 1 0)
(3.601398601 1 0)
(3.611388611 1 0)
(3.621378621 1 0)
(3.631368631 1 0)
(3.641358641 1 0)
(3.651348651 1 0)
(3.661338661 1 0)
(3.671328671 1 0)
(3.681318681 1 0)
(3.691308691 1 0)
(3.701298701 1 0)
(3.711288711 1 0)
(3.721278721 1 0)
(3.731268731 1 0)
(3.741258741 1 0)
(3.751248751 1 0)
(3.761238761 1 0)
(3.771228771 1 0)
(3.781218781 1 0)
(3.791208791 1 0)
(3.801198801 1 0)
(3.811188811 1 0)
(3.821178821 1 0)
(3.831168831 1 0)
(3.841158841 1 0)
(3.851148851 1 0)
(3.861138861 1 0)
(3.871128871 1 0)
(3.881118881 1 0)
(3.891108891 1 0)
(3.901098901 1 0)
(3.911088911 1 0)
(3.921078921 1 0)
(3.931068931 1 0)
(3.941058941 1 0)
(3.951048951 1 0)
(3.961038961 1 0)
(3.971028971 1 0)
(3.981018981 1 0)
(3.991008991 1 0)
(4.000999001 1 0)
(4.010989011 1 0)
(4.020979021 1 0)
(4.030969031 1 0)
(4.040959041 1 0)
(4.050949051 1 0)
(4.060939061 1 0)
(4.070929071 1 0)
(4.080919081 1 0)
(4.090909091 1 0)
(4.100899101 1 0)
(4.110889111 1 0)
(4.120879121 1 0)
(4.130869131 1 0)
(4.140859141 1 0)
(4.150849151 1 0)
(4.160839161 1 0)
(4.170829171 1 0)
(4.180819181 1 0)
(4.190809191 1 0)
(4.200799201 1 0)
(4.210789211 1 0)
(4.220779221 1 0)
(4.230769231 1 0)
(4.240759241 1 0)
(4.250749251 1 0)
(4.260739261 1 0)
(4.270729271 1 0)
(4.280719281 1 0)
(4.290709291 1 0)
(4.300699301 1 0)
(4.310689311 1 0)
(4.320679321 1 0)
(4.330669331 1 0)
(4.340659341 1 0)
(4.350649351 1 0)
(4.360639361 1 0)
(4.370629371 1 0)
(4.380619381 1 0)
(4.390609391 1 0)
(4.400599401 1 0)
(4.410589411 1 0)
(4.420579421 1 0)
(4.430569431 1 0)
(4.440559441 1 0)
(4.450549451 1 0)
(4.460539461 1 0)
(4.470529471 1 0)
(4.480519481 1 0)
(4.490509491 1 0)
(4.5004995 1 0)
(4.51048951 1 0)
(4.52047952 1 0)
(4.53046953 1 0)
(4.54045954 1 0)
(4.55044955 1 0)
(4.56043956 1 0)
(4.57042957 1 0)
(4.58041958 1 0)
(4.59040959 1 0)
(4.6003996 1 0)
(4.61038961 1 0)
(4.62037962 1 0)
(4.63036963 1 0)
(4.64035964 1 0)
(4.65034965 1 0)
(4.66033966 1 0)
(4.67032967 1 0)
(4.68031968 1 0)
(4.69030969 1 0)
(4.7002997 1 0)
(4.71028971 1 0)
(4.72027972 1 0)
(4.73026973 1 0)
(4.74025974 1 0)
(4.75024975 1 0)
(4.76023976 1 0)
(4.77022977 1 0)
(4.78021978 1 0)
(4.79020979 1 0)
(4.8001998 1 0)
(4.81018981 1 0)
(4.82017982 1 0)
(4.83016983 1 0)
(4.84015984 1 0)
(4.85014985 1 0)
(4.86013986 1 0)
(4.87012987 1 0)
(4.88011988 1 0)
(4.89010989 1 0)
(4.9000999 1 0)
(4.91008991 1 0)
(4.92007992 1 0)
(4.93006993 1 0)
(4.94005994 1 0)
(4.95004995 1 0)
(4.96003996 1 0)
(4.97002997 1 0)
(4.98001998 1 0)
(4.99000999 1 0)
(5 1 0)
)


// ************************************************************************* //
