/*--------------------------------*- C++ -*----------------------------------*\
  =========                 |
  \\      /  F ield         | OpenFOAM: The Open Source CFD Toolbox
   \\    /   O peration     | Website:  https://openfoam.org
    \\  /    A nd           | Version:  6
     \\/     M anipulation  |
\*---------------------------------------------------------------------------*/
FoamFile
{
    version     2.0;
    format      ascii;
    class       labelList;
    note        "nPoints: 18442 nCells: 9000 nFaces: 36220 nInternalFaces: 17780";
    location    "constant/polyMesh";
    object      neighbour;
}
// * * * * * * * * * * * * * * * * * * * * * * * * * * * * * * * * * * * * * //


17780
(
1
50
2
51
3
52
4
53
5
54
6
55
7
56
8
57
9
58
10
59
11
60
12
61
13
62
14
63
15
64
16
65
17
66
18
67
19
68
20
69
21
70
22
71
23
72
24
73
25
74
26
75
27
76
28
77
29
78
30
79
31
80
32
81
33
82
34
83
35
84
36
85
37
86
38
87
39
88
40
89
41
90
42
91
43
92
44
93
45
94
46
95
47
96
48
97
49
98
99
2000
51
100
52
101
53
102
54
103
55
104
56
105
57
106
58
107
59
108
60
109
61
110
62
111
63
112
64
113
65
114
66
115
67
116
68
117
69
118
70
119
71
120
72
121
73
122
74
123
75
124
76
125
77
126
78
127
79
128
80
129
81
130
82
131
83
132
84
133
85
134
86
135
87
136
88
137
89
138
90
139
91
140
92
141
93
142
94
143
95
144
96
145
97
146
98
147
99
148
149
2100
101
150
102
151
103
152
104
153
105
154
106
155
107
156
108
157
109
158
110
159
111
160
112
161
113
162
114
163
115
164
116
165
117
166
118
167
119
168
120
169
121
170
122
171
123
172
124
173
125
174
126
175
127
176
128
177
129
178
130
179
131
180
132
181
133
182
134
183
135
184
136
185
137
186
138
187
139
188
140
189
141
190
142
191
143
192
144
193
145
194
146
195
147
196
148
197
149
198
199
2200
151
200
152
201
153
202
154
203
155
204
156
205
157
206
158
207
159
208
160
209
161
210
162
211
163
212
164
213
165
214
166
215
167
216
168
217
169
218
170
219
171
220
172
221
173
222
174
223
175
224
176
225
177
226
178
227
179
228
180
229
181
230
182
231
183
232
184
233
185
234
186
235
187
236
188
237
189
238
190
239
191
240
192
241
193
242
194
243
195
244
196
245
197
246
198
247
199
248
249
2300
201
250
202
251
203
252
204
253
205
254
206
255
207
256
208
257
209
258
210
259
211
260
212
261
213
262
214
263
215
264
216
265
217
266
218
267
219
268
220
269
221
270
222
271
223
272
224
273
225
274
226
275
227
276
228
277
229
278
230
279
231
280
232
281
233
282
234
283
235
284
236
285
237
286
238
287
239
288
240
289
241
290
242
291
243
292
244
293
245
294
246
295
247
296
248
297
249
298
299
2400
251
300
252
301
253
302
254
303
255
304
256
305
257
306
258
307
259
308
260
309
261
310
262
311
263
312
264
313
265
314
266
315
267
316
268
317
269
318
270
319
271
320
272
321
273
322
274
323
275
324
276
325
277
326
278
327
279
328
280
329
281
330
282
331
283
332
284
333
285
334
286
335
287
336
288
337
289
338
290
339
291
340
292
341
293
342
294
343
295
344
296
345
297
346
298
347
299
348
349
2500
301
350
302
351
303
352
304
353
305
354
306
355
307
356
308
357
309
358
310
359
311
360
312
361
313
362
314
363
315
364
316
365
317
366
318
367
319
368
320
369
321
370
322
371
323
372
324
373
325
374
326
375
327
376
328
377
329
378
330
379
331
380
332
381
333
382
334
383
335
384
336
385
337
386
338
387
339
388
340
389
341
390
342
391
343
392
344
393
345
394
346
395
347
396
348
397
349
398
399
2600
351
400
352
401
353
402
354
403
355
404
356
405
357
406
358
407
359
408
360
409
361
410
362
411
363
412
364
413
365
414
366
415
367
416
368
417
369
418
370
419
371
420
372
421
373
422
374
423
375
424
376
425
377
426
378
427
379
428
380
429
381
430
382
431
383
432
384
433
385
434
386
435
387
436
388
437
389
438
390
439
391
440
392
441
393
442
394
443
395
444
396
445
397
446
398
447
399
448
449
2700
401
450
402
451
403
452
404
453
405
454
406
455
407
456
408
457
409
458
410
459
411
460
412
461
413
462
414
463
415
464
416
465
417
466
418
467
419
468
420
469
421
470
422
471
423
472
424
473
425
474
426
475
427
476
428
477
429
478
430
479
431
480
432
481
433
482
434
483
435
484
436
485
437
486
438
487
439
488
440
489
441
490
442
491
443
492
444
493
445
494
446
495
447
496
448
497
449
498
499
2800
451
500
452
501
453
502
454
503
455
504
456
505
457
506
458
507
459
508
460
509
461
510
462
511
463
512
464
513
465
514
466
515
467
516
468
517
469
518
470
519
471
520
472
521
473
522
474
523
475
524
476
525
477
526
478
527
479
528
480
529
481
530
482
531
483
532
484
533
485
534
486
535
487
536
488
537
489
538
490
539
491
540
492
541
493
542
494
543
495
544
496
545
497
546
498
547
499
548
549
2900
501
550
502
551
503
552
504
553
505
554
506
555
507
556
508
557
509
558
510
559
511
560
512
561
513
562
514
563
515
564
516
565
517
566
518
567
519
568
520
569
521
570
522
571
523
572
524
573
525
574
526
575
527
576
528
577
529
578
530
579
531
580
532
581
533
582
534
583
535
584
536
585
537
586
538
587
539
588
540
589
541
590
542
591
543
592
544
593
545
594
546
595
547
596
548
597
549
598
599
3000
551
600
552
601
553
602
554
603
555
604
556
605
557
606
558
607
559
608
560
609
561
610
562
611
563
612
564
613
565
614
566
615
567
616
568
617
569
618
570
619
571
620
572
621
573
622
574
623
575
624
576
625
577
626
578
627
579
628
580
629
581
630
582
631
583
632
584
633
585
634
586
635
587
636
588
637
589
638
590
639
591
640
592
641
593
642
594
643
595
644
596
645
597
646
598
647
599
648
649
3100
601
650
602
651
603
652
604
653
605
654
606
655
607
656
608
657
609
658
610
659
611
660
612
661
613
662
614
663
615
664
616
665
617
666
618
667
619
668
620
669
621
670
622
671
623
672
624
673
625
674
626
675
627
676
628
677
629
678
630
679
631
680
632
681
633
682
634
683
635
684
636
685
637
686
638
687
639
688
640
689
641
690
642
691
643
692
644
693
645
694
646
695
647
696
648
697
649
698
699
3200
651
700
652
701
653
702
654
703
655
704
656
705
657
706
658
707
659
708
660
709
661
710
662
711
663
712
664
713
665
714
666
715
667
716
668
717
669
718
670
719
671
720
672
721
673
722
674
723
675
724
676
725
677
726
678
727
679
728
680
729
681
730
682
731
683
732
684
733
685
734
686
735
687
736
688
737
689
738
690
739
691
740
692
741
693
742
694
743
695
744
696
745
697
746
698
747
699
748
749
3300
701
750
702
751
703
752
704
753
705
754
706
755
707
756
708
757
709
758
710
759
711
760
712
761
713
762
714
763
715
764
716
765
717
766
718
767
719
768
720
769
721
770
722
771
723
772
724
773
725
774
726
775
727
776
728
777
729
778
730
779
731
780
732
781
733
782
734
783
735
784
736
785
737
786
738
787
739
788
740
789
741
790
742
791
743
792
744
793
745
794
746
795
747
796
748
797
749
798
799
3400
751
800
752
801
753
802
754
803
755
804
756
805
757
806
758
807
759
808
760
809
761
810
762
811
763
812
764
813
765
814
766
815
767
816
768
817
769
818
770
819
771
820
772
821
773
822
774
823
775
824
776
825
777
826
778
827
779
828
780
829
781
830
782
831
783
832
784
833
785
834
786
835
787
836
788
837
789
838
790
839
791
840
792
841
793
842
794
843
795
844
796
845
797
846
798
847
799
848
849
3500
801
850
802
851
803
852
804
853
805
854
806
855
807
856
808
857
809
858
810
859
811
860
812
861
813
862
814
863
815
864
816
865
817
866
818
867
819
868
820
869
821
870
822
871
823
872
824
873
825
874
826
875
827
876
828
877
829
878
830
879
831
880
832
881
833
882
834
883
835
884
836
885
837
886
838
887
839
888
840
889
841
890
842
891
843
892
844
893
845
894
846
895
847
896
848
897
849
898
899
3600
851
900
852
901
853
902
854
903
855
904
856
905
857
906
858
907
859
908
860
909
861
910
862
911
863
912
864
913
865
914
866
915
867
916
868
917
869
918
870
919
871
920
872
921
873
922
874
923
875
924
876
925
877
926
878
927
879
928
880
929
881
930
882
931
883
932
884
933
885
934
886
935
887
936
888
937
889
938
890
939
891
940
892
941
893
942
894
943
895
944
896
945
897
946
898
947
899
948
949
3700
901
950
902
951
903
952
904
953
905
954
906
955
907
956
908
957
909
958
910
959
911
960
912
961
913
962
914
963
915
964
916
965
917
966
918
967
919
968
920
969
921
970
922
971
923
972
924
973
925
974
926
975
927
976
928
977
929
978
930
979
931
980
932
981
933
982
934
983
935
984
936
985
937
986
938
987
939
988
940
989
941
990
942
991
943
992
944
993
945
994
946
995
947
996
948
997
949
998
999
3800
951
1000
952
1001
953
1002
954
1003
955
1004
956
1005
957
1006
958
1007
959
1008
960
1009
961
1010
962
1011
963
1012
964
1013
965
1014
966
1015
967
1016
968
1017
969
1018
970
1019
971
1020
972
1021
973
1022
974
1023
975
1024
976
1025
977
1026
978
1027
979
1028
980
1029
981
1030
982
1031
983
1032
984
1033
985
1034
986
1035
987
1036
988
1037
989
1038
990
1039
991
1040
992
1041
993
1042
994
1043
995
1044
996
1045
997
1046
998
1047
999
1048
1049
3900
1001
1050
1002
1051
1003
1052
1004
1053
1005
1054
1006
1055
1007
1056
1008
1057
1009
1058
1010
1059
1011
1060
1012
1061
1013
1062
1014
1063
1015
1064
1016
1065
1017
1066
1018
1067
1019
1068
1020
1069
1021
1070
1022
1071
1023
1072
1024
1073
1025
1074
1026
1075
1027
1076
1028
1077
1029
1078
1030
1079
1031
1080
1032
1081
1033
1082
1034
1083
1035
1084
1036
1085
1037
1086
1038
1087
1039
1088
1040
1089
1041
1090
1042
1091
1043
1092
1044
1093
1045
1094
1046
1095
1047
1096
1048
1097
1049
1098
1099
4000
1051
1100
1052
1101
1053
1102
1054
1103
1055
1104
1056
1105
1057
1106
1058
1107
1059
1108
1060
1109
1061
1110
1062
1111
1063
1112
1064
1113
1065
1114
1066
1115
1067
1116
1068
1117
1069
1118
1070
1119
1071
1120
1072
1121
1073
1122
1074
1123
1075
1124
1076
1125
1077
1126
1078
1127
1079
1128
1080
1129
1081
1130
1082
1131
1083
1132
1084
1133
1085
1134
1086
1135
1087
1136
1088
1137
1089
1138
1090
1139
1091
1140
1092
1141
1093
1142
1094
1143
1095
1144
1096
1145
1097
1146
1098
1147
1099
1148
1149
4100
1101
1150
1102
1151
1103
1152
1104
1153
1105
1154
1106
1155
1107
1156
1108
1157
1109
1158
1110
1159
1111
1160
1112
1161
1113
1162
1114
1163
1115
1164
1116
1165
1117
1166
1118
1167
1119
1168
1120
1169
1121
1170
1122
1171
1123
1172
1124
1173
1125
1174
1126
1175
1127
1176
1128
1177
1129
1178
1130
1179
1131
1180
1132
1181
1133
1182
1134
1183
1135
1184
1136
1185
1137
1186
1138
1187
1139
1188
1140
1189
1141
1190
1142
1191
1143
1192
1144
1193
1145
1194
1146
1195
1147
1196
1148
1197
1149
1198
1199
4200
1151
1200
1152
1201
1153
1202
1154
1203
1155
1204
1156
1205
1157
1206
1158
1207
1159
1208
1160
1209
1161
1210
1162
1211
1163
1212
1164
1213
1165
1214
1166
1215
1167
1216
1168
1217
1169
1218
1170
1219
1171
1220
1172
1221
1173
1222
1174
1223
1175
1224
1176
1225
1177
1226
1178
1227
1179
1228
1180
1229
1181
1230
1182
1231
1183
1232
1184
1233
1185
1234
1186
1235
1187
1236
1188
1237
1189
1238
1190
1239
1191
1240
1192
1241
1193
1242
1194
1243
1195
1244
1196
1245
1197
1246
1198
1247
1199
1248
1249
4300
1201
1250
1202
1251
1203
1252
1204
1253
1205
1254
1206
1255
1207
1256
1208
1257
1209
1258
1210
1259
1211
1260
1212
1261
1213
1262
1214
1263
1215
1264
1216
1265
1217
1266
1218
1267
1219
1268
1220
1269
1221
1270
1222
1271
1223
1272
1224
1273
1225
1274
1226
1275
1227
1276
1228
1277
1229
1278
1230
1279
1231
1280
1232
1281
1233
1282
1234
1283
1235
1284
1236
1285
1237
1286
1238
1287
1239
1288
1240
1289
1241
1290
1242
1291
1243
1292
1244
1293
1245
1294
1246
1295
1247
1296
1248
1297
1249
1298
1299
4400
1251
1300
1252
1301
1253
1302
1254
1303
1255
1304
1256
1305
1257
1306
1258
1307
1259
1308
1260
1309
1261
1310
1262
1311
1263
1312
1264
1313
1265
1314
1266
1315
1267
1316
1268
1317
1269
1318
1270
1319
1271
1320
1272
1321
1273
1322
1274
1323
1275
1324
1276
1325
1277
1326
1278
1327
1279
1328
1280
1329
1281
1330
1282
1331
1283
1332
1284
1333
1285
1334
1286
1335
1287
1336
1288
1337
1289
1338
1290
1339
1291
1340
1292
1341
1293
1342
1294
1343
1295
1344
1296
1345
1297
1346
1298
1347
1299
1348
1349
4500
1301
1350
1302
1351
1303
1352
1304
1353
1305
1354
1306
1355
1307
1356
1308
1357
1309
1358
1310
1359
1311
1360
1312
1361
1313
1362
1314
1363
1315
1364
1316
1365
1317
1366
1318
1367
1319
1368
1320
1369
1321
1370
1322
1371
1323
1372
1324
1373
1325
1374
1326
1375
1327
1376
1328
1377
1329
1378
1330
1379
1331
1380
1332
1381
1333
1382
1334
1383
1335
1384
1336
1385
1337
1386
1338
1387
1339
1388
1340
1389
1341
1390
1342
1391
1343
1392
1344
1393
1345
1394
1346
1395
1347
1396
1348
1397
1349
1398
1399
4600
1351
1400
1352
1401
1353
1402
1354
1403
1355
1404
1356
1405
1357
1406
1358
1407
1359
1408
1360
1409
1361
1410
1362
1411
1363
1412
1364
1413
1365
1414
1366
1415
1367
1416
1368
1417
1369
1418
1370
1419
1371
1420
1372
1421
1373
1422
1374
1423
1375
1424
1376
1425
1377
1426
1378
1427
1379
1428
1380
1429
1381
1430
1382
1431
1383
1432
1384
1433
1385
1434
1386
1435
1387
1436
1388
1437
1389
1438
1390
1439
1391
1440
1392
1441
1393
1442
1394
1443
1395
1444
1396
1445
1397
1446
1398
1447
1399
1448
1449
4700
1401
1450
1402
1451
1403
1452
1404
1453
1405
1454
1406
1455
1407
1456
1408
1457
1409
1458
1410
1459
1411
1460
1412
1461
1413
1462
1414
1463
1415
1464
1416
1465
1417
1466
1418
1467
1419
1468
1420
1469
1421
1470
1422
1471
1423
1472
1424
1473
1425
1474
1426
1475
1427
1476
1428
1477
1429
1478
1430
1479
1431
1480
1432
1481
1433
1482
1434
1483
1435
1484
1436
1485
1437
1486
1438
1487
1439
1488
1440
1489
1441
1490
1442
1491
1443
1492
1444
1493
1445
1494
1446
1495
1447
1496
1448
1497
1449
1498
1499
4800
1451
1500
1452
1501
1453
1502
1454
1503
1455
1504
1456
1505
1457
1506
1458
1507
1459
1508
1460
1509
1461
1510
1462
1511
1463
1512
1464
1513
1465
1514
1466
1515
1467
1516
1468
1517
1469
1518
1470
1519
1471
1520
1472
1521
1473
1522
1474
1523
1475
1524
1476
1525
1477
1526
1478
1527
1479
1528
1480
1529
1481
1530
1482
1531
1483
1532
1484
1533
1485
1534
1486
1535
1487
1536
1488
1537
1489
1538
1490
1539
1491
1540
1492
1541
1493
1542
1494
1543
1495
1544
1496
1545
1497
1546
1498
1547
1499
1548
1549
4900
1501
1550
1502
1551
1503
1552
1504
1553
1505
1554
1506
1555
1507
1556
1508
1557
1509
1558
1510
1559
1511
1560
1512
1561
1513
1562
1514
1563
1515
1564
1516
1565
1517
1566
1518
1567
1519
1568
1520
1569
1521
1570
1522
1571
1523
1572
1524
1573
1525
1574
1526
1575
1527
1576
1528
1577
1529
1578
1530
1579
1531
1580
1532
1581
1533
1582
1534
1583
1535
1584
1536
1585
1537
1586
1538
1587
1539
1588
1540
1589
1541
1590
1542
1591
1543
1592
1544
1593
1545
1594
1546
1595
1547
1596
1548
1597
1549
1598
1599
5000
1551
1600
1552
1601
1553
1602
1554
1603
1555
1604
1556
1605
1557
1606
1558
1607
1559
1608
1560
1609
1561
1610
1562
1611
1563
1612
1564
1613
1565
1614
1566
1615
1567
1616
1568
1617
1569
1618
1570
1619
1571
1620
1572
1621
1573
1622
1574
1623
1575
1624
1576
1625
1577
1626
1578
1627
1579
1628
1580
1629
1581
1630
1582
1631
1583
1632
1584
1633
1585
1634
1586
1635
1587
1636
1588
1637
1589
1638
1590
1639
1591
1640
1592
1641
1593
1642
1594
1643
1595
1644
1596
1645
1597
1646
1598
1647
1599
1648
1649
5100
1601
1650
1602
1651
1603
1652
1604
1653
1605
1654
1606
1655
1607
1656
1608
1657
1609
1658
1610
1659
1611
1660
1612
1661
1613
1662
1614
1663
1615
1664
1616
1665
1617
1666
1618
1667
1619
1668
1620
1669
1621
1670
1622
1671
1623
1672
1624
1673
1625
1674
1626
1675
1627
1676
1628
1677
1629
1678
1630
1679
1631
1680
1632
1681
1633
1682
1634
1683
1635
1684
1636
1685
1637
1686
1638
1687
1639
1688
1640
1689
1641
1690
1642
1691
1643
1692
1644
1693
1645
1694
1646
1695
1647
1696
1648
1697
1649
1698
1699
5200
1651
1700
1652
1701
1653
1702
1654
1703
1655
1704
1656
1705
1657
1706
1658
1707
1659
1708
1660
1709
1661
1710
1662
1711
1663
1712
1664
1713
1665
1714
1666
1715
1667
1716
1668
1717
1669
1718
1670
1719
1671
1720
1672
1721
1673
1722
1674
1723
1675
1724
1676
1725
1677
1726
1678
1727
1679
1728
1680
1729
1681
1730
1682
1731
1683
1732
1684
1733
1685
1734
1686
1735
1687
1736
1688
1737
1689
1738
1690
1739
1691
1740
1692
1741
1693
1742
1694
1743
1695
1744
1696
1745
1697
1746
1698
1747
1699
1748
1749
5300
1701
1750
1702
1751
1703
1752
1704
1753
1705
1754
1706
1755
1707
1756
1708
1757
1709
1758
1710
1759
1711
1760
1712
1761
1713
1762
1714
1763
1715
1764
1716
1765
1717
1766
1718
1767
1719
1768
1720
1769
1721
1770
1722
1771
1723
1772
1724
1773
1725
1774
1726
1775
1727
1776
1728
1777
1729
1778
1730
1779
1731
1780
1732
1781
1733
1782
1734
1783
1735
1784
1736
1785
1737
1786
1738
1787
1739
1788
1740
1789
1741
1790
1742
1791
1743
1792
1744
1793
1745
1794
1746
1795
1747
1796
1748
1797
1749
1798
1799
5400
1751
1800
1752
1801
1753
1802
1754
1803
1755
1804
1756
1805
1757
1806
1758
1807
1759
1808
1760
1809
1761
1810
1762
1811
1763
1812
1764
1813
1765
1814
1766
1815
1767
1816
1768
1817
1769
1818
1770
1819
1771
1820
1772
1821
1773
1822
1774
1823
1775
1824
1776
1825
1777
1826
1778
1827
1779
1828
1780
1829
1781
1830
1782
1831
1783
1832
1784
1833
1785
1834
1786
1835
1787
1836
1788
1837
1789
1838
1790
1839
1791
1840
1792
1841
1793
1842
1794
1843
1795
1844
1796
1845
1797
1846
1798
1847
1799
1848
1849
5500
1801
1850
1802
1851
1803
1852
1804
1853
1805
1854
1806
1855
1807
1856
1808
1857
1809
1858
1810
1859
1811
1860
1812
1861
1813
1862
1814
1863
1815
1864
1816
1865
1817
1866
1818
1867
1819
1868
1820
1869
1821
1870
1822
1871
1823
1872
1824
1873
1825
1874
1826
1875
1827
1876
1828
1877
1829
1878
1830
1879
1831
1880
1832
1881
1833
1882
1834
1883
1835
1884
1836
1885
1837
1886
1838
1887
1839
1888
1840
1889
1841
1890
1842
1891
1843
1892
1844
1893
1845
1894
1846
1895
1847
1896
1848
1897
1849
1898
1899
5600
1851
1900
1852
1901
1853
1902
1854
1903
1855
1904
1856
1905
1857
1906
1858
1907
1859
1908
1860
1909
1861
1910
1862
1911
1863
1912
1864
1913
1865
1914
1866
1915
1867
1916
1868
1917
1869
1918
1870
1919
1871
1920
1872
1921
1873
1922
1874
1923
1875
1924
1876
1925
1877
1926
1878
1927
1879
1928
1880
1929
1881
1930
1882
1931
1883
1932
1884
1933
1885
1934
1886
1935
1887
1936
1888
1937
1889
1938
1890
1939
1891
1940
1892
1941
1893
1942
1894
1943
1895
1944
1896
1945
1897
1946
1898
1947
1899
1948
1949
5700
1901
1950
1902
1951
1903
1952
1904
1953
1905
1954
1906
1955
1907
1956
1908
1957
1909
1958
1910
1959
1911
1960
1912
1961
1913
1962
1914
1963
1915
1964
1916
1965
1917
1966
1918
1967
1919
1968
1920
1969
1921
1970
1922
1971
1923
1972
1924
1973
1925
1974
1926
1975
1927
1976
1928
1977
1929
1978
1930
1979
1931
1980
1932
1981
1933
1982
1934
1983
1935
1984
1936
1985
1937
1986
1938
1987
1939
1988
1940
1989
1941
1990
1942
1991
1943
1992
1944
1993
1945
1994
1946
1995
1947
1996
1948
1997
1949
1998
1999
5800
1951
1952
1953
1954
1955
1956
1957
1958
1959
1960
1961
1962
1963
1964
1965
1966
1967
1968
1969
1970
1971
1972
1973
1974
1975
1976
1977
1978
1979
1980
1981
1982
1983
1984
1985
1986
1987
1988
1989
1990
1991
1992
1993
1994
1995
1996
1997
1998
1999
5900
2001
2100
8900
2002
2101
8901
2003
2102
8902
2004
2103
8903
2005
2104
8904
2006
2105
8905
2007
2106
8906
2008
2107
8907
2009
2108
8908
2010
2109
8909
2011
2110
8910
2012
2111
8911
2013
2112
8912
2014
2113
8913
2015
2114
8914
2016
2115
8915
2017
2116
8916
2018
2117
8917
2019
2118
8918
2020
2119
8919
2021
2120
8920
2022
2121
8921
2023
2122
8922
2024
2123
8923
2025
2124
8924
2026
2125
8925
2027
2126
8926
2028
2127
8927
2029
2128
8928
2030
2129
8929
2031
2130
8930
2032
2131
8931
2033
2132
8932
2034
2133
8933
2035
2134
8934
2036
2135
8935
2037
2136
8936
2038
2137
8937
2039
2138
8938
2040
2139
8939
2041
2140
8940
2042
2141
8941
2043
2142
8942
2044
2143
8943
2045
2144
8944
2046
2145
8945
2047
2146
8946
2048
2147
8947
2049
2148
8948
2050
2149
8949
2051
2150
8950
2052
2151
8951
2053
2152
8952
2054
2153
8953
2055
2154
8954
2056
2155
8955
2057
2156
8956
2058
2157
8957
2059
2158
8958
2060
2159
8959
2061
2160
8960
2062
2161
8961
2063
2162
8962
2064
2163
8963
2065
2164
8964
2066
2165
8965
2067
2166
8966
2068
2167
8967
2069
2168
8968
2070
2169
8969
2071
2170
8970
2072
2171
8971
2073
2172
8972
2074
2173
8973
2075
2174
8974
2076
2175
8975
2077
2176
8976
2078
2177
8977
2079
2178
8978
2080
2179
8979
2081
2180
8980
2082
2181
8981
2083
2182
8982
2084
2183
8983
2085
2184
8984
2086
2185
8985
2087
2186
8986
2088
2187
8987
2089
2188
8988
2090
2189
8989
2091
2190
8990
2092
2191
8991
2093
2192
8992
2094
2193
8993
2095
2194
8994
2096
2195
8995
2097
2196
8996
2098
2197
8997
2099
2198
8998
2199
8999
2101
2200
2102
2201
2103
2202
2104
2203
2105
2204
2106
2205
2107
2206
2108
2207
2109
2208
2110
2209
2111
2210
2112
2211
2113
2212
2114
2213
2115
2214
2116
2215
2117
2216
2118
2217
2119
2218
2120
2219
2121
2220
2122
2221
2123
2222
2124
2223
2125
2224
2126
2225
2127
2226
2128
2227
2129
2228
2130
2229
2131
2230
2132
2231
2133
2232
2134
2233
2135
2234
2136
2235
2137
2236
2138
2237
2139
2238
2140
2239
2141
2240
2142
2241
2143
2242
2144
2243
2145
2244
2146
2245
2147
2246
2148
2247
2149
2248
2150
2249
2151
2250
2152
2251
2153
2252
2154
2253
2155
2254
2156
2255
2157
2256
2158
2257
2159
2258
2160
2259
2161
2260
2162
2261
2163
2262
2164
2263
2165
2264
2166
2265
2167
2266
2168
2267
2169
2268
2170
2269
2171
2270
2172
2271
2173
2272
2174
2273
2175
2274
2176
2275
2177
2276
2178
2277
2179
2278
2180
2279
2181
2280
2182
2281
2183
2282
2184
2283
2185
2284
2186
2285
2187
2286
2188
2287
2189
2288
2190
2289
2191
2290
2192
2291
2193
2292
2194
2293
2195
2294
2196
2295
2197
2296
2198
2297
2199
2298
2299
2201
2300
2202
2301
2203
2302
2204
2303
2205
2304
2206
2305
2207
2306
2208
2307
2209
2308
2210
2309
2211
2310
2212
2311
2213
2312
2214
2313
2215
2314
2216
2315
2217
2316
2218
2317
2219
2318
2220
2319
2221
2320
2222
2321
2223
2322
2224
2323
2225
2324
2226
2325
2227
2326
2228
2327
2229
2328
2230
2329
2231
2330
2232
2331
2233
2332
2234
2333
2235
2334
2236
2335
2237
2336
2238
2337
2239
2338
2240
2339
2241
2340
2242
2341
2243
2342
2244
2343
2245
2344
2246
2345
2247
2346
2248
2347
2249
2348
2250
2349
2251
2350
2252
2351
2253
2352
2254
2353
2255
2354
2256
2355
2257
2356
2258
2357
2259
2358
2260
2359
2261
2360
2262
2361
2263
2362
2264
2363
2265
2364
2266
2365
2267
2366
2268
2367
2269
2368
2270
2369
2271
2370
2272
2371
2273
2372
2274
2373
2275
2374
2276
2375
2277
2376
2278
2377
2279
2378
2280
2379
2281
2380
2282
2381
2283
2382
2284
2383
2285
2384
2286
2385
2287
2386
2288
2387
2289
2388
2290
2389
2291
2390
2292
2391
2293
2392
2294
2393
2295
2394
2296
2395
2297
2396
2298
2397
2299
2398
2399
2301
2400
2302
2401
2303
2402
2304
2403
2305
2404
2306
2405
2307
2406
2308
2407
2309
2408
2310
2409
2311
2410
2312
2411
2313
2412
2314
2413
2315
2414
2316
2415
2317
2416
2318
2417
2319
2418
2320
2419
2321
2420
2322
2421
2323
2422
2324
2423
2325
2424
2326
2425
2327
2426
2328
2427
2329
2428
2330
2429
2331
2430
2332
2431
2333
2432
2334
2433
2335
2434
2336
2435
2337
2436
2338
2437
2339
2438
2340
2439
2341
2440
2342
2441
2343
2442
2344
2443
2345
2444
2346
2445
2347
2446
2348
2447
2349
2448
2350
2449
2351
2450
2352
2451
2353
2452
2354
2453
2355
2454
2356
2455
2357
2456
2358
2457
2359
2458
2360
2459
2361
2460
2362
2461
2363
2462
2364
2463
2365
2464
2366
2465
2367
2466
2368
2467
2369
2468
2370
2469
2371
2470
2372
2471
2373
2472
2374
2473
2375
2474
2376
2475
2377
2476
2378
2477
2379
2478
2380
2479
2381
2480
2382
2481
2383
2482
2384
2483
2385
2484
2386
2485
2387
2486
2388
2487
2389
2488
2390
2489
2391
2490
2392
2491
2393
2492
2394
2493
2395
2494
2396
2495
2397
2496
2398
2497
2399
2498
2499
2401
2500
2402
2501
2403
2502
2404
2503
2405
2504
2406
2505
2407
2506
2408
2507
2409
2508
2410
2509
2411
2510
2412
2511
2413
2512
2414
2513
2415
2514
2416
2515
2417
2516
2418
2517
2419
2518
2420
2519
2421
2520
2422
2521
2423
2522
2424
2523
2425
2524
2426
2525
2427
2526
2428
2527
2429
2528
2430
2529
2431
2530
2432
2531
2433
2532
2434
2533
2435
2534
2436
2535
2437
2536
2438
2537
2439
2538
2440
2539
2441
2540
2442
2541
2443
2542
2444
2543
2445
2544
2446
2545
2447
2546
2448
2547
2449
2548
2450
2549
2451
2550
2452
2551
2453
2552
2454
2553
2455
2554
2456
2555
2457
2556
2458
2557
2459
2558
2460
2559
2461
2560
2462
2561
2463
2562
2464
2563
2465
2564
2466
2565
2467
2566
2468
2567
2469
2568
2470
2569
2471
2570
2472
2571
2473
2572
2474
2573
2475
2574
2476
2575
2477
2576
2478
2577
2479
2578
2480
2579
2481
2580
2482
2581
2483
2582
2484
2583
2485
2584
2486
2585
2487
2586
2488
2587
2489
2588
2490
2589
2491
2590
2492
2591
2493
2592
2494
2593
2495
2594
2496
2595
2497
2596
2498
2597
2499
2598
2599
2501
2600
2502
2601
2503
2602
2504
2603
2505
2604
2506
2605
2507
2606
2508
2607
2509
2608
2510
2609
2511
2610
2512
2611
2513
2612
2514
2613
2515
2614
2516
2615
2517
2616
2518
2617
2519
2618
2520
2619
2521
2620
2522
2621
2523
2622
2524
2623
2525
2624
2526
2625
2527
2626
2528
2627
2529
2628
2530
2629
2531
2630
2532
2631
2533
2632
2534
2633
2535
2634
2536
2635
2537
2636
2538
2637
2539
2638
2540
2639
2541
2640
2542
2641
2543
2642
2544
2643
2545
2644
2546
2645
2547
2646
2548
2647
2549
2648
2550
2649
2551
2650
2552
2651
2553
2652
2554
2653
2555
2654
2556
2655
2557
2656
2558
2657
2559
2658
2560
2659
2561
2660
2562
2661
2563
2662
2564
2663
2565
2664
2566
2665
2567
2666
2568
2667
2569
2668
2570
2669
2571
2670
2572
2671
2573
2672
2574
2673
2575
2674
2576
2675
2577
2676
2578
2677
2579
2678
2580
2679
2581
2680
2582
2681
2583
2682
2584
2683
2585
2684
2586
2685
2587
2686
2588
2687
2589
2688
2590
2689
2591
2690
2592
2691
2593
2692
2594
2693
2595
2694
2596
2695
2597
2696
2598
2697
2599
2698
2699
2601
2700
2602
2701
2603
2702
2604
2703
2605
2704
2606
2705
2607
2706
2608
2707
2609
2708
2610
2709
2611
2710
2612
2711
2613
2712
2614
2713
2615
2714
2616
2715
2617
2716
2618
2717
2619
2718
2620
2719
2621
2720
2622
2721
2623
2722
2624
2723
2625
2724
2626
2725
2627
2726
2628
2727
2629
2728
2630
2729
2631
2730
2632
2731
2633
2732
2634
2733
2635
2734
2636
2735
2637
2736
2638
2737
2639
2738
2640
2739
2641
2740
2642
2741
2643
2742
2644
2743
2645
2744
2646
2745
2647
2746
2648
2747
2649
2748
2650
2749
2651
2750
2652
2751
2653
2752
2654
2753
2655
2754
2656
2755
2657
2756
2658
2757
2659
2758
2660
2759
2661
2760
2662
2761
2663
2762
2664
2763
2665
2764
2666
2765
2667
2766
2668
2767
2669
2768
2670
2769
2671
2770
2672
2771
2673
2772
2674
2773
2675
2774
2676
2775
2677
2776
2678
2777
2679
2778
2680
2779
2681
2780
2682
2781
2683
2782
2684
2783
2685
2784
2686
2785
2687
2786
2688
2787
2689
2788
2690
2789
2691
2790
2692
2791
2693
2792
2694
2793
2695
2794
2696
2795
2697
2796
2698
2797
2699
2798
2799
2701
2800
2702
2801
2703
2802
2704
2803
2705
2804
2706
2805
2707
2806
2708
2807
2709
2808
2710
2809
2711
2810
2712
2811
2713
2812
2714
2813
2715
2814
2716
2815
2717
2816
2718
2817
2719
2818
2720
2819
2721
2820
2722
2821
2723
2822
2724
2823
2725
2824
2726
2825
2727
2826
2728
2827
2729
2828
2730
2829
2731
2830
2732
2831
2733
2832
2734
2833
2735
2834
2736
2835
2737
2836
2738
2837
2739
2838
2740
2839
2741
2840
2742
2841
2743
2842
2744
2843
2745
2844
2746
2845
2747
2846
2748
2847
2749
2848
2750
2849
2751
2850
2752
2851
2753
2852
2754
2853
2755
2854
2756
2855
2757
2856
2758
2857
2759
2858
2760
2859
2761
2860
2762
2861
2763
2862
2764
2863
2765
2864
2766
2865
2767
2866
2768
2867
2769
2868
2770
2869
2771
2870
2772
2871
2773
2872
2774
2873
2775
2874
2776
2875
2777
2876
2778
2877
2779
2878
2780
2879
2781
2880
2782
2881
2783
2882
2784
2883
2785
2884
2786
2885
2787
2886
2788
2887
2789
2888
2790
2889
2791
2890
2792
2891
2793
2892
2794
2893
2795
2894
2796
2895
2797
2896
2798
2897
2799
2898
2899
2801
2900
2802
2901
2803
2902
2804
2903
2805
2904
2806
2905
2807
2906
2808
2907
2809
2908
2810
2909
2811
2910
2812
2911
2813
2912
2814
2913
2815
2914
2816
2915
2817
2916
2818
2917
2819
2918
2820
2919
2821
2920
2822
2921
2823
2922
2824
2923
2825
2924
2826
2925
2827
2926
2828
2927
2829
2928
2830
2929
2831
2930
2832
2931
2833
2932
2834
2933
2835
2934
2836
2935
2837
2936
2838
2937
2839
2938
2840
2939
2841
2940
2842
2941
2843
2942
2844
2943
2845
2944
2846
2945
2847
2946
2848
2947
2849
2948
2850
2949
2851
2950
2852
2951
2853
2952
2854
2953
2855
2954
2856
2955
2857
2956
2858
2957
2859
2958
2860
2959
2861
2960
2862
2961
2863
2962
2864
2963
2865
2964
2866
2965
2867
2966
2868
2967
2869
2968
2870
2969
2871
2970
2872
2971
2873
2972
2874
2973
2875
2974
2876
2975
2877
2976
2878
2977
2879
2978
2880
2979
2881
2980
2882
2981
2883
2982
2884
2983
2885
2984
2886
2985
2887
2986
2888
2987
2889
2988
2890
2989
2891
2990
2892
2991
2893
2992
2894
2993
2895
2994
2896
2995
2897
2996
2898
2997
2899
2998
2999
2901
3000
2902
3001
2903
3002
2904
3003
2905
3004
2906
3005
2907
3006
2908
3007
2909
3008
2910
3009
2911
3010
2912
3011
2913
3012
2914
3013
2915
3014
2916
3015
2917
3016
2918
3017
2919
3018
2920
3019
2921
3020
2922
3021
2923
3022
2924
3023
2925
3024
2926
3025
2927
3026
2928
3027
2929
3028
2930
3029
2931
3030
2932
3031
2933
3032
2934
3033
2935
3034
2936
3035
2937
3036
2938
3037
2939
3038
2940
3039
2941
3040
2942
3041
2943
3042
2944
3043
2945
3044
2946
3045
2947
3046
2948
3047
2949
3048
2950
3049
2951
3050
2952
3051
2953
3052
2954
3053
2955
3054
2956
3055
2957
3056
2958
3057
2959
3058
2960
3059
2961
3060
2962
3061
2963
3062
2964
3063
2965
3064
2966
3065
2967
3066
2968
3067
2969
3068
2970
3069
2971
3070
2972
3071
2973
3072
2974
3073
2975
3074
2976
3075
2977
3076
2978
3077
2979
3078
2980
3079
2981
3080
2982
3081
2983
3082
2984
3083
2985
3084
2986
3085
2987
3086
2988
3087
2989
3088
2990
3089
2991
3090
2992
3091
2993
3092
2994
3093
2995
3094
2996
3095
2997
3096
2998
3097
2999
3098
3099
3001
3100
3002
3101
3003
3102
3004
3103
3005
3104
3006
3105
3007
3106
3008
3107
3009
3108
3010
3109
3011
3110
3012
3111
3013
3112
3014
3113
3015
3114
3016
3115
3017
3116
3018
3117
3019
3118
3020
3119
3021
3120
3022
3121
3023
3122
3024
3123
3025
3124
3026
3125
3027
3126
3028
3127
3029
3128
3030
3129
3031
3130
3032
3131
3033
3132
3034
3133
3035
3134
3036
3135
3037
3136
3038
3137
3039
3138
3040
3139
3041
3140
3042
3141
3043
3142
3044
3143
3045
3144
3046
3145
3047
3146
3048
3147
3049
3148
3050
3149
3051
3150
3052
3151
3053
3152
3054
3153
3055
3154
3056
3155
3057
3156
3058
3157
3059
3158
3060
3159
3061
3160
3062
3161
3063
3162
3064
3163
3065
3164
3066
3165
3067
3166
3068
3167
3069
3168
3070
3169
3071
3170
3072
3171
3073
3172
3074
3173
3075
3174
3076
3175
3077
3176
3078
3177
3079
3178
3080
3179
3081
3180
3082
3181
3083
3182
3084
3183
3085
3184
3086
3185
3087
3186
3088
3187
3089
3188
3090
3189
3091
3190
3092
3191
3093
3192
3094
3193
3095
3194
3096
3195
3097
3196
3098
3197
3099
3198
3199
3101
3200
3102
3201
3103
3202
3104
3203
3105
3204
3106
3205
3107
3206
3108
3207
3109
3208
3110
3209
3111
3210
3112
3211
3113
3212
3114
3213
3115
3214
3116
3215
3117
3216
3118
3217
3119
3218
3120
3219
3121
3220
3122
3221
3123
3222
3124
3223
3125
3224
3126
3225
3127
3226
3128
3227
3129
3228
3130
3229
3131
3230
3132
3231
3133
3232
3134
3233
3135
3234
3136
3235
3137
3236
3138
3237
3139
3238
3140
3239
3141
3240
3142
3241
3143
3242
3144
3243
3145
3244
3146
3245
3147
3246
3148
3247
3149
3248
3150
3249
3151
3250
3152
3251
3153
3252
3154
3253
3155
3254
3156
3255
3157
3256
3158
3257
3159
3258
3160
3259
3161
3260
3162
3261
3163
3262
3164
3263
3165
3264
3166
3265
3167
3266
3168
3267
3169
3268
3170
3269
3171
3270
3172
3271
3173
3272
3174
3273
3175
3274
3176
3275
3177
3276
3178
3277
3179
3278
3180
3279
3181
3280
3182
3281
3183
3282
3184
3283
3185
3284
3186
3285
3187
3286
3188
3287
3189
3288
3190
3289
3191
3290
3192
3291
3193
3292
3194
3293
3195
3294
3196
3295
3197
3296
3198
3297
3199
3298
3299
3201
3300
3202
3301
3203
3302
3204
3303
3205
3304
3206
3305
3207
3306
3208
3307
3209
3308
3210
3309
3211
3310
3212
3311
3213
3312
3214
3313
3215
3314
3216
3315
3217
3316
3218
3317
3219
3318
3220
3319
3221
3320
3222
3321
3223
3322
3224
3323
3225
3324
3226
3325
3227
3326
3228
3327
3229
3328
3230
3329
3231
3330
3232
3331
3233
3332
3234
3333
3235
3334
3236
3335
3237
3336
3238
3337
3239
3338
3240
3339
3241
3340
3242
3341
3243
3342
3244
3343
3245
3344
3246
3345
3247
3346
3248
3347
3249
3348
3250
3349
3251
3350
3252
3351
3253
3352
3254
3353
3255
3354
3256
3355
3257
3356
3258
3357
3259
3358
3260
3359
3261
3360
3262
3361
3263
3362
3264
3363
3265
3364
3266
3365
3267
3366
3268
3367
3269
3368
3270
3369
3271
3370
3272
3371
3273
3372
3274
3373
3275
3374
3276
3375
3277
3376
3278
3377
3279
3378
3280
3379
3281
3380
3282
3381
3283
3382
3284
3383
3285
3384
3286
3385
3287
3386
3288
3387
3289
3388
3290
3389
3291
3390
3292
3391
3293
3392
3294
3393
3295
3394
3296
3395
3297
3396
3298
3397
3299
3398
3399
3301
3400
3302
3401
3303
3402
3304
3403
3305
3404
3306
3405
3307
3406
3308
3407
3309
3408
3310
3409
3311
3410
3312
3411
3313
3412
3314
3413
3315
3414
3316
3415
3317
3416
3318
3417
3319
3418
3320
3419
3321
3420
3322
3421
3323
3422
3324
3423
3325
3424
3326
3425
3327
3426
3328
3427
3329
3428
3330
3429
3331
3430
3332
3431
3333
3432
3334
3433
3335
3434
3336
3435
3337
3436
3338
3437
3339
3438
3340
3439
3341
3440
3342
3441
3343
3442
3344
3443
3345
3444
3346
3445
3347
3446
3348
3447
3349
3448
3350
3449
3351
3450
3352
3451
3353
3452
3354
3453
3355
3454
3356
3455
3357
3456
3358
3457
3359
3458
3360
3459
3361
3460
3362
3461
3363
3462
3364
3463
3365
3464
3366
3465
3367
3466
3368
3467
3369
3468
3370
3469
3371
3470
3372
3471
3373
3472
3374
3473
3375
3474
3376
3475
3377
3476
3378
3477
3379
3478
3380
3479
3381
3480
3382
3481
3383
3482
3384
3483
3385
3484
3386
3485
3387
3486
3388
3487
3389
3488
3390
3489
3391
3490
3392
3491
3393
3492
3394
3493
3395
3494
3396
3495
3397
3496
3398
3497
3399
3498
3499
3401
3500
3402
3501
3403
3502
3404
3503
3405
3504
3406
3505
3407
3506
3408
3507
3409
3508
3410
3509
3411
3510
3412
3511
3413
3512
3414
3513
3415
3514
3416
3515
3417
3516
3418
3517
3419
3518
3420
3519
3421
3520
3422
3521
3423
3522
3424
3523
3425
3524
3426
3525
3427
3526
3428
3527
3429
3528
3430
3529
3431
3530
3432
3531
3433
3532
3434
3533
3435
3534
3436
3535
3437
3536
3438
3537
3439
3538
3440
3539
3441
3540
3442
3541
3443
3542
3444
3543
3445
3544
3446
3545
3447
3546
3448
3547
3449
3548
3450
3549
3451
3550
3452
3551
3453
3552
3454
3553
3455
3554
3456
3555
3457
3556
3458
3557
3459
3558
3460
3559
3461
3560
3462
3561
3463
3562
3464
3563
3465
3564
3466
3565
3467
3566
3468
3567
3469
3568
3470
3569
3471
3570
3472
3571
3473
3572
3474
3573
3475
3574
3476
3575
3477
3576
3478
3577
3479
3578
3480
3579
3481
3580
3482
3581
3483
3582
3484
3583
3485
3584
3486
3585
3487
3586
3488
3587
3489
3588
3490
3589
3491
3590
3492
3591
3493
3592
3494
3593
3495
3594
3496
3595
3497
3596
3498
3597
3499
3598
3599
3501
3600
3502
3601
3503
3602
3504
3603
3505
3604
3506
3605
3507
3606
3508
3607
3509
3608
3510
3609
3511
3610
3512
3611
3513
3612
3514
3613
3515
3614
3516
3615
3517
3616
3518
3617
3519
3618
3520
3619
3521
3620
3522
3621
3523
3622
3524
3623
3525
3624
3526
3625
3527
3626
3528
3627
3529
3628
3530
3629
3531
3630
3532
3631
3533
3632
3534
3633
3535
3634
3536
3635
3537
3636
3538
3637
3539
3638
3540
3639
3541
3640
3542
3641
3543
3642
3544
3643
3545
3644
3546
3645
3547
3646
3548
3647
3549
3648
3550
3649
3551
3650
3552
3651
3553
3652
3554
3653
3555
3654
3556
3655
3557
3656
3558
3657
3559
3658
3560
3659
3561
3660
3562
3661
3563
3662
3564
3663
3565
3664
3566
3665
3567
3666
3568
3667
3569
3668
3570
3669
3571
3670
3572
3671
3573
3672
3574
3673
3575
3674
3576
3675
3577
3676
3578
3677
3579
3678
3580
3679
3581
3680
3582
3681
3583
3682
3584
3683
3585
3684
3586
3685
3587
3686
3588
3687
3589
3688
3590
3689
3591
3690
3592
3691
3593
3692
3594
3693
3595
3694
3596
3695
3597
3696
3598
3697
3599
3698
3699
3601
3700
3602
3701
3603
3702
3604
3703
3605
3704
3606
3705
3607
3706
3608
3707
3609
3708
3610
3709
3611
3710
3612
3711
3613
3712
3614
3713
3615
3714
3616
3715
3617
3716
3618
3717
3619
3718
3620
3719
3621
3720
3622
3721
3623
3722
3624
3723
3625
3724
3626
3725
3627
3726
3628
3727
3629
3728
3630
3729
3631
3730
3632
3731
3633
3732
3634
3733
3635
3734
3636
3735
3637
3736
3638
3737
3639
3738
3640
3739
3641
3740
3642
3741
3643
3742
3644
3743
3645
3744
3646
3745
3647
3746
3648
3747
3649
3748
3650
3749
3651
3750
3652
3751
3653
3752
3654
3753
3655
3754
3656
3755
3657
3756
3658
3757
3659
3758
3660
3759
3661
3760
3662
3761
3663
3762
3664
3763
3665
3764
3666
3765
3667
3766
3668
3767
3669
3768
3670
3769
3671
3770
3672
3771
3673
3772
3674
3773
3675
3774
3676
3775
3677
3776
3678
3777
3679
3778
3680
3779
3681
3780
3682
3781
3683
3782
3684
3783
3685
3784
3686
3785
3687
3786
3688
3787
3689
3788
3690
3789
3691
3790
3692
3791
3693
3792
3694
3793
3695
3794
3696
3795
3697
3796
3698
3797
3699
3798
3799
3701
3800
3702
3801
3703
3802
3704
3803
3705
3804
3706
3805
3707
3806
3708
3807
3709
3808
3710
3809
3711
3810
3712
3811
3713
3812
3714
3813
3715
3814
3716
3815
3717
3816
3718
3817
3719
3818
3720
3819
3721
3820
3722
3821
3723
3822
3724
3823
3725
3824
3726
3825
3727
3826
3728
3827
3729
3828
3730
3829
3731
3830
3732
3831
3733
3832
3734
3833
3735
3834
3736
3835
3737
3836
3738
3837
3739
3838
3740
3839
3741
3840
3742
3841
3743
3842
3744
3843
3745
3844
3746
3845
3747
3846
3748
3847
3749
3848
3750
3849
3751
3850
3752
3851
3753
3852
3754
3853
3755
3854
3756
3855
3757
3856
3758
3857
3759
3858
3760
3859
3761
3860
3762
3861
3763
3862
3764
3863
3765
3864
3766
3865
3767
3866
3768
3867
3769
3868
3770
3869
3771
3870
3772
3871
3773
3872
3774
3873
3775
3874
3776
3875
3777
3876
3778
3877
3779
3878
3780
3879
3781
3880
3782
3881
3783
3882
3784
3883
3785
3884
3786
3885
3787
3886
3788
3887
3789
3888
3790
3889
3791
3890
3792
3891
3793
3892
3794
3893
3795
3894
3796
3895
3797
3896
3798
3897
3799
3898
3899
3801
3900
3802
3901
3803
3902
3804
3903
3805
3904
3806
3905
3807
3906
3808
3907
3809
3908
3810
3909
3811
3910
3812
3911
3813
3912
3814
3913
3815
3914
3816
3915
3817
3916
3818
3917
3819
3918
3820
3919
3821
3920
3822
3921
3823
3922
3824
3923
3825
3924
3826
3925
3827
3926
3828
3927
3829
3928
3830
3929
3831
3930
3832
3931
3833
3932
3834
3933
3835
3934
3836
3935
3837
3936
3838
3937
3839
3938
3840
3939
3841
3940
3842
3941
3843
3942
3844
3943
3845
3944
3846
3945
3847
3946
3848
3947
3849
3948
3850
3949
3851
3950
3852
3951
3853
3952
3854
3953
3855
3954
3856
3955
3857
3956
3858
3957
3859
3958
3860
3959
3861
3960
3862
3961
3863
3962
3864
3963
3865
3964
3866
3965
3867
3966
3868
3967
3869
3968
3870
3969
3871
3970
3872
3971
3873
3972
3874
3973
3875
3974
3876
3975
3877
3976
3878
3977
3879
3978
3880
3979
3881
3980
3882
3981
3883
3982
3884
3983
3885
3984
3886
3985
3887
3986
3888
3987
3889
3988
3890
3989
3891
3990
3892
3991
3893
3992
3894
3993
3895
3994
3896
3995
3897
3996
3898
3997
3899
3998
3999
3901
4000
3902
4001
3903
4002
3904
4003
3905
4004
3906
4005
3907
4006
3908
4007
3909
4008
3910
4009
3911
4010
3912
4011
3913
4012
3914
4013
3915
4014
3916
4015
3917
4016
3918
4017
3919
4018
3920
4019
3921
4020
3922
4021
3923
4022
3924
4023
3925
4024
3926
4025
3927
4026
3928
4027
3929
4028
3930
4029
3931
4030
3932
4031
3933
4032
3934
4033
3935
4034
3936
4035
3937
4036
3938
4037
3939
4038
3940
4039
3941
4040
3942
4041
3943
4042
3944
4043
3945
4044
3946
4045
3947
4046
3948
4047
3949
4048
3950
4049
3951
4050
3952
4051
3953
4052
3954
4053
3955
4054
3956
4055
3957
4056
3958
4057
3959
4058
3960
4059
3961
4060
3962
4061
3963
4062
3964
4063
3965
4064
3966
4065
3967
4066
3968
4067
3969
4068
3970
4069
3971
4070
3972
4071
3973
4072
3974
4073
3975
4074
3976
4075
3977
4076
3978
4077
3979
4078
3980
4079
3981
4080
3982
4081
3983
4082
3984
4083
3985
4084
3986
4085
3987
4086
3988
4087
3989
4088
3990
4089
3991
4090
3992
4091
3993
4092
3994
4093
3995
4094
3996
4095
3997
4096
3998
4097
3999
4098
4099
4001
4100
4002
4101
4003
4102
4004
4103
4005
4104
4006
4105
4007
4106
4008
4107
4009
4108
4010
4109
4011
4110
4012
4111
4013
4112
4014
4113
4015
4114
4016
4115
4017
4116
4018
4117
4019
4118
4020
4119
4021
4120
4022
4121
4023
4122
4024
4123
4025
4124
4026
4125
4027
4126
4028
4127
4029
4128
4030
4129
4031
4130
4032
4131
4033
4132
4034
4133
4035
4134
4036
4135
4037
4136
4038
4137
4039
4138
4040
4139
4041
4140
4042
4141
4043
4142
4044
4143
4045
4144
4046
4145
4047
4146
4048
4147
4049
4148
4050
4149
4051
4150
4052
4151
4053
4152
4054
4153
4055
4154
4056
4155
4057
4156
4058
4157
4059
4158
4060
4159
4061
4160
4062
4161
4063
4162
4064
4163
4065
4164
4066
4165
4067
4166
4068
4167
4069
4168
4070
4169
4071
4170
4072
4171
4073
4172
4074
4173
4075
4174
4076
4175
4077
4176
4078
4177
4079
4178
4080
4179
4081
4180
4082
4181
4083
4182
4084
4183
4085
4184
4086
4185
4087
4186
4088
4187
4089
4188
4090
4189
4091
4190
4092
4191
4093
4192
4094
4193
4095
4194
4096
4195
4097
4196
4098
4197
4099
4198
4199
4101
4200
4102
4201
4103
4202
4104
4203
4105
4204
4106
4205
4107
4206
4108
4207
4109
4208
4110
4209
4111
4210
4112
4211
4113
4212
4114
4213
4115
4214
4116
4215
4117
4216
4118
4217
4119
4218
4120
4219
4121
4220
4122
4221
4123
4222
4124
4223
4125
4224
4126
4225
4127
4226
4128
4227
4129
4228
4130
4229
4131
4230
4132
4231
4133
4232
4134
4233
4135
4234
4136
4235
4137
4236
4138
4237
4139
4238
4140
4239
4141
4240
4142
4241
4143
4242
4144
4243
4145
4244
4146
4245
4147
4246
4148
4247
4149
4248
4150
4249
4151
4250
4152
4251
4153
4252
4154
4253
4155
4254
4156
4255
4157
4256
4158
4257
4159
4258
4160
4259
4161
4260
4162
4261
4163
4262
4164
4263
4165
4264
4166
4265
4167
4266
4168
4267
4169
4268
4170
4269
4171
4270
4172
4271
4173
4272
4174
4273
4175
4274
4176
4275
4177
4276
4178
4277
4179
4278
4180
4279
4181
4280
4182
4281
4183
4282
4184
4283
4185
4284
4186
4285
4187
4286
4188
4287
4189
4288
4190
4289
4191
4290
4192
4291
4193
4292
4194
4293
4195
4294
4196
4295
4197
4296
4198
4297
4199
4298
4299
4201
4300
4202
4301
4203
4302
4204
4303
4205
4304
4206
4305
4207
4306
4208
4307
4209
4308
4210
4309
4211
4310
4212
4311
4213
4312
4214
4313
4215
4314
4216
4315
4217
4316
4218
4317
4219
4318
4220
4319
4221
4320
4222
4321
4223
4322
4224
4323
4225
4324
4226
4325
4227
4326
4228
4327
4229
4328
4230
4329
4231
4330
4232
4331
4233
4332
4234
4333
4235
4334
4236
4335
4237
4336
4238
4337
4239
4338
4240
4339
4241
4340
4242
4341
4243
4342
4244
4343
4245
4344
4246
4345
4247
4346
4248
4347
4249
4348
4250
4349
4251
4350
4252
4351
4253
4352
4254
4353
4255
4354
4256
4355
4257
4356
4258
4357
4259
4358
4260
4359
4261
4360
4262
4361
4263
4362
4264
4363
4265
4364
4266
4365
4267
4366
4268
4367
4269
4368
4270
4369
4271
4370
4272
4371
4273
4372
4274
4373
4275
4374
4276
4375
4277
4376
4278
4377
4279
4378
4280
4379
4281
4380
4282
4381
4283
4382
4284
4383
4285
4384
4286
4385
4287
4386
4288
4387
4289
4388
4290
4389
4291
4390
4292
4391
4293
4392
4294
4393
4295
4394
4296
4395
4297
4396
4298
4397
4299
4398
4399
4301
4400
4302
4401
4303
4402
4304
4403
4305
4404
4306
4405
4307
4406
4308
4407
4309
4408
4310
4409
4311
4410
4312
4411
4313
4412
4314
4413
4315
4414
4316
4415
4317
4416
4318
4417
4319
4418
4320
4419
4321
4420
4322
4421
4323
4422
4324
4423
4325
4424
4326
4425
4327
4426
4328
4427
4329
4428
4330
4429
4331
4430
4332
4431
4333
4432
4334
4433
4335
4434
4336
4435
4337
4436
4338
4437
4339
4438
4340
4439
4341
4440
4342
4441
4343
4442
4344
4443
4345
4444
4346
4445
4347
4446
4348
4447
4349
4448
4350
4449
4351
4450
4352
4451
4353
4452
4354
4453
4355
4454
4356
4455
4357
4456
4358
4457
4359
4458
4360
4459
4361
4460
4362
4461
4363
4462
4364
4463
4365
4464
4366
4465
4367
4466
4368
4467
4369
4468
4370
4469
4371
4470
4372
4471
4373
4472
4374
4473
4375
4474
4376
4475
4377
4476
4378
4477
4379
4478
4380
4479
4381
4480
4382
4481
4383
4482
4384
4483
4385
4484
4386
4485
4387
4486
4388
4487
4389
4488
4390
4489
4391
4490
4392
4491
4393
4492
4394
4493
4395
4494
4396
4495
4397
4496
4398
4497
4399
4498
4499
4401
4500
4402
4501
4403
4502
4404
4503
4405
4504
4406
4505
4407
4506
4408
4507
4409
4508
4410
4509
4411
4510
4412
4511
4413
4512
4414
4513
4415
4514
4416
4515
4417
4516
4418
4517
4419
4518
4420
4519
4421
4520
4422
4521
4423
4522
4424
4523
4425
4524
4426
4525
4427
4526
4428
4527
4429
4528
4430
4529
4431
4530
4432
4531
4433
4532
4434
4533
4435
4534
4436
4535
4437
4536
4438
4537
4439
4538
4440
4539
4441
4540
4442
4541
4443
4542
4444
4543
4445
4544
4446
4545
4447
4546
4448
4547
4449
4548
4450
4549
4451
4550
4452
4551
4453
4552
4454
4553
4455
4554
4456
4555
4457
4556
4458
4557
4459
4558
4460
4559
4461
4560
4462
4561
4463
4562
4464
4563
4465
4564
4466
4565
4467
4566
4468
4567
4469
4568
4470
4569
4471
4570
4472
4571
4473
4572
4474
4573
4475
4574
4476
4575
4477
4576
4478
4577
4479
4578
4480
4579
4481
4580
4482
4581
4483
4582
4484
4583
4485
4584
4486
4585
4487
4586
4488
4587
4489
4588
4490
4589
4491
4590
4492
4591
4493
4592
4494
4593
4495
4594
4496
4595
4497
4596
4498
4597
4499
4598
4599
4501
4600
4502
4601
4503
4602
4504
4603
4505
4604
4506
4605
4507
4606
4508
4607
4509
4608
4510
4609
4511
4610
4512
4611
4513
4612
4514
4613
4515
4614
4516
4615
4517
4616
4518
4617
4519
4618
4520
4619
4521
4620
4522
4621
4523
4622
4524
4623
4525
4624
4526
4625
4527
4626
4528
4627
4529
4628
4530
4629
4531
4630
4532
4631
4533
4632
4534
4633
4535
4634
4536
4635
4537
4636
4538
4637
4539
4638
4540
4639
4541
4640
4542
4641
4543
4642
4544
4643
4545
4644
4546
4645
4547
4646
4548
4647
4549
4648
4550
4649
4551
4650
4552
4651
4553
4652
4554
4653
4555
4654
4556
4655
4557
4656
4558
4657
4559
4658
4560
4659
4561
4660
4562
4661
4563
4662
4564
4663
4565
4664
4566
4665
4567
4666
4568
4667
4569
4668
4570
4669
4571
4670
4572
4671
4573
4672
4574
4673
4575
4674
4576
4675
4577
4676
4578
4677
4579
4678
4580
4679
4581
4680
4582
4681
4583
4682
4584
4683
4585
4684
4586
4685
4587
4686
4588
4687
4589
4688
4590
4689
4591
4690
4592
4691
4593
4692
4594
4693
4595
4694
4596
4695
4597
4696
4598
4697
4599
4698
4699
4601
4700
4602
4701
4603
4702
4604
4703
4605
4704
4606
4705
4607
4706
4608
4707
4609
4708
4610
4709
4611
4710
4612
4711
4613
4712
4614
4713
4615
4714
4616
4715
4617
4716
4618
4717
4619
4718
4620
4719
4621
4720
4622
4721
4623
4722
4624
4723
4625
4724
4626
4725
4627
4726
4628
4727
4629
4728
4630
4729
4631
4730
4632
4731
4633
4732
4634
4733
4635
4734
4636
4735
4637
4736
4638
4737
4639
4738
4640
4739
4641
4740
4642
4741
4643
4742
4644
4743
4645
4744
4646
4745
4647
4746
4648
4747
4649
4748
4650
4749
4651
4750
4652
4751
4653
4752
4654
4753
4655
4754
4656
4755
4657
4756
4658
4757
4659
4758
4660
4759
4661
4760
4662
4761
4663
4762
4664
4763
4665
4764
4666
4765
4667
4766
4668
4767
4669
4768
4670
4769
4671
4770
4672
4771
4673
4772
4674
4773
4675
4774
4676
4775
4677
4776
4678
4777
4679
4778
4680
4779
4681
4780
4682
4781
4683
4782
4684
4783
4685
4784
4686
4785
4687
4786
4688
4787
4689
4788
4690
4789
4691
4790
4692
4791
4693
4792
4694
4793
4695
4794
4696
4795
4697
4796
4698
4797
4699
4798
4799
4701
4800
4702
4801
4703
4802
4704
4803
4705
4804
4706
4805
4707
4806
4708
4807
4709
4808
4710
4809
4711
4810
4712
4811
4713
4812
4714
4813
4715
4814
4716
4815
4717
4816
4718
4817
4719
4818
4720
4819
4721
4820
4722
4821
4723
4822
4724
4823
4725
4824
4726
4825
4727
4826
4728
4827
4729
4828
4730
4829
4731
4830
4732
4831
4733
4832
4734
4833
4735
4834
4736
4835
4737
4836
4738
4837
4739
4838
4740
4839
4741
4840
4742
4841
4743
4842
4744
4843
4745
4844
4746
4845
4747
4846
4748
4847
4749
4848
4750
4849
4751
4850
4752
4851
4753
4852
4754
4853
4755
4854
4756
4855
4757
4856
4758
4857
4759
4858
4760
4859
4761
4860
4762
4861
4763
4862
4764
4863
4765
4864
4766
4865
4767
4866
4768
4867
4769
4868
4770
4869
4771
4870
4772
4871
4773
4872
4774
4873
4775
4874
4776
4875
4777
4876
4778
4877
4779
4878
4780
4879
4781
4880
4782
4881
4783
4882
4784
4883
4785
4884
4786
4885
4787
4886
4788
4887
4789
4888
4790
4889
4791
4890
4792
4891
4793
4892
4794
4893
4795
4894
4796
4895
4797
4896
4798
4897
4799
4898
4899
4801
4900
4802
4901
4803
4902
4804
4903
4805
4904
4806
4905
4807
4906
4808
4907
4809
4908
4810
4909
4811
4910
4812
4911
4813
4912
4814
4913
4815
4914
4816
4915
4817
4916
4818
4917
4819
4918
4820
4919
4821
4920
4822
4921
4823
4922
4824
4923
4825
4924
4826
4925
4827
4926
4828
4927
4829
4928
4830
4929
4831
4930
4832
4931
4833
4932
4834
4933
4835
4934
4836
4935
4837
4936
4838
4937
4839
4938
4840
4939
4841
4940
4842
4941
4843
4942
4844
4943
4845
4944
4846
4945
4847
4946
4848
4947
4849
4948
4850
4949
4851
4950
4852
4951
4853
4952
4854
4953
4855
4954
4856
4955
4857
4956
4858
4957
4859
4958
4860
4959
4861
4960
4862
4961
4863
4962
4864
4963
4865
4964
4866
4965
4867
4966
4868
4967
4869
4968
4870
4969
4871
4970
4872
4971
4873
4972
4874
4973
4875
4974
4876
4975
4877
4976
4878
4977
4879
4978
4880
4979
4881
4980
4882
4981
4883
4982
4884
4983
4885
4984
4886
4985
4887
4986
4888
4987
4889
4988
4890
4989
4891
4990
4892
4991
4893
4992
4894
4993
4895
4994
4896
4995
4897
4996
4898
4997
4899
4998
4999
4901
5000
4902
5001
4903
5002
4904
5003
4905
5004
4906
5005
4907
5006
4908
5007
4909
5008
4910
5009
4911
5010
4912
5011
4913
5012
4914
5013
4915
5014
4916
5015
4917
5016
4918
5017
4919
5018
4920
5019
4921
5020
4922
5021
4923
5022
4924
5023
4925
5024
4926
5025
4927
5026
4928
5027
4929
5028
4930
5029
4931
5030
4932
5031
4933
5032
4934
5033
4935
5034
4936
5035
4937
5036
4938
5037
4939
5038
4940
5039
4941
5040
4942
5041
4943
5042
4944
5043
4945
5044
4946
5045
4947
5046
4948
5047
4949
5048
4950
5049
4951
5050
4952
5051
4953
5052
4954
5053
4955
5054
4956
5055
4957
5056
4958
5057
4959
5058
4960
5059
4961
5060
4962
5061
4963
5062
4964
5063
4965
5064
4966
5065
4967
5066
4968
5067
4969
5068
4970
5069
4971
5070
4972
5071
4973
5072
4974
5073
4975
5074
4976
5075
4977
5076
4978
5077
4979
5078
4980
5079
4981
5080
4982
5081
4983
5082
4984
5083
4985
5084
4986
5085
4987
5086
4988
5087
4989
5088
4990
5089
4991
5090
4992
5091
4993
5092
4994
5093
4995
5094
4996
5095
4997
5096
4998
5097
4999
5098
5099
5001
5100
5002
5101
5003
5102
5004
5103
5005
5104
5006
5105
5007
5106
5008
5107
5009
5108
5010
5109
5011
5110
5012
5111
5013
5112
5014
5113
5015
5114
5016
5115
5017
5116
5018
5117
5019
5118
5020
5119
5021
5120
5022
5121
5023
5122
5024
5123
5025
5124
5026
5125
5027
5126
5028
5127
5029
5128
5030
5129
5031
5130
5032
5131
5033
5132
5034
5133
5035
5134
5036
5135
5037
5136
5038
5137
5039
5138
5040
5139
5041
5140
5042
5141
5043
5142
5044
5143
5045
5144
5046
5145
5047
5146
5048
5147
5049
5148
5050
5149
5051
5150
5052
5151
5053
5152
5054
5153
5055
5154
5056
5155
5057
5156
5058
5157
5059
5158
5060
5159
5061
5160
5062
5161
5063
5162
5064
5163
5065
5164
5066
5165
5067
5166
5068
5167
5069
5168
5070
5169
5071
5170
5072
5171
5073
5172
5074
5173
5075
5174
5076
5175
5077
5176
5078
5177
5079
5178
5080
5179
5081
5180
5082
5181
5083
5182
5084
5183
5085
5184
5086
5185
5087
5186
5088
5187
5089
5188
5090
5189
5091
5190
5092
5191
5093
5192
5094
5193
5095
5194
5096
5195
5097
5196
5098
5197
5099
5198
5199
5101
5200
5102
5201
5103
5202
5104
5203
5105
5204
5106
5205
5107
5206
5108
5207
5109
5208
5110
5209
5111
5210
5112
5211
5113
5212
5114
5213
5115
5214
5116
5215
5117
5216
5118
5217
5119
5218
5120
5219
5121
5220
5122
5221
5123
5222
5124
5223
5125
5224
5126
5225
5127
5226
5128
5227
5129
5228
5130
5229
5131
5230
5132
5231
5133
5232
5134
5233
5135
5234
5136
5235
5137
5236
5138
5237
5139
5238
5140
5239
5141
5240
5142
5241
5143
5242
5144
5243
5145
5244
5146
5245
5147
5246
5148
5247
5149
5248
5150
5249
5151
5250
5152
5251
5153
5252
5154
5253
5155
5254
5156
5255
5157
5256
5158
5257
5159
5258
5160
5259
5161
5260
5162
5261
5163
5262
5164
5263
5165
5264
5166
5265
5167
5266
5168
5267
5169
5268
5170
5269
5171
5270
5172
5271
5173
5272
5174
5273
5175
5274
5176
5275
5177
5276
5178
5277
5179
5278
5180
5279
5181
5280
5182
5281
5183
5282
5184
5283
5185
5284
5186
5285
5187
5286
5188
5287
5189
5288
5190
5289
5191
5290
5192
5291
5193
5292
5194
5293
5195
5294
5196
5295
5197
5296
5198
5297
5199
5298
5299
5201
5300
5202
5301
5203
5302
5204
5303
5205
5304
5206
5305
5207
5306
5208
5307
5209
5308
5210
5309
5211
5310
5212
5311
5213
5312
5214
5313
5215
5314
5216
5315
5217
5316
5218
5317
5219
5318
5220
5319
5221
5320
5222
5321
5223
5322
5224
5323
5225
5324
5226
5325
5227
5326
5228
5327
5229
5328
5230
5329
5231
5330
5232
5331
5233
5332
5234
5333
5235
5334
5236
5335
5237
5336
5238
5337
5239
5338
5240
5339
5241
5340
5242
5341
5243
5342
5244
5343
5245
5344
5246
5345
5247
5346
5248
5347
5249
5348
5250
5349
5251
5350
5252
5351
5253
5352
5254
5353
5255
5354
5256
5355
5257
5356
5258
5357
5259
5358
5260
5359
5261
5360
5262
5361
5263
5362
5264
5363
5265
5364
5266
5365
5267
5366
5268
5367
5269
5368
5270
5369
5271
5370
5272
5371
5273
5372
5274
5373
5275
5374
5276
5375
5277
5376
5278
5377
5279
5378
5280
5379
5281
5380
5282
5381
5283
5382
5284
5383
5285
5384
5286
5385
5287
5386
5288
5387
5289
5388
5290
5389
5291
5390
5292
5391
5293
5392
5294
5393
5295
5394
5296
5395
5297
5396
5298
5397
5299
5398
5399
5301
5400
5302
5401
5303
5402
5304
5403
5305
5404
5306
5405
5307
5406
5308
5407
5309
5408
5310
5409
5311
5410
5312
5411
5313
5412
5314
5413
5315
5414
5316
5415
5317
5416
5318
5417
5319
5418
5320
5419
5321
5420
5322
5421
5323
5422
5324
5423
5325
5424
5326
5425
5327
5426
5328
5427
5329
5428
5330
5429
5331
5430
5332
5431
5333
5432
5334
5433
5335
5434
5336
5435
5337
5436
5338
5437
5339
5438
5340
5439
5341
5440
5342
5441
5343
5442
5344
5443
5345
5444
5346
5445
5347
5446
5348
5447
5349
5448
5350
5449
5351
5450
5352
5451
5353
5452
5354
5453
5355
5454
5356
5455
5357
5456
5358
5457
5359
5458
5360
5459
5361
5460
5362
5461
5363
5462
5364
5463
5365
5464
5366
5465
5367
5466
5368
5467
5369
5468
5370
5469
5371
5470
5372
5471
5373
5472
5374
5473
5375
5474
5376
5475
5377
5476
5378
5477
5379
5478
5380
5479
5381
5480
5382
5481
5383
5482
5384
5483
5385
5484
5386
5485
5387
5486
5388
5487
5389
5488
5390
5489
5391
5490
5392
5491
5393
5492
5394
5493
5395
5494
5396
5495
5397
5496
5398
5497
5399
5498
5499
5401
5500
5402
5501
5403
5502
5404
5503
5405
5504
5406
5505
5407
5506
5408
5507
5409
5508
5410
5509
5411
5510
5412
5511
5413
5512
5414
5513
5415
5514
5416
5515
5417
5516
5418
5517
5419
5518
5420
5519
5421
5520
5422
5521
5423
5522
5424
5523
5425
5524
5426
5525
5427
5526
5428
5527
5429
5528
5430
5529
5431
5530
5432
5531
5433
5532
5434
5533
5435
5534
5436
5535
5437
5536
5438
5537
5439
5538
5440
5539
5441
5540
5442
5541
5443
5542
5444
5543
5445
5544
5446
5545
5447
5546
5448
5547
5449
5548
5450
5549
5451
5550
5452
5551
5453
5552
5454
5553
5455
5554
5456
5555
5457
5556
5458
5557
5459
5558
5460
5559
5461
5560
5462
5561
5463
5562
5464
5563
5465
5564
5466
5565
5467
5566
5468
5567
5469
5568
5470
5569
5471
5570
5472
5571
5473
5572
5474
5573
5475
5574
5476
5575
5477
5576
5478
5577
5479
5578
5480
5579
5481
5580
5482
5581
5483
5582
5484
5583
5485
5584
5486
5585
5487
5586
5488
5587
5489
5588
5490
5589
5491
5590
5492
5591
5493
5592
5494
5593
5495
5594
5496
5595
5497
5596
5498
5597
5499
5598
5599
5501
5600
5502
5601
5503
5602
5504
5603
5505
5604
5506
5605
5507
5606
5508
5607
5509
5608
5510
5609
5511
5610
5512
5611
5513
5612
5514
5613
5515
5614
5516
5615
5517
5616
5518
5617
5519
5618
5520
5619
5521
5620
5522
5621
5523
5622
5524
5623
5525
5624
5526
5625
5527
5626
5528
5627
5529
5628
5530
5629
5531
5630
5532
5631
5533
5632
5534
5633
5535
5634
5536
5635
5537
5636
5538
5637
5539
5638
5540
5639
5541
5640
5542
5641
5543
5642
5544
5643
5545
5644
5546
5645
5547
5646
5548
5647
5549
5648
5550
5649
5551
5650
5552
5651
5553
5652
5554
5653
5555
5654
5556
5655
5557
5656
5558
5657
5559
5658
5560
5659
5561
5660
5562
5661
5563
5662
5564
5663
5565
5664
5566
5665
5567
5666
5568
5667
5569
5668
5570
5669
5571
5670
5572
5671
5573
5672
5574
5673
5575
5674
5576
5675
5577
5676
5578
5677
5579
5678
5580
5679
5581
5680
5582
5681
5583
5682
5584
5683
5585
5684
5586
5685
5587
5686
5588
5687
5589
5688
5590
5689
5591
5690
5592
5691
5593
5692
5594
5693
5595
5694
5596
5695
5597
5696
5598
5697
5599
5698
5699
5601
5700
5602
5701
5603
5702
5604
5703
5605
5704
5606
5705
5607
5706
5608
5707
5609
5708
5610
5709
5611
5710
5612
5711
5613
5712
5614
5713
5615
5714
5616
5715
5617
5716
5618
5717
5619
5718
5620
5719
5621
5720
5622
5721
5623
5722
5624
5723
5625
5724
5626
5725
5627
5726
5628
5727
5629
5728
5630
5729
5631
5730
5632
5731
5633
5732
5634
5733
5635
5734
5636
5735
5637
5736
5638
5737
5639
5738
5640
5739
5641
5740
5642
5741
5643
5742
5644
5743
5645
5744
5646
5745
5647
5746
5648
5747
5649
5748
5650
5749
5651
5750
5652
5751
5653
5752
5654
5753
5655
5754
5656
5755
5657
5756
5658
5757
5659
5758
5660
5759
5661
5760
5662
5761
5663
5762
5664
5763
5665
5764
5666
5765
5667
5766
5668
5767
5669
5768
5670
5769
5671
5770
5672
5771
5673
5772
5674
5773
5675
5774
5676
5775
5677
5776
5678
5777
5679
5778
5680
5779
5681
5780
5682
5781
5683
5782
5684
5783
5685
5784
5686
5785
5687
5786
5688
5787
5689
5788
5690
5789
5691
5790
5692
5791
5693
5792
5694
5793
5695
5794
5696
5795
5697
5796
5698
5797
5699
5798
5799
5701
5800
5702
5801
5703
5802
5704
5803
5705
5804
5706
5805
5707
5806
5708
5807
5709
5808
5710
5809
5711
5810
5712
5811
5713
5812
5714
5813
5715
5814
5716
5815
5717
5816
5718
5817
5719
5818
5720
5819
5721
5820
5722
5821
5723
5822
5724
5823
5725
5824
5726
5825
5727
5826
5728
5827
5729
5828
5730
5829
5731
5830
5732
5831
5733
5832
5734
5833
5735
5834
5736
5835
5737
5836
5738
5837
5739
5838
5740
5839
5741
5840
5742
5841
5743
5842
5744
5843
5745
5844
5746
5845
5747
5846
5748
5847
5749
5848
5750
5849
5751
5850
5752
5851
5753
5852
5754
5853
5755
5854
5756
5855
5757
5856
5758
5857
5759
5858
5760
5859
5761
5860
5762
5861
5763
5862
5764
5863
5765
5864
5766
5865
5767
5866
5768
5867
5769
5868
5770
5869
5771
5870
5772
5871
5773
5872
5774
5873
5775
5874
5776
5875
5777
5876
5778
5877
5779
5878
5780
5879
5781
5880
5782
5881
5783
5882
5784
5883
5785
5884
5786
5885
5787
5886
5788
5887
5789
5888
5790
5889
5791
5890
5792
5891
5793
5892
5794
5893
5795
5894
5796
5895
5797
5896
5798
5897
5799
5898
5899
5801
5900
5802
5901
5803
5902
5804
5903
5805
5904
5806
5905
5807
5906
5808
5907
5809
5908
5810
5909
5811
5910
5812
5911
5813
5912
5814
5913
5815
5914
5816
5915
5817
5916
5818
5917
5819
5918
5820
5919
5821
5920
5822
5921
5823
5922
5824
5923
5825
5924
5826
5925
5827
5926
5828
5927
5829
5928
5830
5929
5831
5930
5832
5931
5833
5932
5834
5933
5835
5934
5836
5935
5837
5936
5838
5937
5839
5938
5840
5939
5841
5940
5842
5941
5843
5942
5844
5943
5845
5944
5846
5945
5847
5946
5848
5947
5849
5948
5850
5949
5851
5950
5852
5951
5853
5952
5854
5953
5855
5954
5856
5955
5857
5956
5858
5957
5859
5958
5860
5959
5861
5960
5862
5961
5863
5962
5864
5963
5865
5964
5866
5965
5867
5966
5868
5967
5869
5968
5870
5969
5871
5970
5872
5971
5873
5972
5874
5973
5875
5974
5876
5975
5877
5976
5878
5977
5879
5978
5880
5979
5881
5980
5882
5981
5883
5982
5884
5983
5885
5984
5886
5985
5887
5986
5888
5987
5889
5988
5890
5989
5891
5990
5892
5991
5893
5992
5894
5993
5895
5994
5896
5995
5897
5996
5898
5997
5899
5998
5999
5901
5902
5903
5904
5905
5906
5907
5908
5909
5910
5911
5912
5913
5914
5915
5916
5917
5918
5919
5920
5921
5922
5923
5924
5925
5926
5927
5928
5929
5930
5931
5932
5933
5934
5935
5936
5937
5938
5939
5940
5941
5942
5943
5944
5945
5946
5947
5948
5949
5950
5951
5952
5953
5954
5955
5956
5957
5958
5959
5960
5961
5962
5963
5964
5965
5966
5967
5968
5969
5970
5971
5972
5973
5974
5975
5976
5977
5978
5979
5980
5981
5982
5983
5984
5985
5986
5987
5988
5989
5990
5991
5992
5993
5994
5995
5996
5997
5998
5999
6001
6100
6002
6101
6003
6102
6004
6103
6005
6104
6006
6105
6007
6106
6008
6107
6009
6108
6010
6109
6011
6110
6012
6111
6013
6112
6014
6113
6015
6114
6016
6115
6017
6116
6018
6117
6019
6118
6020
6119
6021
6120
6022
6121
6023
6122
6024
6123
6025
6124
6026
6125
6027
6126
6028
6127
6029
6128
6030
6129
6031
6130
6032
6131
6033
6132
6034
6133
6035
6134
6036
6135
6037
6136
6038
6137
6039
6138
6040
6139
6041
6140
6042
6141
6043
6142
6044
6143
6045
6144
6046
6145
6047
6146
6048
6147
6049
6148
6050
6149
6051
6150
6052
6151
6053
6152
6054
6153
6055
6154
6056
6155
6057
6156
6058
6157
6059
6158
6060
6159
6061
6160
6062
6161
6063
6162
6064
6163
6065
6164
6066
6165
6067
6166
6068
6167
6069
6168
6070
6169
6071
6170
6072
6171
6073
6172
6074
6173
6075
6174
6076
6175
6077
6176
6078
6177
6079
6178
6080
6179
6081
6180
6082
6181
6083
6182
6084
6183
6085
6184
6086
6185
6087
6186
6088
6187
6089
6188
6090
6189
6091
6190
6092
6191
6093
6192
6094
6193
6095
6194
6096
6195
6097
6196
6098
6197
6099
6198
6199
6101
6200
6102
6201
6103
6202
6104
6203
6105
6204
6106
6205
6107
6206
6108
6207
6109
6208
6110
6209
6111
6210
6112
6211
6113
6212
6114
6213
6115
6214
6116
6215
6117
6216
6118
6217
6119
6218
6120
6219
6121
6220
6122
6221
6123
6222
6124
6223
6125
6224
6126
6225
6127
6226
6128
6227
6129
6228
6130
6229
6131
6230
6132
6231
6133
6232
6134
6233
6135
6234
6136
6235
6137
6236
6138
6237
6139
6238
6140
6239
6141
6240
6142
6241
6143
6242
6144
6243
6145
6244
6146
6245
6147
6246
6148
6247
6149
6248
6150
6249
6151
6250
6152
6251
6153
6252
6154
6253
6155
6254
6156
6255
6157
6256
6158
6257
6159
6258
6160
6259
6161
6260
6162
6261
6163
6262
6164
6263
6165
6264
6166
6265
6167
6266
6168
6267
6169
6268
6170
6269
6171
6270
6172
6271
6173
6272
6174
6273
6175
6274
6176
6275
6177
6276
6178
6277
6179
6278
6180
6279
6181
6280
6182
6281
6183
6282
6184
6283
6185
6284
6186
6285
6187
6286
6188
6287
6189
6288
6190
6289
6191
6290
6192
6291
6193
6292
6194
6293
6195
6294
6196
6295
6197
6296
6198
6297
6199
6298
6299
6201
6300
6202
6301
6203
6302
6204
6303
6205
6304
6206
6305
6207
6306
6208
6307
6209
6308
6210
6309
6211
6310
6212
6311
6213
6312
6214
6313
6215
6314
6216
6315
6217
6316
6218
6317
6219
6318
6220
6319
6221
6320
6222
6321
6223
6322
6224
6323
6225
6324
6226
6325
6227
6326
6228
6327
6229
6328
6230
6329
6231
6330
6232
6331
6233
6332
6234
6333
6235
6334
6236
6335
6237
6336
6238
6337
6239
6338
6240
6339
6241
6340
6242
6341
6243
6342
6244
6343
6245
6344
6246
6345
6247
6346
6248
6347
6249
6348
6250
6349
6251
6350
6252
6351
6253
6352
6254
6353
6255
6354
6256
6355
6257
6356
6258
6357
6259
6358
6260
6359
6261
6360
6262
6361
6263
6362
6264
6363
6265
6364
6266
6365
6267
6366
6268
6367
6269
6368
6270
6369
6271
6370
6272
6371
6273
6372
6274
6373
6275
6374
6276
6375
6277
6376
6278
6377
6279
6378
6280
6379
6281
6380
6282
6381
6283
6382
6284
6383
6285
6384
6286
6385
6287
6386
6288
6387
6289
6388
6290
6389
6291
6390
6292
6391
6293
6392
6294
6393
6295
6394
6296
6395
6297
6396
6298
6397
6299
6398
6399
6301
6400
6302
6401
6303
6402
6304
6403
6305
6404
6306
6405
6307
6406
6308
6407
6309
6408
6310
6409
6311
6410
6312
6411
6313
6412
6314
6413
6315
6414
6316
6415
6317
6416
6318
6417
6319
6418
6320
6419
6321
6420
6322
6421
6323
6422
6324
6423
6325
6424
6326
6425
6327
6426
6328
6427
6329
6428
6330
6429
6331
6430
6332
6431
6333
6432
6334
6433
6335
6434
6336
6435
6337
6436
6338
6437
6339
6438
6340
6439
6341
6440
6342
6441
6343
6442
6344
6443
6345
6444
6346
6445
6347
6446
6348
6447
6349
6448
6350
6449
6351
6450
6352
6451
6353
6452
6354
6453
6355
6454
6356
6455
6357
6456
6358
6457
6359
6458
6360
6459
6361
6460
6362
6461
6363
6462
6364
6463
6365
6464
6366
6465
6367
6466
6368
6467
6369
6468
6370
6469
6371
6470
6372
6471
6373
6472
6374
6473
6375
6474
6376
6475
6377
6476
6378
6477
6379
6478
6380
6479
6381
6480
6382
6481
6383
6482
6384
6483
6385
6484
6386
6485
6387
6486
6388
6487
6389
6488
6390
6489
6391
6490
6392
6491
6393
6492
6394
6493
6395
6494
6396
6495
6397
6496
6398
6497
6399
6498
6499
6401
6500
6402
6501
6403
6502
6404
6503
6405
6504
6406
6505
6407
6506
6408
6507
6409
6508
6410
6509
6411
6510
6412
6511
6413
6512
6414
6513
6415
6514
6416
6515
6417
6516
6418
6517
6419
6518
6420
6519
6421
6520
6422
6521
6423
6522
6424
6523
6425
6524
6426
6525
6427
6526
6428
6527
6429
6528
6430
6529
6431
6530
6432
6531
6433
6532
6434
6533
6435
6534
6436
6535
6437
6536
6438
6537
6439
6538
6440
6539
6441
6540
6442
6541
6443
6542
6444
6543
6445
6544
6446
6545
6447
6546
6448
6547
6449
6548
6450
6549
6451
6550
6452
6551
6453
6552
6454
6553
6455
6554
6456
6555
6457
6556
6458
6557
6459
6558
6460
6559
6461
6560
6462
6561
6463
6562
6464
6563
6465
6564
6466
6565
6467
6566
6468
6567
6469
6568
6470
6569
6471
6570
6472
6571
6473
6572
6474
6573
6475
6574
6476
6575
6477
6576
6478
6577
6479
6578
6480
6579
6481
6580
6482
6581
6483
6582
6484
6583
6485
6584
6486
6585
6487
6586
6488
6587
6489
6588
6490
6589
6491
6590
6492
6591
6493
6592
6494
6593
6495
6594
6496
6595
6497
6596
6498
6597
6499
6598
6599
6501
6600
6502
6601
6503
6602
6504
6603
6505
6604
6506
6605
6507
6606
6508
6607
6509
6608
6510
6609
6511
6610
6512
6611
6513
6612
6514
6613
6515
6614
6516
6615
6517
6616
6518
6617
6519
6618
6520
6619
6521
6620
6522
6621
6523
6622
6524
6623
6525
6624
6526
6625
6527
6626
6528
6627
6529
6628
6530
6629
6531
6630
6532
6631
6533
6632
6534
6633
6535
6634
6536
6635
6537
6636
6538
6637
6539
6638
6540
6639
6541
6640
6542
6641
6543
6642
6544
6643
6545
6644
6546
6645
6547
6646
6548
6647
6549
6648
6550
6649
6551
6650
6552
6651
6553
6652
6554
6653
6555
6654
6556
6655
6557
6656
6558
6657
6559
6658
6560
6659
6561
6660
6562
6661
6563
6662
6564
6663
6565
6664
6566
6665
6567
6666
6568
6667
6569
6668
6570
6669
6571
6670
6572
6671
6573
6672
6574
6673
6575
6674
6576
6675
6577
6676
6578
6677
6579
6678
6580
6679
6581
6680
6582
6681
6583
6682
6584
6683
6585
6684
6586
6685
6587
6686
6588
6687
6589
6688
6590
6689
6591
6690
6592
6691
6593
6692
6594
6693
6595
6694
6596
6695
6597
6696
6598
6697
6599
6698
6699
6601
6700
6602
6701
6603
6702
6604
6703
6605
6704
6606
6705
6607
6706
6608
6707
6609
6708
6610
6709
6611
6710
6612
6711
6613
6712
6614
6713
6615
6714
6616
6715
6617
6716
6618
6717
6619
6718
6620
6719
6621
6720
6622
6721
6623
6722
6624
6723
6625
6724
6626
6725
6627
6726
6628
6727
6629
6728
6630
6729
6631
6730
6632
6731
6633
6732
6634
6733
6635
6734
6636
6735
6637
6736
6638
6737
6639
6738
6640
6739
6641
6740
6642
6741
6643
6742
6644
6743
6645
6744
6646
6745
6647
6746
6648
6747
6649
6748
6650
6749
6651
6750
6652
6751
6653
6752
6654
6753
6655
6754
6656
6755
6657
6756
6658
6757
6659
6758
6660
6759
6661
6760
6662
6761
6663
6762
6664
6763
6665
6764
6666
6765
6667
6766
6668
6767
6669
6768
6670
6769
6671
6770
6672
6771
6673
6772
6674
6773
6675
6774
6676
6775
6677
6776
6678
6777
6679
6778
6680
6779
6681
6780
6682
6781
6683
6782
6684
6783
6685
6784
6686
6785
6687
6786
6688
6787
6689
6788
6690
6789
6691
6790
6692
6791
6693
6792
6694
6793
6695
6794
6696
6795
6697
6796
6698
6797
6699
6798
6799
6701
6800
6702
6801
6703
6802
6704
6803
6705
6804
6706
6805
6707
6806
6708
6807
6709
6808
6710
6809
6711
6810
6712
6811
6713
6812
6714
6813
6715
6814
6716
6815
6717
6816
6718
6817
6719
6818
6720
6819
6721
6820
6722
6821
6723
6822
6724
6823
6725
6824
6726
6825
6727
6826
6728
6827
6729
6828
6730
6829
6731
6830
6732
6831
6733
6832
6734
6833
6735
6834
6736
6835
6737
6836
6738
6837
6739
6838
6740
6839
6741
6840
6742
6841
6743
6842
6744
6843
6745
6844
6746
6845
6747
6846
6748
6847
6749
6848
6750
6849
6751
6850
6752
6851
6753
6852
6754
6853
6755
6854
6756
6855
6757
6856
6758
6857
6759
6858
6760
6859
6761
6860
6762
6861
6763
6862
6764
6863
6765
6864
6766
6865
6767
6866
6768
6867
6769
6868
6770
6869
6771
6870
6772
6871
6773
6872
6774
6873
6775
6874
6776
6875
6777
6876
6778
6877
6779
6878
6780
6879
6781
6880
6782
6881
6783
6882
6784
6883
6785
6884
6786
6885
6787
6886
6788
6887
6789
6888
6790
6889
6791
6890
6792
6891
6793
6892
6794
6893
6795
6894
6796
6895
6797
6896
6798
6897
6799
6898
6899
6801
6900
6802
6901
6803
6902
6804
6903
6805
6904
6806
6905
6807
6906
6808
6907
6809
6908
6810
6909
6811
6910
6812
6911
6813
6912
6814
6913
6815
6914
6816
6915
6817
6916
6818
6917
6819
6918
6820
6919
6821
6920
6822
6921
6823
6922
6824
6923
6825
6924
6826
6925
6827
6926
6828
6927
6829
6928
6830
6929
6831
6930
6832
6931
6833
6932
6834
6933
6835
6934
6836
6935
6837
6936
6838
6937
6839
6938
6840
6939
6841
6940
6842
6941
6843
6942
6844
6943
6845
6944
6846
6945
6847
6946
6848
6947
6849
6948
6850
6949
6851
6950
6852
6951
6853
6952
6854
6953
6855
6954
6856
6955
6857
6956
6858
6957
6859
6958
6860
6959
6861
6960
6862
6961
6863
6962
6864
6963
6865
6964
6866
6965
6867
6966
6868
6967
6869
6968
6870
6969
6871
6970
6872
6971
6873
6972
6874
6973
6875
6974
6876
6975
6877
6976
6878
6977
6879
6978
6880
6979
6881
6980
6882
6981
6883
6982
6884
6983
6885
6984
6886
6985
6887
6986
6888
6987
6889
6988
6890
6989
6891
6990
6892
6991
6893
6992
6894
6993
6895
6994
6896
6995
6897
6996
6898
6997
6899
6998
6999
6901
7000
6902
7001
6903
7002
6904
7003
6905
7004
6906
7005
6907
7006
6908
7007
6909
7008
6910
7009
6911
7010
6912
7011
6913
7012
6914
7013
6915
7014
6916
7015
6917
7016
6918
7017
6919
7018
6920
7019
6921
7020
6922
7021
6923
7022
6924
7023
6925
7024
6926
7025
6927
7026
6928
7027
6929
7028
6930
7029
6931
7030
6932
7031
6933
7032
6934
7033
6935
7034
6936
7035
6937
7036
6938
7037
6939
7038
6940
7039
6941
7040
6942
7041
6943
7042
6944
7043
6945
7044
6946
7045
6947
7046
6948
7047
6949
7048
6950
7049
6951
7050
6952
7051
6953
7052
6954
7053
6955
7054
6956
7055
6957
7056
6958
7057
6959
7058
6960
7059
6961
7060
6962
7061
6963
7062
6964
7063
6965
7064
6966
7065
6967
7066
6968
7067
6969
7068
6970
7069
6971
7070
6972
7071
6973
7072
6974
7073
6975
7074
6976
7075
6977
7076
6978
7077
6979
7078
6980
7079
6981
7080
6982
7081
6983
7082
6984
7083
6985
7084
6986
7085
6987
7086
6988
7087
6989
7088
6990
7089
6991
7090
6992
7091
6993
7092
6994
7093
6995
7094
6996
7095
6997
7096
6998
7097
6999
7098
7099
7001
7100
7002
7101
7003
7102
7004
7103
7005
7104
7006
7105
7007
7106
7008
7107
7009
7108
7010
7109
7011
7110
7012
7111
7013
7112
7014
7113
7015
7114
7016
7115
7017
7116
7018
7117
7019
7118
7020
7119
7021
7120
7022
7121
7023
7122
7024
7123
7025
7124
7026
7125
7027
7126
7028
7127
7029
7128
7030
7129
7031
7130
7032
7131
7033
7132
7034
7133
7035
7134
7036
7135
7037
7136
7038
7137
7039
7138
7040
7139
7041
7140
7042
7141
7043
7142
7044
7143
7045
7144
7046
7145
7047
7146
7048
7147
7049
7148
7050
7149
7051
7150
7052
7151
7053
7152
7054
7153
7055
7154
7056
7155
7057
7156
7058
7157
7059
7158
7060
7159
7061
7160
7062
7161
7063
7162
7064
7163
7065
7164
7066
7165
7067
7166
7068
7167
7069
7168
7070
7169
7071
7170
7072
7171
7073
7172
7074
7173
7075
7174
7076
7175
7077
7176
7078
7177
7079
7178
7080
7179
7081
7180
7082
7181
7083
7182
7084
7183
7085
7184
7086
7185
7087
7186
7088
7187
7089
7188
7090
7189
7091
7190
7092
7191
7093
7192
7094
7193
7095
7194
7096
7195
7097
7196
7098
7197
7099
7198
7199
7101
7200
7102
7201
7103
7202
7104
7203
7105
7204
7106
7205
7107
7206
7108
7207
7109
7208
7110
7209
7111
7210
7112
7211
7113
7212
7114
7213
7115
7214
7116
7215
7117
7216
7118
7217
7119
7218
7120
7219
7121
7220
7122
7221
7123
7222
7124
7223
7125
7224
7126
7225
7127
7226
7128
7227
7129
7228
7130
7229
7131
7230
7132
7231
7133
7232
7134
7233
7135
7234
7136
7235
7137
7236
7138
7237
7139
7238
7140
7239
7141
7240
7142
7241
7143
7242
7144
7243
7145
7244
7146
7245
7147
7246
7148
7247
7149
7248
7150
7249
7151
7250
7152
7251
7153
7252
7154
7253
7155
7254
7156
7255
7157
7256
7158
7257
7159
7258
7160
7259
7161
7260
7162
7261
7163
7262
7164
7263
7165
7264
7166
7265
7167
7266
7168
7267
7169
7268
7170
7269
7171
7270
7172
7271
7173
7272
7174
7273
7175
7274
7176
7275
7177
7276
7178
7277
7179
7278
7180
7279
7181
7280
7182
7281
7183
7282
7184
7283
7185
7284
7186
7285
7187
7286
7188
7287
7189
7288
7190
7289
7191
7290
7192
7291
7193
7292
7194
7293
7195
7294
7196
7295
7197
7296
7198
7297
7199
7298
7299
7201
7300
7202
7301
7203
7302
7204
7303
7205
7304
7206
7305
7207
7306
7208
7307
7209
7308
7210
7309
7211
7310
7212
7311
7213
7312
7214
7313
7215
7314
7216
7315
7217
7316
7218
7317
7219
7318
7220
7319
7221
7320
7222
7321
7223
7322
7224
7323
7225
7324
7226
7325
7227
7326
7228
7327
7229
7328
7230
7329
7231
7330
7232
7331
7233
7332
7234
7333
7235
7334
7236
7335
7237
7336
7238
7337
7239
7338
7240
7339
7241
7340
7242
7341
7243
7342
7244
7343
7245
7344
7246
7345
7247
7346
7248
7347
7249
7348
7250
7349
7251
7350
7252
7351
7253
7352
7254
7353
7255
7354
7256
7355
7257
7356
7258
7357
7259
7358
7260
7359
7261
7360
7262
7361
7263
7362
7264
7363
7265
7364
7266
7365
7267
7366
7268
7367
7269
7368
7270
7369
7271
7370
7272
7371
7273
7372
7274
7373
7275
7374
7276
7375
7277
7376
7278
7377
7279
7378
7280
7379
7281
7380
7282
7381
7283
7382
7284
7383
7285
7384
7286
7385
7287
7386
7288
7387
7289
7388
7290
7389
7291
7390
7292
7391
7293
7392
7294
7393
7295
7394
7296
7395
7297
7396
7298
7397
7299
7398
7399
7301
7400
7302
7401
7303
7402
7304
7403
7305
7404
7306
7405
7307
7406
7308
7407
7309
7408
7310
7409
7311
7410
7312
7411
7313
7412
7314
7413
7315
7414
7316
7415
7317
7416
7318
7417
7319
7418
7320
7419
7321
7420
7322
7421
7323
7422
7324
7423
7325
7424
7326
7425
7327
7426
7328
7427
7329
7428
7330
7429
7331
7430
7332
7431
7333
7432
7334
7433
7335
7434
7336
7435
7337
7436
7338
7437
7339
7438
7340
7439
7341
7440
7342
7441
7343
7442
7344
7443
7345
7444
7346
7445
7347
7446
7348
7447
7349
7448
7350
7449
7351
7450
7352
7451
7353
7452
7354
7453
7355
7454
7356
7455
7357
7456
7358
7457
7359
7458
7360
7459
7361
7460
7362
7461
7363
7462
7364
7463
7365
7464
7366
7465
7367
7466
7368
7467
7369
7468
7370
7469
7371
7470
7372
7471
7373
7472
7374
7473
7375
7474
7376
7475
7377
7476
7378
7477
7379
7478
7380
7479
7381
7480
7382
7481
7383
7482
7384
7483
7385
7484
7386
7485
7387
7486
7388
7487
7389
7488
7390
7489
7391
7490
7392
7491
7393
7492
7394
7493
7395
7494
7396
7495
7397
7496
7398
7497
7399
7498
7499
7401
7500
7402
7501
7403
7502
7404
7503
7405
7504
7406
7505
7407
7506
7408
7507
7409
7508
7410
7509
7411
7510
7412
7511
7413
7512
7414
7513
7415
7514
7416
7515
7417
7516
7418
7517
7419
7518
7420
7519
7421
7520
7422
7521
7423
7522
7424
7523
7425
7524
7426
7525
7427
7526
7428
7527
7429
7528
7430
7529
7431
7530
7432
7531
7433
7532
7434
7533
7435
7534
7436
7535
7437
7536
7438
7537
7439
7538
7440
7539
7441
7540
7442
7541
7443
7542
7444
7543
7445
7544
7446
7545
7447
7546
7448
7547
7449
7548
7450
7549
7451
7550
7452
7551
7453
7552
7454
7553
7455
7554
7456
7555
7457
7556
7458
7557
7459
7558
7460
7559
7461
7560
7462
7561
7463
7562
7464
7563
7465
7564
7466
7565
7467
7566
7468
7567
7469
7568
7470
7569
7471
7570
7472
7571
7473
7572
7474
7573
7475
7574
7476
7575
7477
7576
7478
7577
7479
7578
7480
7579
7481
7580
7482
7581
7483
7582
7484
7583
7485
7584
7486
7585
7487
7586
7488
7587
7489
7588
7490
7589
7491
7590
7492
7591
7493
7592
7494
7593
7495
7594
7496
7595
7497
7596
7498
7597
7499
7598
7599
7501
7600
7502
7601
7503
7602
7504
7603
7505
7604
7506
7605
7507
7606
7508
7607
7509
7608
7510
7609
7511
7610
7512
7611
7513
7612
7514
7613
7515
7614
7516
7615
7517
7616
7518
7617
7519
7618
7520
7619
7521
7620
7522
7621
7523
7622
7524
7623
7525
7624
7526
7625
7527
7626
7528
7627
7529
7628
7530
7629
7531
7630
7532
7631
7533
7632
7534
7633
7535
7634
7536
7635
7537
7636
7538
7637
7539
7638
7540
7639
7541
7640
7542
7641
7543
7642
7544
7643
7545
7644
7546
7645
7547
7646
7548
7647
7549
7648
7550
7649
7551
7650
7552
7651
7553
7652
7554
7653
7555
7654
7556
7655
7557
7656
7558
7657
7559
7658
7560
7659
7561
7660
7562
7661
7563
7662
7564
7663
7565
7664
7566
7665
7567
7666
7568
7667
7569
7668
7570
7669
7571
7670
7572
7671
7573
7672
7574
7673
7575
7674
7576
7675
7577
7676
7578
7677
7579
7678
7580
7679
7581
7680
7582
7681
7583
7682
7584
7683
7585
7684
7586
7685
7587
7686
7588
7687
7589
7688
7590
7689
7591
7690
7592
7691
7593
7692
7594
7693
7595
7694
7596
7695
7597
7696
7598
7697
7599
7698
7699
7601
7700
7602
7701
7603
7702
7604
7703
7605
7704
7606
7705
7607
7706
7608
7707
7609
7708
7610
7709
7611
7710
7612
7711
7613
7712
7614
7713
7615
7714
7616
7715
7617
7716
7618
7717
7619
7718
7620
7719
7621
7720
7622
7721
7623
7722
7624
7723
7625
7724
7626
7725
7627
7726
7628
7727
7629
7728
7630
7729
7631
7730
7632
7731
7633
7732
7634
7733
7635
7734
7636
7735
7637
7736
7638
7737
7639
7738
7640
7739
7641
7740
7642
7741
7643
7742
7644
7743
7645
7744
7646
7745
7647
7746
7648
7747
7649
7748
7650
7749
7651
7750
7652
7751
7653
7752
7654
7753
7655
7754
7656
7755
7657
7756
7658
7757
7659
7758
7660
7759
7661
7760
7662
7761
7663
7762
7664
7763
7665
7764
7666
7765
7667
7766
7668
7767
7669
7768
7670
7769
7671
7770
7672
7771
7673
7772
7674
7773
7675
7774
7676
7775
7677
7776
7678
7777
7679
7778
7680
7779
7681
7780
7682
7781
7683
7782
7684
7783
7685
7784
7686
7785
7687
7786
7688
7787
7689
7788
7690
7789
7691
7790
7692
7791
7693
7792
7694
7793
7695
7794
7696
7795
7697
7796
7698
7797
7699
7798
7799
7701
7800
7702
7801
7703
7802
7704
7803
7705
7804
7706
7805
7707
7806
7708
7807
7709
7808
7710
7809
7711
7810
7712
7811
7713
7812
7714
7813
7715
7814
7716
7815
7717
7816
7718
7817
7719
7818
7720
7819
7721
7820
7722
7821
7723
7822
7724
7823
7725
7824
7726
7825
7727
7826
7728
7827
7729
7828
7730
7829
7731
7830
7732
7831
7733
7832
7734
7833
7735
7834
7736
7835
7737
7836
7738
7837
7739
7838
7740
7839
7741
7840
7742
7841
7743
7842
7744
7843
7745
7844
7746
7845
7747
7846
7748
7847
7749
7848
7750
7849
7751
7850
7752
7851
7753
7852
7754
7853
7755
7854
7756
7855
7757
7856
7758
7857
7759
7858
7760
7859
7761
7860
7762
7861
7763
7862
7764
7863
7765
7864
7766
7865
7767
7866
7768
7867
7769
7868
7770
7869
7771
7870
7772
7871
7773
7872
7774
7873
7775
7874
7776
7875
7777
7876
7778
7877
7779
7878
7780
7879
7781
7880
7782
7881
7783
7882
7784
7883
7785
7884
7786
7885
7787
7886
7788
7887
7789
7888
7790
7889
7791
7890
7792
7891
7793
7892
7794
7893
7795
7894
7796
7895
7797
7896
7798
7897
7799
7898
7899
7801
7900
7802
7901
7803
7902
7804
7903
7805
7904
7806
7905
7807
7906
7808
7907
7809
7908
7810
7909
7811
7910
7812
7911
7813
7912
7814
7913
7815
7914
7816
7915
7817
7916
7818
7917
7819
7918
7820
7919
7821
7920
7822
7921
7823
7922
7824
7923
7825
7924
7826
7925
7827
7926
7828
7927
7829
7928
7830
7929
7831
7930
7832
7931
7833
7932
7834
7933
7835
7934
7836
7935
7837
7936
7838
7937
7839
7938
7840
7939
7841
7940
7842
7941
7843
7942
7844
7943
7845
7944
7846
7945
7847
7946
7848
7947
7849
7948
7850
7949
7851
7950
7852
7951
7853
7952
7854
7953
7855
7954
7856
7955
7857
7956
7858
7957
7859
7958
7860
7959
7861
7960
7862
7961
7863
7962
7864
7963
7865
7964
7866
7965
7867
7966
7868
7967
7869
7968
7870
7969
7871
7970
7872
7971
7873
7972
7874
7973
7875
7974
7876
7975
7877
7976
7878
7977
7879
7978
7880
7979
7881
7980
7882
7981
7883
7982
7884
7983
7885
7984
7886
7985
7887
7986
7888
7987
7889
7988
7890
7989
7891
7990
7892
7991
7893
7992
7894
7993
7895
7994
7896
7995
7897
7996
7898
7997
7899
7998
7999
7901
8000
7902
8001
7903
8002
7904
8003
7905
8004
7906
8005
7907
8006
7908
8007
7909
8008
7910
8009
7911
8010
7912
8011
7913
8012
7914
8013
7915
8014
7916
8015
7917
8016
7918
8017
7919
8018
7920
8019
7921
8020
7922
8021
7923
8022
7924
8023
7925
8024
7926
8025
7927
8026
7928
8027
7929
8028
7930
8029
7931
8030
7932
8031
7933
8032
7934
8033
7935
8034
7936
8035
7937
8036
7938
8037
7939
8038
7940
8039
7941
8040
7942
8041
7943
8042
7944
8043
7945
8044
7946
8045
7947
8046
7948
8047
7949
8048
7950
8049
7951
8050
7952
8051
7953
8052
7954
8053
7955
8054
7956
8055
7957
8056
7958
8057
7959
8058
7960
8059
7961
8060
7962
8061
7963
8062
7964
8063
7965
8064
7966
8065
7967
8066
7968
8067
7969
8068
7970
8069
7971
8070
7972
8071
7973
8072
7974
8073
7975
8074
7976
8075
7977
8076
7978
8077
7979
8078
7980
8079
7981
8080
7982
8081
7983
8082
7984
8083
7985
8084
7986
8085
7987
8086
7988
8087
7989
8088
7990
8089
7991
8090
7992
8091
7993
8092
7994
8093
7995
8094
7996
8095
7997
8096
7998
8097
7999
8098
8099
8001
8100
8002
8101
8003
8102
8004
8103
8005
8104
8006
8105
8007
8106
8008
8107
8009
8108
8010
8109
8011
8110
8012
8111
8013
8112
8014
8113
8015
8114
8016
8115
8017
8116
8018
8117
8019
8118
8020
8119
8021
8120
8022
8121
8023
8122
8024
8123
8025
8124
8026
8125
8027
8126
8028
8127
8029
8128
8030
8129
8031
8130
8032
8131
8033
8132
8034
8133
8035
8134
8036
8135
8037
8136
8038
8137
8039
8138
8040
8139
8041
8140
8042
8141
8043
8142
8044
8143
8045
8144
8046
8145
8047
8146
8048
8147
8049
8148
8050
8149
8051
8150
8052
8151
8053
8152
8054
8153
8055
8154
8056
8155
8057
8156
8058
8157
8059
8158
8060
8159
8061
8160
8062
8161
8063
8162
8064
8163
8065
8164
8066
8165
8067
8166
8068
8167
8069
8168
8070
8169
8071
8170
8072
8171
8073
8172
8074
8173
8075
8174
8076
8175
8077
8176
8078
8177
8079
8178
8080
8179
8081
8180
8082
8181
8083
8182
8084
8183
8085
8184
8086
8185
8087
8186
8088
8187
8089
8188
8090
8189
8091
8190
8092
8191
8093
8192
8094
8193
8095
8194
8096
8195
8097
8196
8098
8197
8099
8198
8199
8101
8200
8102
8201
8103
8202
8104
8203
8105
8204
8106
8205
8107
8206
8108
8207
8109
8208
8110
8209
8111
8210
8112
8211
8113
8212
8114
8213
8115
8214
8116
8215
8117
8216
8118
8217
8119
8218
8120
8219
8121
8220
8122
8221
8123
8222
8124
8223
8125
8224
8126
8225
8127
8226
8128
8227
8129
8228
8130
8229
8131
8230
8132
8231
8133
8232
8134
8233
8135
8234
8136
8235
8137
8236
8138
8237
8139
8238
8140
8239
8141
8240
8142
8241
8143
8242
8144
8243
8145
8244
8146
8245
8147
8246
8148
8247
8149
8248
8150
8249
8151
8250
8152
8251
8153
8252
8154
8253
8155
8254
8156
8255
8157
8256
8158
8257
8159
8258
8160
8259
8161
8260
8162
8261
8163
8262
8164
8263
8165
8264
8166
8265
8167
8266
8168
8267
8169
8268
8170
8269
8171
8270
8172
8271
8173
8272
8174
8273
8175
8274
8176
8275
8177
8276
8178
8277
8179
8278
8180
8279
8181
8280
8182
8281
8183
8282
8184
8283
8185
8284
8186
8285
8187
8286
8188
8287
8189
8288
8190
8289
8191
8290
8192
8291
8193
8292
8194
8293
8195
8294
8196
8295
8197
8296
8198
8297
8199
8298
8299
8201
8300
8202
8301
8203
8302
8204
8303
8205
8304
8206
8305
8207
8306
8208
8307
8209
8308
8210
8309
8211
8310
8212
8311
8213
8312
8214
8313
8215
8314
8216
8315
8217
8316
8218
8317
8219
8318
8220
8319
8221
8320
8222
8321
8223
8322
8224
8323
8225
8324
8226
8325
8227
8326
8228
8327
8229
8328
8230
8329
8231
8330
8232
8331
8233
8332
8234
8333
8235
8334
8236
8335
8237
8336
8238
8337
8239
8338
8240
8339
8241
8340
8242
8341
8243
8342
8244
8343
8245
8344
8246
8345
8247
8346
8248
8347
8249
8348
8250
8349
8251
8350
8252
8351
8253
8352
8254
8353
8255
8354
8256
8355
8257
8356
8258
8357
8259
8358
8260
8359
8261
8360
8262
8361
8263
8362
8264
8363
8265
8364
8266
8365
8267
8366
8268
8367
8269
8368
8270
8369
8271
8370
8272
8371
8273
8372
8274
8373
8275
8374
8276
8375
8277
8376
8278
8377
8279
8378
8280
8379
8281
8380
8282
8381
8283
8382
8284
8383
8285
8384
8286
8385
8287
8386
8288
8387
8289
8388
8290
8389
8291
8390
8292
8391
8293
8392
8294
8393
8295
8394
8296
8395
8297
8396
8298
8397
8299
8398
8399
8301
8400
8302
8401
8303
8402
8304
8403
8305
8404
8306
8405
8307
8406
8308
8407
8309
8408
8310
8409
8311
8410
8312
8411
8313
8412
8314
8413
8315
8414
8316
8415
8317
8416
8318
8417
8319
8418
8320
8419
8321
8420
8322
8421
8323
8422
8324
8423
8325
8424
8326
8425
8327
8426
8328
8427
8329
8428
8330
8429
8331
8430
8332
8431
8333
8432
8334
8433
8335
8434
8336
8435
8337
8436
8338
8437
8339
8438
8340
8439
8341
8440
8342
8441
8343
8442
8344
8443
8345
8444
8346
8445
8347
8446
8348
8447
8349
8448
8350
8449
8351
8450
8352
8451
8353
8452
8354
8453
8355
8454
8356
8455
8357
8456
8358
8457
8359
8458
8360
8459
8361
8460
8362
8461
8363
8462
8364
8463
8365
8464
8366
8465
8367
8466
8368
8467
8369
8468
8370
8469
8371
8470
8372
8471
8373
8472
8374
8473
8375
8474
8376
8475
8377
8476
8378
8477
8379
8478
8380
8479
8381
8480
8382
8481
8383
8482
8384
8483
8385
8484
8386
8485
8387
8486
8388
8487
8389
8488
8390
8489
8391
8490
8392
8491
8393
8492
8394
8493
8395
8494
8396
8495
8397
8496
8398
8497
8399
8498
8499
8401
8500
8402
8501
8403
8502
8404
8503
8405
8504
8406
8505
8407
8506
8408
8507
8409
8508
8410
8509
8411
8510
8412
8511
8413
8512
8414
8513
8415
8514
8416
8515
8417
8516
8418
8517
8419
8518
8420
8519
8421
8520
8422
8521
8423
8522
8424
8523
8425
8524
8426
8525
8427
8526
8428
8527
8429
8528
8430
8529
8431
8530
8432
8531
8433
8532
8434
8533
8435
8534
8436
8535
8437
8536
8438
8537
8439
8538
8440
8539
8441
8540
8442
8541
8443
8542
8444
8543
8445
8544
8446
8545
8447
8546
8448
8547
8449
8548
8450
8549
8451
8550
8452
8551
8453
8552
8454
8553
8455
8554
8456
8555
8457
8556
8458
8557
8459
8558
8460
8559
8461
8560
8462
8561
8463
8562
8464
8563
8465
8564
8466
8565
8467
8566
8468
8567
8469
8568
8470
8569
8471
8570
8472
8571
8473
8572
8474
8573
8475
8574
8476
8575
8477
8576
8478
8577
8479
8578
8480
8579
8481
8580
8482
8581
8483
8582
8484
8583
8485
8584
8486
8585
8487
8586
8488
8587
8489
8588
8490
8589
8491
8590
8492
8591
8493
8592
8494
8593
8495
8594
8496
8595
8497
8596
8498
8597
8499
8598
8599
8501
8600
8502
8601
8503
8602
8504
8603
8505
8604
8506
8605
8507
8606
8508
8607
8509
8608
8510
8609
8511
8610
8512
8611
8513
8612
8514
8613
8515
8614
8516
8615
8517
8616
8518
8617
8519
8618
8520
8619
8521
8620
8522
8621
8523
8622
8524
8623
8525
8624
8526
8625
8527
8626
8528
8627
8529
8628
8530
8629
8531
8630
8532
8631
8533
8632
8534
8633
8535
8634
8536
8635
8537
8636
8538
8637
8539
8638
8540
8639
8541
8640
8542
8641
8543
8642
8544
8643
8545
8644
8546
8645
8547
8646
8548
8647
8549
8648
8550
8649
8551
8650
8552
8651
8553
8652
8554
8653
8555
8654
8556
8655
8557
8656
8558
8657
8559
8658
8560
8659
8561
8660
8562
8661
8563
8662
8564
8663
8565
8664
8566
8665
8567
8666
8568
8667
8569
8668
8570
8669
8571
8670
8572
8671
8573
8672
8574
8673
8575
8674
8576
8675
8577
8676
8578
8677
8579
8678
8580
8679
8581
8680
8582
8681
8583
8682
8584
8683
8585
8684
8586
8685
8587
8686
8588
8687
8589
8688
8590
8689
8591
8690
8592
8691
8593
8692
8594
8693
8595
8694
8596
8695
8597
8696
8598
8697
8599
8698
8699
8601
8700
8602
8701
8603
8702
8604
8703
8605
8704
8606
8705
8607
8706
8608
8707
8609
8708
8610
8709
8611
8710
8612
8711
8613
8712
8614
8713
8615
8714
8616
8715
8617
8716
8618
8717
8619
8718
8620
8719
8621
8720
8622
8721
8623
8722
8624
8723
8625
8724
8626
8725
8627
8726
8628
8727
8629
8728
8630
8729
8631
8730
8632
8731
8633
8732
8634
8733
8635
8734
8636
8735
8637
8736
8638
8737
8639
8738
8640
8739
8641
8740
8642
8741
8643
8742
8644
8743
8645
8744
8646
8745
8647
8746
8648
8747
8649
8748
8650
8749
8651
8750
8652
8751
8653
8752
8654
8753
8655
8754
8656
8755
8657
8756
8658
8757
8659
8758
8660
8759
8661
8760
8662
8761
8663
8762
8664
8763
8665
8764
8666
8765
8667
8766
8668
8767
8669
8768
8670
8769
8671
8770
8672
8771
8673
8772
8674
8773
8675
8774
8676
8775
8677
8776
8678
8777
8679
8778
8680
8779
8681
8780
8682
8781
8683
8782
8684
8783
8685
8784
8686
8785
8687
8786
8688
8787
8689
8788
8690
8789
8691
8790
8692
8791
8693
8792
8694
8793
8695
8794
8696
8795
8697
8796
8698
8797
8699
8798
8799
8701
8800
8702
8801
8703
8802
8704
8803
8705
8804
8706
8805
8707
8806
8708
8807
8709
8808
8710
8809
8711
8810
8712
8811
8713
8812
8714
8813
8715
8814
8716
8815
8717
8816
8718
8817
8719
8818
8720
8819
8721
8820
8722
8821
8723
8822
8724
8823
8725
8824
8726
8825
8727
8826
8728
8827
8729
8828
8730
8829
8731
8830
8732
8831
8733
8832
8734
8833
8735
8834
8736
8835
8737
8836
8738
8837
8739
8838
8740
8839
8741
8840
8742
8841
8743
8842
8744
8843
8745
8844
8746
8845
8747
8846
8748
8847
8749
8848
8750
8849
8751
8850
8752
8851
8753
8852
8754
8853
8755
8854
8756
8855
8757
8856
8758
8857
8759
8858
8760
8859
8761
8860
8762
8861
8763
8862
8764
8863
8765
8864
8766
8865
8767
8866
8768
8867
8769
8868
8770
8869
8771
8870
8772
8871
8773
8872
8774
8873
8775
8874
8776
8875
8777
8876
8778
8877
8779
8878
8780
8879
8781
8880
8782
8881
8783
8882
8784
8883
8785
8884
8786
8885
8787
8886
8788
8887
8789
8888
8790
8889
8791
8890
8792
8891
8793
8892
8794
8893
8795
8894
8796
8895
8797
8896
8798
8897
8799
8898
8899
8801
8900
8802
8901
8803
8902
8804
8903
8805
8904
8806
8905
8807
8906
8808
8907
8809
8908
8810
8909
8811
8910
8812
8911
8813
8912
8814
8913
8815
8914
8816
8915
8817
8916
8818
8917
8819
8918
8820
8919
8821
8920
8822
8921
8823
8922
8824
8923
8825
8924
8826
8925
8827
8926
8828
8927
8829
8928
8830
8929
8831
8930
8832
8931
8833
8932
8834
8933
8835
8934
8836
8935
8837
8936
8838
8937
8839
8938
8840
8939
8841
8940
8842
8941
8843
8942
8844
8943
8845
8944
8846
8945
8847
8946
8848
8947
8849
8948
8850
8949
8851
8950
8852
8951
8853
8952
8854
8953
8855
8954
8856
8955
8857
8956
8858
8957
8859
8958
8860
8959
8861
8960
8862
8961
8863
8962
8864
8963
8865
8964
8866
8965
8867
8966
8868
8967
8869
8968
8870
8969
8871
8970
8872
8971
8873
8972
8874
8973
8875
8974
8876
8975
8877
8976
8878
8977
8879
8978
8880
8979
8881
8980
8882
8981
8883
8982
8884
8983
8885
8984
8886
8985
8887
8986
8888
8987
8889
8988
8890
8989
8891
8990
8892
8991
8893
8992
8894
8993
8895
8994
8896
8995
8897
8996
8898
8997
8899
8998
8999
8901
8902
8903
8904
8905
8906
8907
8908
8909
8910
8911
8912
8913
8914
8915
8916
8917
8918
8919
8920
8921
8922
8923
8924
8925
8926
8927
8928
8929
8930
8931
8932
8933
8934
8935
8936
8937
8938
8939
8940
8941
8942
8943
8944
8945
8946
8947
8948
8949
8950
8951
8952
8953
8954
8955
8956
8957
8958
8959
8960
8961
8962
8963
8964
8965
8966
8967
8968
8969
8970
8971
8972
8973
8974
8975
8976
8977
8978
8979
8980
8981
8982
8983
8984
8985
8986
8987
8988
8989
8990
8991
8992
8993
8994
8995
8996
8997
8998
8999
)


// ************************************************************************* //
