	0
0.005	0.00302735
0.01	0.0050556
0.015	0.00666287
0.02	0.00795814
0.025	0.00902583
0.03	0.00992859
0.035	0.0107452
0.04	0.0114903
0.045	0.0121718
0.05	0.0127977
0.055	0.0133755
0.06	0.0139118
0.065	0.0144109
0.07	0.014878
0.075	0.0153272
0.08	0.0157607
0.085	0.016177
0.09	0.0165771
0.095	0.0169612
0.1	0.0173297
0.105	0.0176836
0.11	0.0180237
0.115	0.018351
0.12	0.0186662
0.125	0.0189702
0.13	0.0192638
0.135	0.0195479
0.14	0.0198234
0.145	0.020095
0.15	0.0203612
0.155	0.0206216
0.16	0.0208766
0.165	0.0211255
0.17	0.0213685
0.175	0.0216056
0.18	0.0218371
0.185	0.0220632
0.19	0.0222841
0.195	0.0225003
0.2	0.0227118
0.205	0.0229187
0.21	0.0231212
0.215	0.023319
0.22	0.0235125
0.225	0.0237022
0.23	0.0238879
0.235	0.0240696
0.24	0.0242474
0.245	0.0244217
0.25	0.0245944
0.255	0.0247654
0.26	0.0249342
0.265	0.0251007
0.27	0.0252647
0.275	0.0254262
0.28	0.0255854
0.285	0.0257426
0.29	0.0258977
0.295	0.0260506
0.3	0.0262011
0.305	0.0263494
0.31	0.0264954
0.315	0.0266394
0.32	0.0267812
0.325	0.0269209
0.33	0.0270585
0.335	0.0271942
0.34	0.027328
0.345	0.02746
0.35	0.0275901
0.355	0.0277184
0.36	0.027845
0.365	0.0279701
0.37	0.0280934
0.375	0.028215
0.38	0.0283349
0.385	0.0284531
0.39	0.0285697
0.395	0.0286849
0.4	0.0287987
0.405	0.0289111
0.41	0.0290226
0.415	0.0291333
0.42	0.0292431
0.425	0.029352
0.43	0.0294598
0.435	0.0295666
0.44	0.0296724
0.445	0.0297772
0.45	0.0298811
0.455	0.0299841
0.46	0.030086
0.465	0.030187
0.47	0.0302871
0.475	0.0303861
0.48	0.0304842
0.485	0.0305813
0.49	0.0306775
0.495	0.0307727
0.5	0.0308669
0.505	0.0309601
0.51	0.0310525
0.515	0.031144
0.52	0.0312347
0.525	0.0313244
0.53	0.0314133
0.535	0.0315014
0.54	0.0315887
0.545	0.0316752
0.55	0.0317609
0.555	0.0318459
0.56	0.03193
0.565	0.0320133
0.57	0.0320959
0.575	0.0321776
0.58	0.0322586
0.585	0.0323388
0.59	0.0324184
0.595	0.0324973
0.6	0.0325755
0.605	0.032653
0.61	0.0327299
0.615	0.032806
0.62	0.0328814
0.625	0.0329562
0.63	0.0330303
0.635	0.0331037
0.64	0.0331766
0.645	0.0332491
0.65	0.0333212
0.655	0.0333931
0.66	0.0334645
0.665	0.0335355
0.67	0.0336061
0.675	0.0336762
0.68	0.0337459
0.685	0.0338152
0.69	0.033884
0.695	0.0339524
0.7	0.0340203
0.705	0.0340879
0.71	0.0341549
0.715	0.0342214
0.72	0.0342875
0.725	0.0343531
0.73	0.0344183
0.735	0.034483
0.74	0.0345473
0.745	0.0346112
0.75	0.0346746
0.755	0.0347376
0.76	0.0348001
0.765	0.0348623
0.77	0.034924
0.775	0.0349854
0.78	0.0350464
0.785	0.035107
0.79	0.0351672
0.795	0.035227
0.8	0.0352863
0.805	0.0353452
0.81	0.0354037
0.815	0.0354619
0.82	0.0355196
0.825	0.0355769
0.83	0.0356339
0.835	0.0356906
0.84	0.0357469
0.845	0.0358029
0.85	0.0358584
0.855	0.0359136
0.86	0.0359685
0.865	0.036023
0.87	0.0360771
0.875	0.0361309
0.88	0.0361843
0.885	0.0362374
0.89	0.0362901
0.895	0.0363425
0.9	0.0363946
0.905	0.0364463
0.91	0.0364977
0.915	0.0365488
0.92	0.0365996
0.925	0.0366502
0.93	0.0367004
0.935	0.0367503
0.94	0.0367999
0.945	0.0368492
0.95	0.0368981
0.955	0.0369469
0.96	0.0369955
0.965	0.0370438
0.97	0.0370919
0.975	0.0371398
0.98	0.0371875
0.985	0.0372349
0.99	0.0372821
0.995	0.0373291
1	0.0373759
1.005	0.0374224
1.01	0.0374687
1.015	0.0375148
1.02	0.0375606
1.025	0.0376062
1.03	0.0376515
1.035	0.0376967
1.04	0.0377416
1.045	0.0377863
1.05	0.0378308
1.055	0.0378751
1.06	0.0379191
1.065	0.037963
1.07	0.0380066
1.075	0.03805
1.08	0.0380932
1.085	0.0381362
1.09	0.038179
1.095	0.0382216
1.1	0.0382639
1.105	0.0383061
1.11	0.038348
1.115	0.0383898
1.12	0.0384313
1.125	0.0384726
1.13	0.0385137
1.135	0.0385546
1.14	0.0385953
1.145	0.0386357
1.15	0.038676
1.155	0.038716
1.16	0.0387559
1.165	0.0387956
1.17	0.0388351
1.175	0.0388744
1.18	0.0389135
1.185	0.0389524
1.19	0.0389911
1.195	0.0390297
1.2	0.039068
1.205	0.0391061
1.21	0.0391441
1.215	0.0391818
1.22	0.0392193
1.225	0.0392567
1.23	0.0392939
1.235	0.0393309
1.24	0.0393677
1.245	0.0394043
1.25	0.0394407
1.255	0.039477
1.26	0.0395131
1.265	0.039549
1.27	0.0395847
1.275	0.0396203
1.28	0.0396557
1.285	0.039691
1.29	0.0397261
1.295	0.039761
1.3	0.0397958
1.305	0.0398304
1.31	0.0398649
1.315	0.0398992
1.32	0.0399333
1.325	0.0399673
1.33	0.0400011
1.335	0.0400347
1.34	0.0400682
1.345	0.0401015
1.35	0.0401347
1.355	0.0401677
1.36	0.0402005
1.365	0.0402332
1.37	0.0402658
1.375	0.0402981
1.38	0.0403304
1.385	0.0403625
1.39	0.0403945
1.395	0.0404263
1.4	0.040458
1.405	0.0404896
1.41	0.0405211
1.415	0.0405525
1.42	0.0405837
1.425	0.0406148
1.43	0.0406458
1.435	0.0406767
1.44	0.0407074
1.445	0.0407381
1.45	0.0407685
1.455	0.0407989
1.46	0.0408291
1.465	0.0408593
1.47	0.0408893
1.475	0.0409192
1.48	0.040949
1.485	0.0409786
1.49	0.0410081
1.495	0.0410375
1.5	0.0410668
1.505	0.041096
1.51	0.041125
1.515	0.0411539
1.52	0.0411827
1.525	0.0412114
1.53	0.04124
1.535	0.0412684
1.54	0.0412968
1.545	0.041325
1.55	0.0413531
1.555	0.0413811
1.56	0.041409
1.565	0.0414368
1.57	0.0414644
1.575	0.041492
1.58	0.0415194
1.585	0.0415468
1.59	0.041574
1.595	0.0416011
1.6	0.041628
1.605	0.0416549
1.61	0.0416817
1.615	0.0417083
1.62	0.0417349
1.625	0.0417613
1.63	0.0417876
1.635	0.0418139
1.64	0.04184
1.645	0.0418661
1.65	0.041892
1.655	0.0419178
1.66	0.0419436
1.665	0.0419692
1.67	0.0419947
1.675	0.0420201
1.68	0.0420455
1.685	0.0420707
1.69	0.0420958
1.695	0.0421208
1.7	0.0421457
1.705	0.0421706
1.71	0.0421953
1.715	0.0422199
1.72	0.0422444
1.725	0.0422688
1.73	0.0422932
1.735	0.0423174
1.74	0.0423415
1.745	0.0423655
1.75	0.0423894
1.755	0.0424133
1.76	0.042437
1.765	0.0424607
1.77	0.0424842
1.775	0.0425077
1.78	0.042531
1.785	0.0425543
1.79	0.0425775
1.795	0.0426006
1.8	0.0426236
1.805	0.0426466
1.81	0.0426694
1.815	0.0426922
1.82	0.0427149
1.825	0.0427375
1.83	0.04276
1.835	0.0427824
1.84	0.0428047
1.845	0.0428269
1.85	0.0428491
1.855	0.0428711
1.86	0.0428931
1.865	0.042915
1.87	0.0429368
1.875	0.0429585
1.88	0.0429801
1.885	0.0430017
1.89	0.0430231
1.895	0.0430445
1.9	0.0430658
1.905	0.043087
1.91	0.0431081
1.915	0.0431292
1.92	0.0431501
1.925	0.043171
1.93	0.0431918
1.935	0.0432125
1.94	0.0432332
1.945	0.0432537
1.95	0.0432742
1.955	0.0432946
1.96	0.0433149
1.965	0.0433352
1.97	0.0433554
1.975	0.0433755
1.98	0.0433955
1.985	0.0434154
1.99	0.0434353
1.995	0.043455
2	0.0434747
2.005	0.0434944
2.01	0.0435139
2.015	0.0435334
2.02	0.0435528
2.025	0.0435721
2.03	0.0435913
2.035	0.0436105
2.04	0.0436296
2.045	0.0436486
2.05	0.0436676
2.055	0.0436864
2.06	0.0437052
2.065	0.043724
2.07	0.0437427
2.075	0.0437613
2.08	0.0437798
2.085	0.0437982
2.09	0.0438167
2.095	0.043835
2.1	0.0438533
2.105	0.0438715
2.11	0.0438896
2.115	0.0439077
2.12	0.0439258
2.125	0.0439437
2.13	0.0439616
2.135	0.0439794
2.14	0.0439972
2.145	0.0440149
2.15	0.0440326
2.155	0.0440502
2.16	0.0440677
2.165	0.0440851
2.17	0.0441025
2.175	0.0441199
2.18	0.0441371
2.185	0.0441544
2.19	0.0441715
2.195	0.0441886
2.2	0.0442056
2.205	0.0442226
2.21	0.0442394
2.215	0.0442563
2.22	0.044273
2.225	0.0442898
2.23	0.0443064
2.235	0.044323
2.24	0.0443395
2.245	0.044356
2.25	0.0443724
2.255	0.0443887
2.26	0.044405
2.265	0.0444212
2.27	0.0444374
2.275	0.0444535
2.28	0.0444696
2.285	0.0444856
2.29	0.0445015
2.295	0.0445174
2.3	0.0445332
2.305	0.044549
2.31	0.0445647
2.315	0.0445803
2.32	0.0445959
2.325	0.0446115
2.33	0.0446269
2.335	0.0446424
2.34	0.0446577
2.345	0.044673
2.35	0.0446883
2.355	0.0447035
2.36	0.0447186
2.365	0.0447337
2.37	0.0447487
2.375	0.0447637
2.38	0.0447786
2.385	0.0447935
2.39	0.0448083
2.395	0.0448231
2.4	0.0448378
2.405	0.0448525
2.41	0.0448671
2.415	0.0448816
2.42	0.0448961
2.425	0.0449106
2.43	0.044925
2.435	0.0449393
2.44	0.0449536
2.445	0.0449679
2.45	0.0449821
2.455	0.0449963
2.46	0.0450104
2.465	0.0450244
2.47	0.0450384
2.475	0.0450524
2.48	0.0450663
2.485	0.0450801
2.49	0.0450939
2.495	0.0451077
2.5	0.0451214
2.505	0.045135
2.51	0.0451486
2.515	0.0451622
2.52	0.0451757
2.525	0.0451891
2.53	0.0452025
2.535	0.0452159
2.54	0.0452292
2.545	0.0452424
2.55	0.0452556
2.555	0.0452688
2.56	0.0452819
2.565	0.045295
2.57	0.045308
2.575	0.045321
2.58	0.0453339
2.585	0.0453468
2.59	0.0453597
2.595	0.0453725
2.6	0.0453852
2.605	0.0453979
2.61	0.0454106
2.615	0.0454232
2.62	0.0454358
2.625	0.0454483
2.63	0.0454608
2.635	0.0454733
2.64	0.0454857
2.645	0.045498
2.65	0.0455103
2.655	0.0455226
2.66	0.0455348
2.665	0.045547
2.67	0.0455592
2.675	0.0455713
2.68	0.0455833
2.685	0.0455953
2.69	0.0456073
2.695	0.0456192
2.7	0.0456311
2.705	0.045643
2.71	0.0456548
2.715	0.0456665
2.72	0.0456782
2.725	0.0456899
2.73	0.0457015
2.735	0.0457131
2.74	0.0457247
2.745	0.0457362
2.75	0.0457477
2.755	0.0457591
2.76	0.0457705
2.765	0.0457818
2.77	0.0457931
2.775	0.0458044
2.78	0.0458156
2.785	0.0458268
2.79	0.045838
2.795	0.0458491
2.8	0.0458602
2.805	0.0458712
2.81	0.0458822
2.815	0.0458931
2.82	0.0459041
2.825	0.0459149
2.83	0.0459258
2.835	0.0459366
2.84	0.0459473
2.845	0.0459581
2.85	0.0459688
2.855	0.0459794
2.86	0.04599
2.865	0.0460006
2.87	0.0460111
2.875	0.0460216
2.88	0.0460321
2.885	0.0460425
2.89	0.0460529
2.895	0.0460632
2.9	0.0460735
2.905	0.0460838
2.91	0.0460941
2.915	0.0461043
2.92	0.0461144
2.925	0.0461245
2.93	0.0461346
2.935	0.0461447
2.94	0.0461547
2.945	0.0461647
2.95	0.0461746
2.955	0.0461845
2.96	0.0461944
2.965	0.0462043
2.97	0.0462141
2.975	0.0462238
2.98	0.0462336
2.985	0.0462433
2.99	0.0462529
2.995	0.0462626
3	0.0462722
3.005	0.0462817
3.01	0.0462913
3.015	0.0463007
3.02	0.0463102
3.025	0.0463196
3.03	0.046329
3.035	0.0463384
3.04	0.0463477
3.045	0.046357
3.05	0.0463662
3.055	0.0463755
3.06	0.0463847
3.065	0.0463938
3.07	0.0464029
3.075	0.046412
3.08	0.0464211
3.085	0.0464301
3.09	0.0464391
3.095	0.046448
3.1	0.046457
3.105	0.0464659
3.11	0.0464747
3.115	0.0464836
3.12	0.0464924
3.125	0.0465011
3.13	0.0465099
3.135	0.0465186
3.14	0.0465273
3.145	0.0465359
3.15	0.0465445
3.155	0.0465531
3.16	0.0465616
3.165	0.0465701
3.17	0.0465786
3.175	0.0465871
3.18	0.0465955
3.185	0.0466039
3.19	0.0466123
3.195	0.0466206
3.2	0.0466289
3.205	0.0466372
3.21	0.0466454
3.215	0.0466537
3.22	0.0466618
3.225	0.04667
3.23	0.0466781
3.235	0.0466862
3.24	0.0466943
3.245	0.0467023
3.25	0.0467104
3.255	0.0467183
3.26	0.0467263
3.265	0.0467342
3.27	0.0467421
3.275	0.04675
3.28	0.0467578
3.285	0.0467656
3.29	0.0467734
3.295	0.0467812
3.3	0.0467889
3.305	0.0467966
3.31	0.0468043
3.315	0.0468119
3.32	0.0468196
3.325	0.0468271
3.33	0.0468347
3.335	0.0468422
3.34	0.0468498
3.345	0.0468572
3.35	0.0468647
3.355	0.0468721
3.36	0.0468795
3.365	0.0468869
3.37	0.0468943
3.375	0.0469016
3.38	0.0469089
3.385	0.0469162
3.39	0.0469235
3.395	0.0469307
3.4	0.0469379
3.405	0.0469451
3.41	0.0469522
3.415	0.0469593
3.42	0.0469664
3.425	0.0469735
3.43	0.0469805
3.435	0.0469876
3.44	0.0469946
3.445	0.0470015
3.45	0.0470085
3.455	0.0470154
3.46	0.0470223
3.465	0.0470291
3.47	0.047036
3.475	0.0470428
3.48	0.0470496
3.485	0.0470564
3.49	0.0470631
3.495	0.0470698
3.5	0.0470765
3.505	0.0470832
3.51	0.0470898
3.515	0.0470964
3.52	0.047103
3.525	0.0471096
3.53	0.0471162
3.535	0.0471227
3.54	0.0471292
3.545	0.0471357
3.55	0.0471421
3.555	0.0471486
3.56	0.047155
3.565	0.0471614
3.57	0.0471677
3.575	0.0471741
3.58	0.0471804
3.585	0.0471867
3.59	0.0471929
3.595	0.0471992
3.6	0.0472054
3.605	0.0472116
3.61	0.0472178
3.615	0.047224
3.62	0.0472301
3.625	0.0472362
3.63	0.0472423
3.635	0.0472484
3.64	0.0472544
3.645	0.0472605
3.65	0.0472665
3.655	0.0472725
3.66	0.0472784
3.665	0.0472844
3.67	0.0472903
3.675	0.0472962
3.68	0.0473021
3.685	0.0473079
3.69	0.0473137
3.695	0.0473196
3.7	0.0473254
3.705	0.0473311
3.71	0.0473369
3.715	0.0473426
3.72	0.0473483
3.725	0.047354
3.73	0.0473597
3.735	0.0473653
3.74	0.047371
3.745	0.0473766
3.75	0.0473822
3.755	0.0473877
3.76	0.0473933
3.765	0.0473988
3.77	0.0474043
3.775	0.0474098
3.78	0.0474153
3.785	0.0474207
3.79	0.0474261
3.795	0.0474315
3.8	0.0474369
3.805	0.0474423
3.81	0.0474477
3.815	0.047453
3.82	0.0474583
3.825	0.0474636
3.83	0.0474689
3.835	0.0474741
3.84	0.0474793
3.845	0.0474846
3.85	0.0474898
3.855	0.0474949
3.86	0.0475001
3.865	0.0475052
3.87	0.0475104
3.875	0.0475155
3.88	0.0475205
3.885	0.0475256
3.89	0.0475306
3.895	0.0475357
3.9	0.0475407
3.905	0.0475457
3.91	0.0475506
3.915	0.0475556
3.92	0.0475605
3.925	0.0475655
3.93	0.0475704
3.935	0.0475752
3.94	0.0475801
3.945	0.0475849
3.95	0.0475898
3.955	0.0475946
3.96	0.0475994
3.965	0.0476042
3.97	0.0476089
3.975	0.0476137
3.98	0.0476184
3.985	0.0476231
3.99	0.0476278
3.995	0.0476325
4	0.0476371
4.005	0.0476418
4.01	0.0476464
4.015	0.047651
4.02	0.0476556
4.025	0.0476601
4.03	0.0476647
4.035	0.0476692
4.04	0.0476738
4.045	0.0476783
4.05	0.0476827
4.055	0.0476872
4.06	0.0476917
4.065	0.0476961
4.07	0.0477005
4.075	0.0477049
4.08	0.0477093
4.085	0.0477137
4.09	0.0477181
4.095	0.0477224
4.1	0.0477267
4.105	0.047731
4.11	0.0477353
4.115	0.0477396
4.12	0.0477439
4.125	0.0477481
4.13	0.0477524
4.135	0.0477566
4.14	0.0477608
4.145	0.047765
4.15	0.0477691
4.155	0.0477733
4.16	0.0477774
4.165	0.0477815
4.17	0.0477856
4.175	0.0477897
4.18	0.0477938
4.185	0.0477979
4.19	0.0478019
4.195	0.047806
4.2	0.04781
4.205	0.047814
4.21	0.047818
4.215	0.047822
4.22	0.0478259
4.225	0.0478299
4.23	0.0478338
4.235	0.0478377
4.24	0.0478416
4.245	0.0478455
4.25	0.0478494
4.255	0.0478532
4.26	0.0478571
4.265	0.0478609
4.27	0.0478647
4.275	0.0478685
4.28	0.0478723
4.285	0.0478761
4.29	0.0478799
4.295	0.0478836
4.3	0.0478874
4.305	0.0478911
4.31	0.0478948
4.315	0.0478985
4.32	0.0479022
4.325	0.0479058
4.33	0.0479095
4.335	0.0479131
4.34	0.0479168
4.345	0.0479204
4.35	0.047924
4.355	0.0479276
4.36	0.0479311
4.365	0.0479347
4.37	0.0479383
4.375	0.0479418
4.38	0.0479453
4.385	0.0479488
4.39	0.0479523
4.395	0.0479558
4.4	0.0479593
4.405	0.0479627
4.41	0.0479662
4.415	0.0479696
4.42	0.047973
4.425	0.0479764
4.43	0.0479798
4.435	0.0479832
4.44	0.0479866
4.445	0.0479899
4.45	0.0479933
4.455	0.0479966
4.46	0.0479999
4.465	0.0480032
4.47	0.0480065
4.475	0.0480098
4.48	0.0480131
4.485	0.0480164
4.49	0.0480196
4.495	0.0480228
4.5	0.0480261
4.505	0.0480293
4.51	0.0480325
4.515	0.0480357
4.52	0.0480388
4.525	0.048042
4.53	0.0480452
4.535	0.0480483
4.54	0.0480514
4.545	0.0480545
4.55	0.0480576
4.555	0.0480607
4.56	0.0480638
4.565	0.0480669
4.57	0.04807
4.575	0.048073
4.58	0.048076
4.585	0.0480791
4.59	0.0480821
4.595	0.0480851
4.6	0.0480881
4.605	0.0480911
4.61	0.048094
4.615	0.048097
4.62	0.0481
4.625	0.0481029
4.63	0.0481058
4.635	0.0481087
4.64	0.0481116
4.645	0.0481145
4.65	0.0481174
4.655	0.0481203
4.66	0.0481232
4.665	0.048126
4.67	0.0481289
4.675	0.0481317
4.68	0.0481345
4.685	0.0481373
4.69	0.0481401
4.695	0.0481429
4.7	0.0481457
4.705	0.0481485
4.71	0.0481512
4.715	0.048154
4.72	0.0481567
4.725	0.0481594
4.73	0.0481622
4.735	0.0481649
4.74	0.0481676
4.745	0.0481703
4.75	0.0481729
4.755	0.0481756
4.76	0.0481783
4.765	0.0481809
4.77	0.0481835
4.775	0.0481862
4.78	0.0481888
4.785	0.0481914
4.79	0.048194
4.795	0.0481966
4.8	0.0481992
4.805	0.0482017
4.81	0.0482043
4.815	0.0482069
4.82	0.0482094
4.825	0.0482119
4.83	0.0482145
4.835	0.048217
4.84	0.0482195
4.845	0.048222
4.85	0.0482245
4.855	0.0482269
4.86	0.0482294
4.865	0.0482319
4.87	0.0482343
4.875	0.0482367
4.88	0.0482392
4.885	0.0482416
4.89	0.048244
4.895	0.0482464
4.9	0.0482488
4.905	0.0482512
4.91	0.0482536
4.915	0.0482559
4.92	0.0482583
4.925	0.0482606
4.93	0.048263
4.935	0.0482653
4.94	0.0482676
4.945	0.04827
4.95	0.0482723
4.955	0.0482746
4.96	0.0482769
4.965	0.0482791
4.97	0.0482814
4.975	0.0482837
4.98	0.0482859
4.985	0.0482882
4.99	0.0482904
4.995	0.0482927
5	0.0482949
5.005	0.0482971
5.01	0.0482993
5.015	0.0483015
5.02	0.0483037
5.025	0.0483059
5.03	0.048308
5.035	0.0483102
5.04	0.0483124
5.045	0.0483145
5.05	0.0483167
5.055	0.0483188
5.06	0.0483209
5.065	0.048323
5.07	0.0483251
5.075	0.0483272
5.08	0.0483293
5.085	0.0483314
5.09	0.0483335
5.095	0.0483356
5.1	0.0483376
5.105	0.0483397
5.11	0.0483417
5.115	0.0483438
5.12	0.0483458
5.125	0.0483478
5.13	0.0483499
5.135	0.0483519
5.14	0.0483539
5.145	0.0483559
5.15	0.0483579
5.155	0.0483598
5.16	0.0483618
5.165	0.0483638
5.17	0.0483657
5.175	0.0483677
5.18	0.0483696
5.185	0.0483716
5.19	0.0483735
5.195	0.0483754
5.2	0.0483773
5.205	0.0483792
5.21	0.0483812
5.215	0.048383
5.22	0.0483849
5.225	0.0483868
5.23	0.0483887
5.235	0.0483906
5.24	0.0483924
5.245	0.0483943
5.25	0.0483961
5.255	0.048398
5.26	0.0483998
5.265	0.0484016
5.27	0.0484034
5.275	0.0484052
5.28	0.048407
5.285	0.0484088
5.29	0.0484106
5.295	0.0484124
5.3	0.0484142
5.305	0.048416
5.31	0.0484177
5.315	0.0484195
5.32	0.0484212
5.325	0.048423
5.33	0.0484247
5.335	0.0484265
5.34	0.0484282
5.345	0.0484299
5.35	0.0484316
5.355	0.0484333
5.36	0.048435
5.365	0.0484367
5.37	0.0484384
5.375	0.0484401
5.38	0.0484418
5.385	0.0484434
5.39	0.0484451
5.395	0.0484468
5.4	0.0484484
5.405	0.04845
5.41	0.0484517
5.415	0.0484533
5.42	0.0484549
5.425	0.0484566
5.43	0.0484582
5.435	0.0484598
5.44	0.0484614
5.445	0.048463
5.45	0.0484646
5.455	0.0484661
5.46	0.0484677
5.465	0.0484693
5.47	0.0484709
5.475	0.0484724
5.48	0.048474
5.485	0.0484755
5.49	0.0484771
5.495	0.0484786
5.5	0.0484801
5.505	0.0484817
5.51	0.0484832
5.515	0.0484847
5.52	0.0484862
5.525	0.0484877
5.53	0.0484892
5.535	0.0484907
5.54	0.0484922
5.545	0.0484937
5.55	0.0484951
5.555	0.0484966
5.56	0.0484981
5.565	0.0484995
5.57	0.048501
5.575	0.0485024
5.58	0.0485039
5.585	0.0485053
5.59	0.0485067
5.595	0.0485082
5.6	0.0485096
5.605	0.048511
5.61	0.0485124
5.615	0.0485138
5.62	0.0485152
5.625	0.0485166
5.63	0.048518
5.635	0.0485194
5.64	0.0485207
5.645	0.0485221
5.65	0.0485235
5.655	0.0485248
5.66	0.0485262
5.665	0.0485276
5.67	0.0485289
5.675	0.0485303
5.68	0.0485316
5.685	0.0485329
5.69	0.0485342
5.695	0.0485356
5.7	0.0485369
5.705	0.0485382
5.71	0.0485395
5.715	0.0485408
5.72	0.0485421
5.725	0.0485434
5.73	0.0485447
5.735	0.048546
5.74	0.0485473
5.745	0.0485485
5.75	0.0485498
5.755	0.0485511
5.76	0.0485523
5.765	0.0485536
5.77	0.0485548
5.775	0.0485561
5.78	0.0485573
5.785	0.0485586
5.79	0.0485598
5.795	0.048561
5.8	0.0485622
5.805	0.0485635
5.81	0.0485647
5.815	0.0485659
5.82	0.0485671
5.825	0.0485683
5.83	0.0485695
5.835	0.0485707
5.84	0.0485719
5.845	0.0485731
5.85	0.0485742
5.855	0.0485754
5.86	0.0485766
5.865	0.0485777
5.87	0.0485789
5.875	0.0485801
5.88	0.0485812
5.885	0.0485824
5.89	0.0485835
5.895	0.0485846
5.9	0.0485858
5.905	0.0485869
5.91	0.048588
5.915	0.0485891
5.92	0.0485903
5.925	0.0485914
5.93	0.0485925
5.935	0.0485936
5.94	0.0485947
5.945	0.0485958
5.95	0.0485969
5.955	0.048598
5.96	0.0485991
5.965	0.0486001
5.97	0.0486012
5.975	0.0486023
5.98	0.0486034
5.985	0.0486044
5.99	0.0486055
5.995	0.0486065
6	0.0486076
6.005	0.0486086
6.01	0.0486097
6.015	0.0486107
6.02	0.0486118
6.025	0.0486128
6.03	0.0486138
6.035	0.0486149
6.04	0.0486159
6.045	0.0486169
6.05	0.0486179
6.055	0.0486189
6.06	0.0486199
6.065	0.0486209
6.07	0.0486219
6.075	0.0486229
6.08	0.0486239
6.085	0.0486249
6.09	0.0486259
6.095	0.0486269
6.1	0.0486278
6.105	0.0486288
6.11	0.0486298
6.115	0.0486308
6.12	0.0486317
6.125	0.0486327
6.13	0.0486336
6.135	0.0486346
6.14	0.0486355
6.145	0.0486365
6.15	0.0486374
6.155	0.0486384
6.16	0.0486393
6.165	0.0486402
6.17	0.0486411
6.175	0.0486421
6.18	0.048643
6.185	0.0486439
6.19	0.0486448
6.195	0.0486457
6.2	0.0486466
6.205	0.0486475
6.21	0.0486484
6.215	0.0486493
6.22	0.0486502
6.225	0.0486511
6.23	0.048652
6.235	0.0486529
6.24	0.0486538
6.245	0.0486546
6.25	0.0486555
6.255	0.0486564
6.26	0.0486572
6.265	0.0486581
6.27	0.048659
6.275	0.0486598
6.28	0.0486607
6.285	0.0486615
6.29	0.0486624
6.295	0.0486632
6.3	0.0486641
6.305	0.0486649
6.31	0.0486657
6.315	0.0486666
6.32	0.0486674
6.325	0.0486682
6.33	0.048669
6.335	0.0486699
6.34	0.0486707
6.345	0.0486715
6.35	0.0486723
6.355	0.0486731
6.36	0.0486739
6.365	0.0486747
6.37	0.0486755
6.375	0.0486763
6.38	0.0486771
6.385	0.0486779
6.39	0.0486787
6.395	0.0486795
6.4	0.0486802
6.405	0.048681
6.41	0.0486818
6.415	0.0486826
6.42	0.0486833
6.425	0.0486841
6.43	0.0486849
6.435	0.0486856
6.44	0.0486864
6.445	0.0486871
6.45	0.0486879
6.455	0.0486886
6.46	0.0486894
6.465	0.0486901
6.47	0.0486909
6.475	0.0486916
6.48	0.0486923
6.485	0.0486931
6.49	0.0486938
6.495	0.0486945
6.5	0.0486953
6.505	0.048696
6.51	0.0486967
6.515	0.0486974
6.52	0.0486981
6.525	0.0486988
6.53	0.0486995
6.535	0.0487002
6.54	0.048701
6.545	0.0487017
6.55	0.0487024
6.555	0.048703
6.56	0.0487037
6.565	0.0487044
6.57	0.0487051
6.575	0.0487058
6.58	0.0487065
6.585	0.0487072
6.59	0.0487078
6.595	0.0487085
6.6	0.0487092
6.605	0.0487099
6.61	0.0487105
6.615	0.0487112
6.62	0.0487119
6.625	0.0487125
6.63	0.0487132
6.635	0.0487138
6.64	0.0487145
6.645	0.0487151
6.65	0.0487158
6.655	0.0487164
6.66	0.0487171
6.665	0.0487177
6.67	0.0487183
6.675	0.048719
6.68	0.0487196
6.685	0.0487202
6.69	0.0487209
6.695	0.0487215
6.7	0.0487221
6.705	0.0487227
6.71	0.0487234
6.715	0.048724
6.72	0.0487246
6.725	0.0487252
6.73	0.0487258
6.735	0.0487264
6.74	0.048727
6.745	0.0487276
6.75	0.0487282
6.755	0.0487288
6.76	0.0487294
6.765	0.04873
6.77	0.0487306
6.775	0.0487312
6.78	0.0487318
6.785	0.0487324
6.79	0.048733
6.795	0.0487335
6.8	0.0487341
6.805	0.0487347
6.81	0.0487353
6.815	0.0487359
6.82	0.0487364
6.825	0.048737
6.83	0.0487376
6.835	0.0487381
6.84	0.0487387
6.845	0.0487392
6.85	0.0487398
6.855	0.0487404
6.86	0.0487409
6.865	0.0487415
6.87	0.048742
6.875	0.0487426
6.88	0.0487431
6.885	0.0487436
6.89	0.0487442
6.895	0.0487447
6.9	0.0487453
6.905	0.0487458
6.91	0.0487463
6.915	0.0487469
6.92	0.0487474
6.925	0.0487479
6.93	0.0487485
6.935	0.048749
6.94	0.0487495
6.945	0.04875
6.95	0.0487505
6.955	0.0487511
6.96	0.0487516
6.965	0.0487521
6.97	0.0487526
6.975	0.0487531
6.98	0.0487536
6.985	0.0487541
6.99	0.0487546
6.995	0.0487551
7	0.0487556
7.005	0.0487561
7.01	0.0487566
7.015	0.0487571
7.02	0.0487576
7.025	0.0487581
7.03	0.0487586
7.035	0.0487591
7.04	0.0487595
7.045	0.04876
7.05	0.0487605
7.055	0.048761
7.06	0.0487615
7.065	0.0487619
7.07	0.0487624
7.075	0.0487629
7.08	0.0487634
7.085	0.0487638
7.09	0.0487643
7.095	0.0487648
7.1	0.0487652
7.105	0.0487657
7.11	0.0487661
7.115	0.0487666
7.12	0.0487671
7.125	0.0487675
7.13	0.048768
7.135	0.0487684
7.14	0.0487689
7.145	0.0487693
7.15	0.0487698
7.155	0.0487702
7.16	0.0487707
7.165	0.0487711
7.17	0.0487715
7.175	0.048772
7.18	0.0487724
7.185	0.0487728
7.19	0.0487733
7.195	0.0487737
7.2	0.0487741
7.205	0.0487746
7.21	0.048775
7.215	0.0487754
7.22	0.0487758
7.225	0.0487763
7.23	0.0487767
7.235	0.0487771
7.24	0.0487775
7.245	0.0487779
7.25	0.0487784
7.255	0.0487788
7.26	0.0487792
7.265	0.0487796
7.27	0.04878
7.275	0.0487804
7.28	0.0487808
7.285	0.0487812
7.29	0.0487816
7.295	0.048782
7.3	0.0487824
7.305	0.0487828
7.31	0.0487832
7.315	0.0487836
7.32	0.048784
7.325	0.0487844
7.33	0.0487848
7.335	0.0487852
7.34	0.0487856
7.345	0.048786
7.35	0.0487863
7.355	0.0487867
7.36	0.0487871
7.365	0.0487875
7.37	0.0487879
7.375	0.0487882
7.38	0.0487886
7.385	0.048789
7.39	0.0487894
7.395	0.0487897
7.4	0.0487901
7.405	0.0487905
7.41	0.0487909
7.415	0.0487912
7.42	0.0487916
7.425	0.048792
7.43	0.0487923
7.435	0.0487927
7.44	0.048793
7.445	0.0487934
7.45	0.0487938
7.455	0.0487941
7.46	0.0487945
7.465	0.0487948
7.47	0.0487952
7.475	0.0487955
7.48	0.0487959
7.485	0.0487962
7.49	0.0487966
7.495	0.0487969
7.5	0.0487973
7.505	0.0487976
7.51	0.0487979
7.515	0.0487983
7.52	0.0487986
7.525	0.048799
7.53	0.0487993
7.535	0.0487996
7.54	0.0488
7.545	0.0488003
7.55	0.0488006
7.555	0.048801
7.56	0.0488013
7.565	0.0488016
7.57	0.048802
7.575	0.0488023
7.58	0.0488026
7.585	0.0488029
7.59	0.0488032
7.595	0.0488036
7.6	0.0488039
7.605	0.0488042
7.61	0.0488045
7.615	0.0488048
7.62	0.0488052
7.625	0.0488055
7.63	0.0488058
7.635	0.0488061
7.64	0.0488064
7.645	0.0488067
7.65	0.048807
7.655	0.0488073
7.66	0.0488076
7.665	0.0488079
7.67	0.0488083
7.675	0.0488086
7.68	0.0488089
7.685	0.0488092
7.69	0.0488095
7.695	0.0488098
7.7	0.0488101
7.705	0.0488103
7.71	0.0488106
7.715	0.0488109
7.72	0.0488112
7.725	0.0488115
7.73	0.0488118
7.735	0.0488121
7.74	0.0488124
7.745	0.0488127
7.75	0.048813
7.755	0.0488133
7.76	0.0488135
7.765	0.0488138
7.77	0.0488141
7.775	0.0488144
7.78	0.0488147
7.785	0.0488149
7.79	0.0488152
7.795	0.0488155
7.8	0.0488158
7.805	0.0488161
7.81	0.0488163
7.815	0.0488166
7.82	0.0488169
7.825	0.0488171
7.83	0.0488174
7.835	0.0488177
7.84	0.0488179
7.845	0.0488182
7.85	0.0488185
7.855	0.0488187
7.86	0.048819
7.865	0.0488193
7.87	0.0488195
7.875	0.0488198
7.88	0.0488201
7.885	0.0488203
7.89	0.0488206
7.895	0.0488208
7.9	0.0488211
7.905	0.0488213
7.91	0.0488216
7.915	0.0488219
7.92	0.0488221
7.925	0.0488224
7.93	0.0488226
7.935	0.0488229
7.94	0.0488231
7.945	0.0488234
7.95	0.0488236
7.955	0.0488239
7.96	0.0488241
7.965	0.0488243
7.97	0.0488246
7.975	0.0488248
7.98	0.0488251
7.985	0.0488253
7.99	0.0488256
7.995	0.0488258
8	0.048826
8.005	0.0488263
8.01	0.0488265
8.015	0.0488267
8.02	0.048827
8.025	0.0488272
8.03	0.0488274
8.035	0.0488277
8.04	0.0488279
8.045	0.0488281
8.05	0.0488284
8.055	0.0488286
8.06	0.0488288
8.065	0.0488291
8.07	0.0488293
8.075	0.0488295
8.08	0.0488297
8.085	0.04883
8.09	0.0488302
8.095	0.0488304
8.1	0.0488306
8.105	0.0488308
8.11	0.0488311
8.115	0.0488313
8.12	0.0488315
8.125	0.0488317
8.13	0.0488319
8.135	0.0488321
8.14	0.0488324
8.145	0.0488326
8.15	0.0488328
8.155	0.048833
8.16	0.0488332
8.165	0.0488334
8.17	0.0488336
8.175	0.0488338
8.18	0.0488341
8.185	0.0488343
8.19	0.0488345
8.195	0.0488347
8.2	0.0488349
8.205	0.0488351
8.21	0.0488353
8.215	0.0488355
8.22	0.0488357
8.225	0.0488359
8.23	0.0488361
8.235	0.0488363
8.24	0.0488365
8.245	0.0488367
8.25	0.0488369
8.255	0.0488371
8.26	0.0488373
8.265	0.0488375
8.27	0.0488377
8.275	0.0488379
8.28	0.0488381
8.285	0.0488383
8.29	0.0488385
8.295	0.0488387
8.3	0.0488388
8.305	0.048839
8.31	0.0488392
8.315	0.0488394
8.32	0.0488396
8.325	0.0488398
8.33	0.04884
8.335	0.0488402
8.34	0.0488404
8.345	0.0488405
8.35	0.0488407
8.355	0.0488409
8.36	0.0488411
8.365	0.0488413
8.37	0.0488415
8.375	0.0488416
8.38	0.0488418
8.385	0.048842
8.39	0.0488422
8.395	0.0488424
8.4	0.0488425
8.405	0.0488427
8.41	0.0488429
8.415	0.0488431
8.42	0.0488432
8.425	0.0488434
8.43	0.0488436
8.435	0.0488438
8.44	0.0488439
8.445	0.0488441
8.45	0.0488443
8.455	0.0488444
8.46	0.0488446
8.465	0.0488448
8.47	0.0488449
8.475	0.0488451
8.48	0.0488453
8.485	0.0488455
8.49	0.0488456
8.495	0.0488458
8.5	0.0488459
8.505	0.0488461
8.51	0.0488463
8.515	0.0488464
8.52	0.0488466
8.525	0.0488468
8.53	0.0488469
8.535	0.0488471
8.54	0.0488472
8.545	0.0488474
8.55	0.0488476
8.555	0.0488477
8.56	0.0488479
8.565	0.048848
8.57	0.0488482
8.575	0.0488484
8.58	0.0488485
8.585	0.0488487
8.59	0.0488488
8.595	0.048849
8.6	0.0488491
8.605	0.0488493
8.61	0.0488494
8.615	0.0488496
8.62	0.0488497
8.625	0.0488499
8.63	0.04885
8.635	0.0488502
8.64	0.0488503
8.645	0.0488505
8.65	0.0488506
8.655	0.0488508
8.66	0.0488509
8.665	0.0488511
8.67	0.0488512
8.675	0.0488514
8.68	0.0488515
8.685	0.0488517
8.69	0.0488518
8.695	0.0488519
8.7	0.0488521
8.705	0.0488522
8.71	0.0488524
8.715	0.0488525
8.72	0.0488526
8.725	0.0488528
8.73	0.0488529
8.735	0.0488531
8.74	0.0488532
8.745	0.0488533
8.75	0.0488535
8.755	0.0488536
8.76	0.0488538
8.765	0.0488539
8.77	0.048854
8.775	0.0488542
8.78	0.0488543
8.785	0.0488544
8.79	0.0488546
8.795	0.0488547
8.8	0.0488548
8.805	0.048855
8.81	0.0488551
8.815	0.0488552
8.82	0.0488554
8.825	0.0488555
8.83	0.0488556
8.835	0.0488557
8.84	0.0488559
8.845	0.048856
8.85	0.0488561
8.855	0.0488563
8.86	0.0488564
8.865	0.0488565
8.87	0.0488566
8.875	0.0488568
8.88	0.0488569
8.885	0.048857
8.89	0.0488571
8.895	0.0488573
8.9	0.0488574
8.905	0.0488575
8.91	0.0488576
8.915	0.0488577
8.92	0.0488579
8.925	0.048858
8.93	0.0488581
8.935	0.0488582
8.94	0.0488583
8.945	0.0488585
8.95	0.0488586
8.955	0.0488587
8.96	0.0488588
8.965	0.0488589
8.97	0.0488591
8.975	0.0488592
8.98	0.0488593
8.985	0.0488594
8.99	0.0488595
8.995	0.0488596
9	0.0488597
9.005	0.0488599
9.01	0.04886
9.015	0.0488601
9.02	0.0488602
9.025	0.0488603
9.03	0.0488604
9.035	0.0488605
9.04	0.0488607
9.045	0.0488608
9.05	0.0488609
9.055	0.048861
9.06	0.0488611
9.065	0.0488612
9.07	0.0488613
9.075	0.0488614
9.08	0.0488615
9.085	0.0488616
9.09	0.0488617
9.095	0.0488618
9.1	0.048862
9.105	0.0488621
9.11	0.0488622
9.115	0.0488623
9.12	0.0488624
9.125	0.0488625
9.13	0.0488626
9.135	0.0488627
9.14	0.0488628
9.145	0.0488629
9.15	0.048863
9.155	0.0488631
9.16	0.0488632
9.165	0.0488633
9.17	0.0488634
9.175	0.0488635
9.18	0.0488636
9.185	0.0488637
9.19	0.0488638
9.195	0.0488639
9.2	0.048864
9.205	0.0488641
9.21	0.0488642
9.215	0.0488643
9.22	0.0488644
9.225	0.0488645
9.23	0.0488646
9.235	0.0488647
9.24	0.0488648
9.245	0.0488649
9.25	0.048865
9.255	0.0488651
9.26	0.0488652
9.265	0.0488653
9.27	0.0488653
9.275	0.0488654
9.28	0.0488655
9.285	0.0488656
9.29	0.0488657
9.295	0.0488658
9.3	0.0488659
9.305	0.048866
9.31	0.0488661
9.315	0.0488662
9.32	0.0488663
9.325	0.0488664
9.33	0.0488664
9.335	0.0488665
9.34	0.0488666
9.345	0.0488667
9.35	0.0488668
9.355	0.0488669
9.36	0.048867
9.365	0.0488671
9.37	0.0488672
9.375	0.0488672
9.38	0.0488673
9.385	0.0488674
9.39	0.0488675
9.395	0.0488676
9.4	0.0488677
9.405	0.0488678
9.41	0.0488678
9.415	0.0488679
9.42	0.048868
9.425	0.0488681
9.43	0.0488682
9.435	0.0488683
9.44	0.0488683
9.445	0.0488684
9.45	0.0488685
9.455	0.0488686
9.46	0.0488687
9.465	0.0488688
9.47	0.0488688
9.475	0.0488689
9.48	0.048869
9.485	0.0488691
9.49	0.0488692
9.495	0.0488692
9.5	0.0488693
9.505	0.0488694
9.51	0.0488695
9.515	0.0488696
9.52	0.0488696
9.525	0.0488697
9.53	0.0488698
9.535	0.0488699
9.54	0.0488699
9.545	0.04887
9.55	0.0488701
9.555	0.0488702
9.56	0.0488703
9.565	0.0488703
9.57	0.0488704
9.575	0.0488705
9.58	0.0488706
9.585	0.0488706
9.59	0.0488707
9.595	0.0488708
9.6	0.0488708
9.605	0.0488709
9.61	0.048871
9.615	0.0488711
9.62	0.0488711
9.625	0.0488712
9.63	0.0488713
9.635	0.0488714
9.64	0.0488714
9.645	0.0488715
9.65	0.0488716
9.655	0.0488716
9.66	0.0488717
9.665	0.0488718
9.67	0.0488719
9.675	0.0488719
9.68	0.048872
9.685	0.0488721
9.69	0.0488721
9.695	0.0488722
9.7	0.0488723
9.705	0.0488723
9.71	0.0488724
9.715	0.0488725
9.72	0.0488725
9.725	0.0488726
9.73	0.0488727
9.735	0.0488727
9.74	0.0488728
9.745	0.0488729
9.75	0.0488729
9.755	0.048873
9.76	0.0488731
9.765	0.0488731
9.77	0.0488732
9.775	0.0488733
9.78	0.0488733
9.785	0.0488734
9.79	0.0488735
9.795	0.0488735
9.8	0.0488736
9.805	0.0488737
9.81	0.0488737
9.815	0.0488738
9.82	0.0488738
9.825	0.0488739
9.83	0.048874
9.835	0.048874
9.84	0.0488741
9.845	0.0488742
9.85	0.0488742
9.855	0.0488743
9.86	0.0488743
9.865	0.0488744
9.87	0.0488745
9.875	0.0488745
9.88	0.0488746
9.885	0.0488746
9.89	0.0488747
9.895	0.0488748
9.9	0.0488748
9.905	0.0488749
9.91	0.0488749
9.915	0.048875
9.92	0.0488751
9.925	0.0488751
9.93	0.0488752
9.935	0.0488752
9.94	0.0488753
9.945	0.0488753
9.95	0.0488754
9.955	0.0488755
9.96	0.0488755
9.965	0.0488756
9.97	0.0488756
9.975	0.0488757
9.98	0.0488757
9.985	0.0488758
9.99	0.0488758
9.995	0.0488759
