	0
0.005	0.0599813
0.01	0.0977542
0.015	0.122476
0.02	0.139333
0.025	0.151316
0.03	0.160181
0.035	0.166985
0.04	0.172377
0.045	0.176771
0.05	0.180435
0.055	0.18355
0.06	0.186241
0.065	0.188596
0.07	0.190682
0.075	0.192547
0.08	0.194227
0.085	0.195751
0.09	0.197141
0.095	0.198417
0.1	0.199593
0.105	0.200681
0.11	0.201692
0.115	0.202634
0.12	0.203516
0.125	0.204345
0.13	0.205124
0.135	0.205859
0.14	0.206552
0.145	0.207209
0.15	0.207832
0.155	0.208424
0.16	0.208987
0.165	0.209523
0.17	0.210036
0.175	0.210527
0.18	0.210998
0.185	0.211449
0.19	0.211882
0.195	0.212298
0.2	0.212698
0.205	0.213082
0.21	0.213453
0.215	0.21381
0.22	0.214155
0.225	0.214488
0.23	0.214811
0.235	0.215125
0.24	0.215428
0.245	0.215722
0.25	0.216007
0.255	0.216283
0.26	0.216552
0.265	0.216812
0.27	0.217065
0.275	0.217311
0.28	0.21755
0.285	0.217783
0.29	0.218012
0.295	0.218235
0.3	0.218453
0.305	0.218665
0.31	0.218871
0.315	0.219073
0.32	0.21927
0.325	0.219463
0.33	0.219651
0.335	0.219834
0.34	0.220014
0.345	0.22019
0.35	0.220362
0.355	0.220531
0.36	0.220697
0.365	0.22086
0.37	0.22102
0.375	0.221176
0.38	0.22133
0.385	0.22148
0.39	0.221627
0.395	0.221772
0.4	0.221913
0.405	0.222052
0.41	0.222189
0.415	0.222323
0.42	0.222454
0.425	0.222584
0.43	0.222711
0.435	0.222835
0.44	0.222958
0.445	0.223078
0.45	0.223196
0.455	0.223313
0.46	0.223427
0.465	0.223539
0.47	0.223651
0.475	0.223761
0.48	0.223869
0.485	0.223975
0.49	0.22408
0.495	0.224183
0.5	0.224284
0.505	0.224384
0.51	0.224482
0.515	0.224579
0.52	0.224674
0.525	0.224768
0.53	0.22486
0.535	0.224951
0.54	0.225041
0.545	0.225129
0.55	0.225217
0.555	0.225303
0.56	0.225387
0.565	0.225471
0.57	0.225553
0.575	0.225634
0.58	0.225714
0.585	0.225793
0.59	0.225871
0.595	0.225948
0.6	0.226024
0.605	0.226098
0.61	0.226172
0.615	0.226245
0.62	0.226317
0.625	0.226387
0.63	0.226457
0.635	0.226526
0.64	0.226594
0.645	0.226661
0.65	0.226728
0.655	0.226793
0.66	0.226858
0.665	0.226921
0.67	0.226984
0.675	0.227047
0.68	0.227108
0.685	0.227169
0.69	0.227229
0.695	0.227288
0.7	0.227346
0.705	0.227404
0.71	0.227461
0.715	0.227517
0.72	0.227573
0.725	0.227627
0.73	0.227682
0.735	0.227735
0.74	0.227788
0.745	0.227841
0.75	0.227892
0.755	0.227943
0.76	0.227994
0.765	0.228044
0.77	0.228093
0.775	0.228142
0.78	0.22819
0.785	0.228238
0.79	0.228285
0.795	0.228331
0.8	0.228377
0.805	0.228423
0.81	0.228467
0.815	0.228512
0.82	0.228556
0.825	0.228599
0.83	0.228642
0.835	0.228685
0.84	0.228726
0.845	0.228768
0.85	0.228809
0.855	0.22885
0.86	0.22889
0.865	0.228929
0.87	0.228968
0.875	0.229007
0.88	0.229046
0.885	0.229084
0.89	0.229121
0.895	0.229158
0.9	0.229195
0.905	0.229231
0.91	0.229267
0.915	0.229302
0.92	0.229338
0.925	0.229372
0.93	0.229407
0.935	0.229441
0.94	0.229474
0.945	0.229507
0.95	0.22954
0.955	0.229573
0.96	0.229605
0.965	0.229637
0.97	0.229668
0.975	0.2297
0.98	0.229731
0.985	0.229761
0.99	0.229792
0.995	0.229822
1	0.229851
1.005	0.229881
1.01	0.22991
1.015	0.229939
1.02	0.229967
1.025	0.229995
1.03	0.230023
1.035	0.230051
1.04	0.230078
1.045	0.230105
1.05	0.230132
1.055	0.230158
1.06	0.230184
1.065	0.23021
1.07	0.230236
1.075	0.230261
1.08	0.230286
1.085	0.230311
1.09	0.230336
1.095	0.23036
1.1	0.230384
1.105	0.230408
1.11	0.230432
1.115	0.230455
1.12	0.230478
1.125	0.230501
1.13	0.230524
1.135	0.230546
1.14	0.230568
1.145	0.23059
1.15	0.230612
1.155	0.230633
1.16	0.230655
1.165	0.230676
1.17	0.230697
1.175	0.230717
1.18	0.230738
1.185	0.230758
1.19	0.230778
1.195	0.230799
1.2	0.230819
1.205	0.230838
1.21	0.230858
1.215	0.230878
1.22	0.230897
1.225	0.230916
1.23	0.230935
1.235	0.230954
1.24	0.230972
1.245	0.230991
1.25	0.231009
1.255	0.231027
1.26	0.231045
1.265	0.231063
1.27	0.23108
1.275	0.231098
1.28	0.231115
1.285	0.231132
1.29	0.231149
1.295	0.231166
1.3	0.231182
1.305	0.231199
1.31	0.231215
1.315	0.231231
1.32	0.231247
1.325	0.231263
1.33	0.231279
1.335	0.231294
1.34	0.23131
1.345	0.231325
1.35	0.23134
1.355	0.231355
1.36	0.23137
1.365	0.231384
1.37	0.231399
1.375	0.231413
1.38	0.231427
1.385	0.231441
1.39	0.231455
1.395	0.231469
1.4	0.231483
1.405	0.231496
1.41	0.23151
1.415	0.231523
1.42	0.231536
1.425	0.231549
1.43	0.231562
1.435	0.231575
1.44	0.231588
1.445	0.2316
1.45	0.231613
1.455	0.231625
1.46	0.231637
1.465	0.231649
1.47	0.231661
1.475	0.231673
1.48	0.231685
1.485	0.231697
1.49	0.231708
1.495	0.23172
1.5	0.231731
1.505	0.231742
1.51	0.231753
1.515	0.231764
1.52	0.231775
1.525	0.231786
1.53	0.231797
1.535	0.231807
1.54	0.231818
1.545	0.231828
1.55	0.231838
1.555	0.231849
1.56	0.231859
1.565	0.231869
1.57	0.231879
1.575	0.231889
1.58	0.231898
1.585	0.231908
1.59	0.231918
1.595	0.231927
1.6	0.231936
1.605	0.231946
1.61	0.231955
1.615	0.231964
1.62	0.231973
1.625	0.231982
1.63	0.231991
1.635	0.232
1.64	0.232008
1.645	0.232017
1.65	0.232026
1.655	0.232034
1.66	0.232043
1.665	0.232051
1.67	0.232059
1.675	0.232067
1.68	0.232075
1.685	0.232083
1.69	0.232091
1.695	0.232099
1.7	0.232107
1.705	0.232115
1.71	0.232123
1.715	0.23213
1.72	0.232138
1.725	0.232145
1.73	0.232153
1.735	0.23216
1.74	0.232167
1.745	0.232174
1.75	0.232181
1.755	0.232188
1.76	0.232196
1.765	0.232202
1.77	0.232209
1.775	0.232216
1.78	0.232223
1.785	0.23223
1.79	0.232236
1.795	0.232243
1.8	0.232249
1.805	0.232256
1.81	0.232262
1.815	0.232269
1.82	0.232275
1.825	0.232281
1.83	0.232287
1.835	0.232293
1.84	0.232299
1.845	0.232305
1.85	0.232311
1.855	0.232317
1.86	0.232323
1.865	0.232329
1.87	0.232335
1.875	0.23234
1.88	0.232346
1.885	0.232352
1.89	0.232357
1.895	0.232363
1.9	0.232368
1.905	0.232374
1.91	0.232379
1.915	0.232384
1.92	0.23239
1.925	0.232395
1.93	0.2324
1.935	0.232405
1.94	0.23241
1.945	0.232415
1.95	0.23242
1.955	0.232425
1.96	0.23243
1.965	0.232435
1.97	0.23244
1.975	0.232445
1.98	0.232449
1.985	0.232454
1.99	0.232459
1.995	0.232463
2	0.232468
2.005	0.232472
2.01	0.232477
2.015	0.232481
2.02	0.232486
2.025	0.23249
2.03	0.232495
2.035	0.232499
2.04	0.232503
2.045	0.232507
2.05	0.232512
2.055	0.232516
2.06	0.23252
2.065	0.232524
2.07	0.232528
2.075	0.232532
2.08	0.232536
2.085	0.23254
2.09	0.232544
2.095	0.232548
2.1	0.232552
2.105	0.232556
2.11	0.23256
2.115	0.232563
2.12	0.232567
2.125	0.232571
2.13	0.232574
2.135	0.232578
2.14	0.232582
2.145	0.232585
2.15	0.232589
2.155	0.232592
2.16	0.232596
2.165	0.232599
2.17	0.232603
2.175	0.232606
2.18	0.23261
2.185	0.232613
2.19	0.232616
2.195	0.23262
2.2	0.232623
2.205	0.232626
2.21	0.232629
2.215	0.232633
2.22	0.232636
2.225	0.232639
2.23	0.232642
2.235	0.232645
2.24	0.232648
2.245	0.232651
2.25	0.232654
2.255	0.232657
2.26	0.23266
2.265	0.232663
2.27	0.232666
2.275	0.232669
2.28	0.232672
2.285	0.232675
2.29	0.232678
2.295	0.23268
2.3	0.232683
2.305	0.232686
2.31	0.232689
2.315	0.232691
2.32	0.232694
2.325	0.232697
2.33	0.2327
2.335	0.232702
2.34	0.232705
2.345	0.232707
2.35	0.23271
2.355	0.232712
2.36	0.232715
2.365	0.232718
2.37	0.23272
2.375	0.232723
2.38	0.232725
2.385	0.232727
2.39	0.23273
2.395	0.232732
2.4	0.232735
2.405	0.232737
2.41	0.232739
2.415	0.232742
2.42	0.232744
2.425	0.232746
2.43	0.232749
2.435	0.232751
2.44	0.232753
2.445	0.232755
2.45	0.232758
2.455	0.23276
2.46	0.232762
2.465	0.232764
2.47	0.232766
2.475	0.232768
2.48	0.23277
2.485	0.232773
2.49	0.232775
2.495	0.232777
2.5	0.232779
2.505	0.232781
2.51	0.232783
2.515	0.232785
2.52	0.232787
2.525	0.232789
2.53	0.232791
2.535	0.232793
2.54	0.232795
2.545	0.232796
2.55	0.232798
2.555	0.2328
2.56	0.232802
2.565	0.232804
2.57	0.232806
2.575	0.232808
2.58	0.232809
2.585	0.232811
2.59	0.232813
2.595	0.232815
2.6	0.232817
2.605	0.232818
2.61	0.23282
2.615	0.232822
2.62	0.232824
2.625	0.232825
2.63	0.232827
2.635	0.232829
2.64	0.23283
2.645	0.232832
2.65	0.232834
2.655	0.232835
2.66	0.232837
2.665	0.232838
2.67	0.23284
2.675	0.232842
2.68	0.232843
2.685	0.232845
2.69	0.232846
2.695	0.232848
2.7	0.232849
2.705	0.232851
2.71	0.232852
2.715	0.232854
2.72	0.232855
2.725	0.232857
2.73	0.232858
2.735	0.23286
2.74	0.232861
2.745	0.232863
2.75	0.232864
2.755	0.232866
2.76	0.232867
2.765	0.232868
2.77	0.23287
2.775	0.232871
2.78	0.232872
2.785	0.232874
2.79	0.232875
2.795	0.232877
2.8	0.232878
2.805	0.232879
2.81	0.23288
2.815	0.232882
2.82	0.232883
2.825	0.232884
2.83	0.232886
2.835	0.232887
2.84	0.232888
2.845	0.232889
2.85	0.232891
2.855	0.232892
2.86	0.232893
2.865	0.232894
2.87	0.232896
2.875	0.232897
2.88	0.232898
2.885	0.232899
2.89	0.2329
2.895	0.232902
2.9	0.232903
2.905	0.232904
2.91	0.232905
2.915	0.232906
2.92	0.232907
2.925	0.232908
2.93	0.23291
2.935	0.232911
2.94	0.232912
2.945	0.232913
2.95	0.232914
2.955	0.232915
2.96	0.232916
2.965	0.232917
2.97	0.232918
2.975	0.232919
2.98	0.23292
2.985	0.232921
2.99	0.232922
2.995	0.232924
3	0.232925
3.005	0.232926
3.01	0.232927
3.015	0.232928
3.02	0.23293
3.025	0.232931
3.03	0.232932
3.035	0.232933
3.04	0.232934
3.045	0.232935
3.05	0.232936
3.055	0.232938
3.06	0.232939
3.065	0.23294
3.07	0.232941
3.075	0.232942
3.08	0.232943
3.085	0.232944
3.09	0.232945
3.095	0.232946
3.1	0.232948
3.105	0.232949
3.11	0.23295
3.115	0.232951
3.12	0.232952
3.125	0.232953
3.13	0.232954
3.135	0.232955
3.14	0.232956
3.145	0.232957
3.15	0.232958
3.155	0.232959
3.16	0.23296
3.165	0.232961
3.17	0.232962
3.175	0.232963
3.18	0.232964
3.185	0.232965
3.19	0.232966
3.195	0.232967
3.2	0.232968
3.205	0.232969
3.21	0.23297
3.215	0.232971
3.22	0.232972
3.225	0.232973
3.23	0.232974
3.235	0.232975
3.24	0.232975
3.245	0.232976
3.25	0.232977
3.255	0.232978
3.26	0.232979
3.265	0.23298
3.27	0.232981
3.275	0.232982
3.28	0.232983
3.285	0.232984
3.29	0.232984
3.295	0.232985
3.3	0.232986
3.305	0.232987
3.31	0.232988
3.315	0.232989
3.32	0.23299
3.325	0.23299
3.33	0.232991
3.335	0.232992
3.34	0.232993
3.345	0.232994
3.35	0.232995
3.355	0.232995
3.36	0.232996
3.365	0.232997
3.37	0.232998
3.375	0.232999
3.38	0.232999
3.385	0.233
3.39	0.233001
3.395	0.233002
3.4	0.233003
3.405	0.233003
3.41	0.233004
3.415	0.233005
3.42	0.233006
3.425	0.233007
3.43	0.233007
3.435	0.233008
3.44	0.233009
3.445	0.23301
3.45	0.23301
3.455	0.233011
3.46	0.233012
3.465	0.233012
3.47	0.233013
3.475	0.233014
3.48	0.233015
3.485	0.233015
3.49	0.233016
3.495	0.233017
3.5	0.233018
3.505	0.233018
3.51	0.233019
3.515	0.23302
3.52	0.23302
3.525	0.233021
3.53	0.233022
3.535	0.233022
3.54	0.233023
3.545	0.233024
3.55	0.233024
3.555	0.233025
3.56	0.233026
3.565	0.233026
3.57	0.233027
3.575	0.233028
3.58	0.233028
3.585	0.233029
3.59	0.23303
3.595	0.23303
3.6	0.233031
3.605	0.233032
3.61	0.233032
3.615	0.233033
3.62	0.233034
3.625	0.233034
3.63	0.233035
3.635	0.233035
3.64	0.233036
3.645	0.233037
3.65	0.233037
3.655	0.233038
3.66	0.233038
3.665	0.233039
3.67	0.23304
3.675	0.23304
3.68	0.233041
3.685	0.233041
3.69	0.233042
3.695	0.233043
3.7	0.233043
3.705	0.233044
3.71	0.233044
3.715	0.233045
3.72	0.233046
3.725	0.233046
3.73	0.233047
3.735	0.233047
3.74	0.233048
3.745	0.233048
3.75	0.233049
3.755	0.233049
3.76	0.23305
3.765	0.233051
3.77	0.233051
3.775	0.233052
3.78	0.233052
3.785	0.233053
3.79	0.233053
3.795	0.233054
3.8	0.233054
3.805	0.233055
3.81	0.233055
3.815	0.233056
3.82	0.233056
3.825	0.233057
3.83	0.233057
3.835	0.233058
3.84	0.233059
3.845	0.233059
3.85	0.23306
3.855	0.23306
3.86	0.233061
3.865	0.233061
3.87	0.233062
3.875	0.233062
3.88	0.233063
3.885	0.233063
3.89	0.233064
3.895	0.233064
3.9	0.233064
3.905	0.233065
3.91	0.233065
3.915	0.233066
3.92	0.233066
3.925	0.233067
3.93	0.233067
3.935	0.233068
3.94	0.233068
3.945	0.233069
3.95	0.233069
3.955	0.23307
3.96	0.23307
3.965	0.233071
3.97	0.233071
3.975	0.233072
3.98	0.233072
3.985	0.233072
3.99	0.233073
3.995	0.233073
4	0.233074
4.005	0.233074
4.01	0.233075
4.015	0.233075
4.02	0.233075
4.025	0.233076
4.03	0.233076
4.035	0.233077
4.04	0.233077
4.045	0.233078
4.05	0.233078
4.055	0.233078
4.06	0.233079
4.065	0.233079
4.07	0.23308
4.075	0.23308
4.08	0.233081
4.085	0.233081
4.09	0.233081
4.095	0.233082
4.1	0.233082
4.105	0.233083
4.11	0.233083
4.115	0.233083
4.12	0.233084
4.125	0.233084
4.13	0.233085
4.135	0.233085
4.14	0.233085
4.145	0.233086
4.15	0.233086
4.155	0.233087
4.16	0.233087
4.165	0.233087
4.17	0.233088
4.175	0.233088
4.18	0.233088
4.185	0.233089
4.19	0.233089
4.195	0.23309
4.2	0.23309
4.205	0.23309
4.21	0.233091
4.215	0.233091
4.22	0.233091
4.225	0.233092
4.23	0.233092
4.235	0.233092
4.24	0.233093
4.245	0.233093
4.25	0.233094
4.255	0.233094
4.26	0.233094
4.265	0.233095
4.27	0.233095
4.275	0.233095
4.28	0.233096
4.285	0.233096
4.29	0.233096
4.295	0.233097
4.3	0.233097
4.305	0.233097
4.31	0.233098
4.315	0.233098
4.32	0.233098
4.325	0.233099
4.33	0.233099
4.335	0.233099
4.34	0.2331
4.345	0.2331
4.35	0.2331
4.355	0.233101
4.36	0.233101
4.365	0.233101
4.37	0.233102
4.375	0.233102
4.38	0.233102
4.385	0.233103
4.39	0.233103
4.395	0.233103
4.4	0.233103
4.405	0.233104
4.41	0.233104
4.415	0.233104
4.42	0.233105
4.425	0.233105
4.43	0.233105
4.435	0.233106
4.44	0.233106
4.445	0.233106
4.45	0.233107
4.455	0.233107
4.46	0.233107
4.465	0.233107
4.47	0.233108
4.475	0.233108
4.48	0.233108
4.485	0.233109
4.49	0.233109
4.495	0.233109
4.5	0.233109
4.505	0.23311
4.51	0.23311
4.515	0.23311
4.52	0.233111
4.525	0.233111
4.53	0.233111
4.535	0.233111
4.54	0.233112
4.545	0.233112
4.55	0.233112
4.555	0.233112
4.56	0.233113
4.565	0.233113
4.57	0.233113
4.575	0.233114
4.58	0.233114
4.585	0.233114
4.59	0.233114
4.595	0.233115
4.6	0.233115
4.605	0.233115
4.61	0.233115
4.615	0.233116
4.62	0.233116
4.625	0.233116
4.63	0.233116
4.635	0.233117
4.64	0.233117
4.645	0.233117
4.65	0.233117
4.655	0.233118
4.66	0.233118
4.665	0.233118
4.67	0.233118
4.675	0.233119
4.68	0.233119
4.685	0.233119
4.69	0.233119
4.695	0.23312
4.7	0.23312
4.705	0.23312
4.71	0.23312
4.715	0.233121
4.72	0.233121
4.725	0.233121
4.73	0.233121
4.735	0.233122
4.74	0.233122
4.745	0.233122
4.75	0.233122
4.755	0.233122
4.76	0.233123
4.765	0.233123
4.77	0.233123
4.775	0.233123
4.78	0.233124
4.785	0.233124
4.79	0.233124
4.795	0.233124
4.8	0.233124
4.805	0.233125
4.81	0.233125
4.815	0.233125
4.82	0.233125
4.825	0.233126
4.83	0.233126
4.835	0.233126
4.84	0.233126
4.845	0.233126
4.85	0.233127
4.855	0.233127
4.86	0.233127
4.865	0.233127
4.87	0.233127
4.875	0.233128
4.88	0.233128
4.885	0.233128
4.89	0.233128
4.895	0.233128
4.9	0.233129
4.905	0.233129
4.91	0.233129
4.915	0.233129
4.92	0.233129
4.925	0.23313
4.93	0.23313
4.935	0.23313
4.94	0.23313
4.945	0.23313
4.95	0.233131
4.955	0.233131
4.96	0.233131
4.965	0.233131
4.97	0.233131
4.975	0.233132
4.98	0.233132
4.985	0.233132
4.99	0.233132
4.995	0.233132
5	0.233133
5.005	0.233133
5.01	0.233133
5.015	0.233133
5.02	0.233133
5.025	0.233133
5.03	0.233134
5.035	0.233134
5.04	0.233134
5.045	0.233134
5.05	0.233134
5.055	0.233134
5.06	0.233135
5.065	0.233135
5.07	0.233135
5.075	0.233135
5.08	0.233135
5.085	0.233136
5.09	0.233136
5.095	0.233136
5.1	0.233136
5.105	0.233136
5.11	0.233136
5.115	0.233137
5.12	0.233137
5.125	0.233137
5.13	0.233137
5.135	0.233137
5.14	0.233137
5.145	0.233138
5.15	0.233138
5.155	0.233138
5.16	0.233138
5.165	0.233138
5.17	0.233138
5.175	0.233139
5.18	0.233139
5.185	0.233139
5.19	0.233139
5.195	0.233139
5.2	0.233139
5.205	0.233139
5.21	0.23314
5.215	0.23314
5.22	0.23314
5.225	0.23314
5.23	0.23314
5.235	0.23314
5.24	0.233141
5.245	0.233141
5.25	0.233141
5.255	0.233141
5.26	0.233141
5.265	0.233141
5.27	0.233142
5.275	0.233142
5.28	0.233142
5.285	0.233142
5.29	0.233142
5.295	0.233142
5.3	0.233142
5.305	0.233143
5.31	0.233143
5.315	0.233143
5.32	0.233143
5.325	0.233143
5.33	0.233143
5.335	0.233144
5.34	0.233144
5.345	0.233144
5.35	0.233144
5.355	0.233144
5.36	0.233144
5.365	0.233144
5.37	0.233145
5.375	0.233145
5.38	0.233145
5.385	0.233145
5.39	0.233145
5.395	0.233145
5.4	0.233145
5.405	0.233146
5.41	0.233146
5.415	0.233146
5.42	0.233146
5.425	0.233146
5.43	0.233146
5.435	0.233146
5.44	0.233146
5.445	0.233147
5.45	0.233147
5.455	0.233147
5.46	0.233147
5.465	0.233147
5.47	0.233147
5.475	0.233147
5.48	0.233148
5.485	0.233148
5.49	0.233148
5.495	0.233148
5.5	0.233148
5.505	0.233148
5.51	0.233148
5.515	0.233148
5.52	0.233149
5.525	0.233149
5.53	0.233149
5.535	0.233149
5.54	0.233149
5.545	0.233149
5.55	0.233149
5.555	0.233149
5.56	0.23315
5.565	0.23315
5.57	0.23315
5.575	0.23315
5.58	0.23315
5.585	0.23315
5.59	0.23315
5.595	0.23315
5.6	0.233151
5.605	0.233151
5.61	0.233151
5.615	0.233151
5.62	0.233151
5.625	0.233151
5.63	0.233151
5.635	0.233151
5.64	0.233151
5.645	0.233152
5.65	0.233152
5.655	0.233152
5.66	0.233152
5.665	0.233152
5.67	0.233152
5.675	0.233152
5.68	0.233152
5.685	0.233152
5.69	0.233153
5.695	0.233153
5.7	0.233153
5.705	0.233153
5.71	0.233153
5.715	0.233153
5.72	0.233153
5.725	0.233153
5.73	0.233153
5.735	0.233154
5.74	0.233154
5.745	0.233154
5.75	0.233154
5.755	0.233154
5.76	0.233154
5.765	0.233154
5.77	0.233154
5.775	0.233154
5.78	0.233154
5.785	0.233155
5.79	0.233155
5.795	0.233155
5.8	0.233155
5.805	0.233155
5.81	0.233155
5.815	0.233155
5.82	0.233155
5.825	0.233155
5.83	0.233155
5.835	0.233156
5.84	0.233156
5.845	0.233156
5.85	0.233156
5.855	0.233156
5.86	0.233156
5.865	0.233156
5.87	0.233156
5.875	0.233156
5.88	0.233156
5.885	0.233157
5.89	0.233157
5.895	0.233157
5.9	0.233157
5.905	0.233157
5.91	0.233157
5.915	0.233157
5.92	0.233157
5.925	0.233157
5.93	0.233157
5.935	0.233157
5.94	0.233158
5.945	0.233158
5.95	0.233158
5.955	0.233158
5.96	0.233158
5.965	0.233158
5.97	0.233158
5.975	0.233158
5.98	0.233158
5.985	0.233158
5.99	0.233158
5.995	0.233158
6	0.233159
6.005	0.233159
6.01	0.233159
6.015	0.233159
6.02	0.233159
6.025	0.233159
6.03	0.233159
6.035	0.233159
6.04	0.233159
6.045	0.233159
6.05	0.233159
6.055	0.233159
6.06	0.23316
6.065	0.23316
6.07	0.23316
6.075	0.23316
6.08	0.23316
6.085	0.23316
6.09	0.23316
6.095	0.23316
6.1	0.23316
6.105	0.23316
6.11	0.23316
6.115	0.23316
6.12	0.23316
6.125	0.233161
6.13	0.233161
6.135	0.233161
6.14	0.233161
6.145	0.233161
6.15	0.233161
6.155	0.233161
6.16	0.233161
6.165	0.233161
6.17	0.233161
6.175	0.233161
6.18	0.233161
6.185	0.233161
6.19	0.233161
6.195	0.233162
6.2	0.233162
6.205	0.233162
6.21	0.233162
6.215	0.233162
6.22	0.233162
6.225	0.233162
6.23	0.233162
6.235	0.233162
6.24	0.233162
6.245	0.233162
6.25	0.233162
6.255	0.233162
6.26	0.233162
6.265	0.233163
6.27	0.233163
6.275	0.233163
6.28	0.233163
6.285	0.233163
6.29	0.233163
6.295	0.233163
6.3	0.233163
6.305	0.233163
6.31	0.233163
6.315	0.233163
6.32	0.233163
6.325	0.233163
6.33	0.233163
6.335	0.233163
6.34	0.233164
6.345	0.233164
6.35	0.233164
6.355	0.233164
6.36	0.233164
6.365	0.233164
6.37	0.233164
6.375	0.233164
6.38	0.233164
6.385	0.233164
6.39	0.233164
6.395	0.233164
6.4	0.233164
6.405	0.233164
6.41	0.233164
6.415	0.233164
6.42	0.233164
6.425	0.233165
6.43	0.233165
6.435	0.233165
6.44	0.233165
6.445	0.233165
6.45	0.233165
6.455	0.233165
6.46	0.233165
6.465	0.233165
6.47	0.233165
6.475	0.233165
6.48	0.233165
6.485	0.233165
6.49	0.233165
6.495	0.233165
6.5	0.233165
6.505	0.233165
6.51	0.233166
6.515	0.233166
6.52	0.233166
6.525	0.233166
6.53	0.233166
6.535	0.233166
6.54	0.233166
6.545	0.233166
6.55	0.233166
6.555	0.233166
6.56	0.233166
6.565	0.233166
6.57	0.233166
6.575	0.233166
6.58	0.233166
6.585	0.233166
6.59	0.233166
6.595	0.233166
6.6	0.233166
6.605	0.233167
6.61	0.233167
6.615	0.233167
6.62	0.233167
6.625	0.233167
6.63	0.233167
6.635	0.233167
6.64	0.233167
6.645	0.233167
6.65	0.233167
6.655	0.233167
6.66	0.233167
6.665	0.233167
6.67	0.233167
6.675	0.233167
6.68	0.233167
6.685	0.233167
6.69	0.233167
6.695	0.233167
6.7	0.233167
6.705	0.233167
6.71	0.233168
6.715	0.233168
6.72	0.233168
6.725	0.233168
6.73	0.233168
6.735	0.233168
6.74	0.233168
6.745	0.233168
6.75	0.233168
6.755	0.233168
6.76	0.233168
6.765	0.233168
6.77	0.233168
6.775	0.233168
6.78	0.233168
6.785	0.233168
6.79	0.233168
6.795	0.233168
6.8	0.233168
6.805	0.233168
6.81	0.233168
6.815	0.233168
6.82	0.233168
6.825	0.233169
6.83	0.233169
6.835	0.233169
6.84	0.233169
6.845	0.233169
6.85	0.233169
6.855	0.233169
6.86	0.233169
6.865	0.233169
6.87	0.233169
6.875	0.233169
6.88	0.233169
6.885	0.233169
6.89	0.233169
6.895	0.233169
6.9	0.233169
6.905	0.233169
6.91	0.233169
6.915	0.233169
6.92	0.233169
6.925	0.233169
6.93	0.233169
6.935	0.233169
6.94	0.233169
6.945	0.233169
6.95	0.23317
6.955	0.23317
6.96	0.23317
6.965	0.23317
6.97	0.23317
6.975	0.23317
6.98	0.23317
6.985	0.23317
6.99	0.23317
6.995	0.23317
7	0.23317
7.005	0.23317
7.01	0.23317
7.015	0.23317
7.02	0.23317
7.025	0.23317
7.03	0.23317
7.035	0.23317
7.04	0.23317
7.045	0.23317
7.05	0.23317
7.055	0.23317
7.06	0.23317
7.065	0.23317
7.07	0.23317
7.075	0.23317
7.08	0.23317
7.085	0.23317
7.09	0.233171
7.095	0.233171
7.1	0.233171
7.105	0.233171
7.11	0.233171
7.115	0.233171
7.12	0.233171
7.125	0.233171
7.13	0.233171
7.135	0.233171
7.14	0.233171
7.145	0.233171
7.15	0.233171
7.155	0.233171
7.16	0.233171
7.165	0.233171
7.17	0.233171
7.175	0.233171
7.18	0.233171
7.185	0.233171
7.19	0.233171
7.195	0.233171
7.2	0.233171
7.205	0.233171
7.21	0.233171
7.215	0.233171
7.22	0.233171
7.225	0.233171
7.23	0.233171
7.235	0.233171
7.24	0.233171
7.245	0.233171
7.25	0.233172
7.255	0.233172
7.26	0.233172
7.265	0.233172
7.27	0.233172
7.275	0.233172
7.28	0.233172
7.285	0.233172
7.29	0.233172
7.295	0.233172
7.3	0.233172
7.305	0.233172
7.31	0.233172
7.315	0.233172
7.32	0.233172
7.325	0.233172
7.33	0.233172
7.335	0.233172
7.34	0.233172
7.345	0.233172
7.35	0.233172
7.355	0.233172
7.36	0.233172
7.365	0.233172
7.37	0.233172
7.375	0.233172
7.38	0.233172
7.385	0.233172
7.39	0.233172
7.395	0.233172
7.4	0.233172
7.405	0.233172
7.41	0.233172
7.415	0.233172
7.42	0.233172
7.425	0.233172
7.43	0.233173
7.435	0.233173
7.44	0.233173
7.445	0.233173
7.45	0.233173
7.455	0.233173
7.46	0.233173
7.465	0.233173
7.47	0.233173
7.475	0.233173
7.48	0.233173
7.485	0.233173
7.49	0.233173
7.495	0.233173
7.5	0.233173
7.505	0.233173
7.51	0.233173
7.515	0.233173
7.52	0.233173
7.525	0.233173
7.53	0.233173
7.535	0.233173
7.54	0.233173
7.545	0.233173
7.55	0.233173
7.555	0.233173
7.56	0.233173
7.565	0.233173
7.57	0.233173
7.575	0.233173
7.58	0.233173
7.585	0.233173
7.59	0.233173
7.595	0.233173
7.6	0.233173
7.605	0.233173
7.61	0.233173
7.615	0.233173
7.62	0.233173
7.625	0.233173
7.63	0.233173
7.635	0.233173
7.64	0.233173
7.645	0.233174
7.65	0.233174
7.655	0.233174
7.66	0.233174
7.665	0.233174
7.67	0.233174
7.675	0.233174
7.68	0.233174
7.685	0.233174
7.69	0.233174
7.695	0.233174
7.7	0.233174
7.705	0.233174
7.71	0.233174
7.715	0.233174
7.72	0.233174
7.725	0.233174
7.73	0.233174
7.735	0.233174
7.74	0.233174
7.745	0.233174
7.75	0.233174
7.755	0.233174
7.76	0.233174
7.765	0.233174
7.77	0.233174
7.775	0.233174
7.78	0.233174
7.785	0.233174
7.79	0.233174
7.795	0.233174
7.8	0.233174
7.805	0.233174
7.81	0.233174
7.815	0.233174
7.82	0.233174
7.825	0.233174
7.83	0.233174
7.835	0.233174
7.84	0.233174
7.845	0.233174
7.85	0.233174
7.855	0.233174
7.86	0.233174
7.865	0.233174
7.87	0.233174
7.875	0.233174
7.88	0.233174
7.885	0.233174
7.89	0.233174
7.895	0.233174
7.9	0.233174
7.905	0.233175
7.91	0.233175
7.915	0.233175
7.92	0.233175
7.925	0.233175
7.93	0.233175
7.935	0.233175
7.94	0.233175
7.945	0.233175
7.95	0.233175
7.955	0.233175
7.96	0.233175
7.965	0.233175
7.97	0.233175
7.975	0.233175
7.98	0.233175
7.985	0.233175
7.99	0.233175
7.995	0.233175
8	0.233175
8.005	0.233175
8.01	0.233175
8.015	0.233175
8.02	0.233175
8.025	0.233175
8.03	0.233175
8.035	0.233175
8.04	0.233175
8.045	0.233175
8.05	0.233175
8.055	0.233175
8.06	0.233175
8.065	0.233175
8.07	0.233175
8.075	0.233175
8.08	0.233175
8.085	0.233175
8.09	0.233175
8.095	0.233175
8.1	0.233175
8.105	0.233175
8.11	0.233175
8.115	0.233175
8.12	0.233175
8.125	0.233175
8.13	0.233175
8.135	0.233175
8.14	0.233175
8.145	0.233175
8.15	0.233175
8.155	0.233175
8.16	0.233175
8.165	0.233175
8.17	0.233175
8.175	0.233175
8.18	0.233175
8.185	0.233175
8.19	0.233175
8.195	0.233175
8.2	0.233175
8.205	0.233175
8.21	0.233175
8.215	0.233175
8.22	0.233175
8.225	0.233175
8.23	0.233176
8.235	0.233176
8.24	0.233176
8.245	0.233176
8.25	0.233176
8.255	0.233176
8.26	0.233176
8.265	0.233176
8.27	0.233176
8.275	0.233176
8.28	0.233176
8.285	0.233176
8.29	0.233176
8.295	0.233176
8.3	0.233176
8.305	0.233176
8.31	0.233176
8.315	0.233176
8.32	0.233176
8.325	0.233176
8.33	0.233176
8.335	0.233176
8.34	0.233176
8.345	0.233176
8.35	0.233176
8.355	0.233176
8.36	0.233176
8.365	0.233176
8.37	0.233176
8.375	0.233176
8.38	0.233176
8.385	0.233176
8.39	0.233176
8.395	0.233176
8.4	0.233176
8.405	0.233176
8.41	0.233176
8.415	0.233176
8.42	0.233176
8.425	0.233176
8.43	0.233176
8.435	0.233176
8.44	0.233176
8.445	0.233176
8.45	0.233176
8.455	0.233176
8.46	0.233176
8.465	0.233176
8.47	0.233176
8.475	0.233176
8.48	0.233176
8.485	0.233176
8.49	0.233176
8.495	0.233176
8.5	0.233176
8.505	0.233176
8.51	0.233176
8.515	0.233176
8.52	0.233176
8.525	0.233176
8.53	0.233176
8.535	0.233176
8.54	0.233176
8.545	0.233176
8.55	0.233176
8.555	0.233176
8.56	0.233176
8.565	0.233176
8.57	0.233176
8.575	0.233176
8.58	0.233176
8.585	0.233176
8.59	0.233176
8.595	0.233176
8.6	0.233176
8.605	0.233176
8.61	0.233176
8.615	0.233176
8.62	0.233176
8.625	0.233176
8.63	0.233176
8.635	0.233176
8.64	0.233176
8.645	0.233176
8.65	0.233176
8.655	0.233176
8.66	0.233176
8.665	0.233176
8.67	0.233176
8.675	0.233177
8.68	0.233177
8.685	0.233177
8.69	0.233177
8.695	0.233177
8.7	0.233177
8.705	0.233177
8.71	0.233177
8.715	0.233177
8.72	0.233177
8.725	0.233177
8.73	0.233177
8.735	0.233177
8.74	0.233177
8.745	0.233177
8.75	0.233177
8.755	0.233177
8.76	0.233177
8.765	0.233177
8.77	0.233177
8.775	0.233177
8.78	0.233177
8.785	0.233177
8.79	0.233177
8.795	0.233177
8.8	0.233177
8.805	0.233177
8.81	0.233177
8.815	0.233177
8.82	0.233177
8.825	0.233177
8.83	0.233177
8.835	0.233177
8.84	0.233177
8.845	0.233177
8.85	0.233177
8.855	0.233177
8.86	0.233177
8.865	0.233177
8.87	0.233177
8.875	0.233177
8.88	0.233177
8.885	0.233177
8.89	0.233177
8.895	0.233177
8.9	0.233177
8.905	0.233177
8.91	0.233177
8.915	0.233177
8.92	0.233177
8.925	0.233177
8.93	0.233177
8.935	0.233177
8.94	0.233177
8.945	0.233177
8.95	0.233177
8.955	0.233177
8.96	0.233177
8.965	0.233177
8.97	0.233177
8.975	0.233177
8.98	0.233177
8.985	0.233177
8.99	0.233177
8.995	0.233177
9	0.233177
9.005	0.233177
9.01	0.233177
9.015	0.233177
9.02	0.233177
9.025	0.233177
9.03	0.233177
9.035	0.233177
9.04	0.233177
9.045	0.233177
9.05	0.233177
9.055	0.233177
9.06	0.233177
9.065	0.233177
9.07	0.233177
9.075	0.233177
9.08	0.233177
9.085	0.233177
9.09	0.233177
9.095	0.233177
9.1	0.233177
9.105	0.233177
9.11	0.233177
9.115	0.233177
9.12	0.233177
9.125	0.233177
9.13	0.233177
9.135	0.233177
9.14	0.233177
9.145	0.233177
9.15	0.233177
9.155	0.233177
9.16	0.233177
9.165	0.233177
9.17	0.233177
9.175	0.233177
9.18	0.233177
9.185	0.233177
9.19	0.233177
9.195	0.233177
9.2	0.233177
9.205	0.233177
9.21	0.233177
9.215	0.233177
9.22	0.233177
9.225	0.233177
9.23	0.233177
9.235	0.233177
9.24	0.233177
9.245	0.233177
9.25	0.233177
9.255	0.233177
9.26	0.233177
9.265	0.233177
9.27	0.233177
9.275	0.233177
9.28	0.233177
9.285	0.233177
9.29	0.233177
9.295	0.233177
9.3	0.233177
9.305	0.233177
9.31	0.233177
9.315	0.233177
9.32	0.233177
9.325	0.233177
9.33	0.233177
9.335	0.233177
9.34	0.233177
9.345	0.233177
9.35	0.233177
9.355	0.233177
9.36	0.233178
9.365	0.233178
9.37	0.233178
9.375	0.233178
9.38	0.233178
9.385	0.233178
9.39	0.233178
9.395	0.233178
9.4	0.233178
9.405	0.233178
9.41	0.233178
9.415	0.233178
9.42	0.233178
9.425	0.233178
9.43	0.233178
9.435	0.233178
9.44	0.233178
9.445	0.233178
9.45	0.233178
9.455	0.233178
9.46	0.233178
9.465	0.233178
9.47	0.233178
9.475	0.233178
9.48	0.233178
9.485	0.233178
9.49	0.233178
9.495	0.233178
9.5	0.233178
9.505	0.233178
9.51	0.233178
9.515	0.233178
9.52	0.233178
9.525	0.233178
9.53	0.233178
9.535	0.233178
9.54	0.233178
9.545	0.233178
9.55	0.233178
9.555	0.233178
9.56	0.233178
9.565	0.233178
9.57	0.233178
9.575	0.233178
9.58	0.233178
9.585	0.233178
9.59	0.233178
9.595	0.233178
9.6	0.233178
9.605	0.233178
9.61	0.233178
9.615	0.233178
9.62	0.233178
9.625	0.233178
9.63	0.233178
9.635	0.233178
9.64	0.233178
9.645	0.233178
9.65	0.233178
9.655	0.233178
9.66	0.233178
9.665	0.233178
9.67	0.233178
9.675	0.233178
9.68	0.233178
9.685	0.233178
9.69	0.233178
9.695	0.233178
9.7	0.233178
9.705	0.233178
9.71	0.233178
9.715	0.233178
9.72	0.233178
9.725	0.233178
9.73	0.233178
9.735	0.233178
9.74	0.233178
9.745	0.233178
9.75	0.233178
9.755	0.233178
9.76	0.233178
9.765	0.233178
9.77	0.233178
9.775	0.233178
9.78	0.233178
9.785	0.233178
9.79	0.233178
9.795	0.233178
9.8	0.233178
9.805	0.233178
9.81	0.233178
9.815	0.233178
9.82	0.233178
9.825	0.233178
9.83	0.233178
9.835	0.233178
9.84	0.233178
9.845	0.233178
9.85	0.233178
9.855	0.233178
9.86	0.233178
9.865	0.233178
9.87	0.233178
9.875	0.233178
9.88	0.233178
9.885	0.233178
9.89	0.233178
9.895	0.233178
9.9	0.233178
9.905	0.233178
9.91	0.233178
9.915	0.233178
9.92	0.233178
9.925	0.233178
9.93	0.233178
9.935	0.233178
9.94	0.233178
9.945	0.233178
9.95	0.233178
9.955	0.233178
9.96	0.233178
9.965	0.233178
9.97	0.233178
9.975	0.233178
9.98	0.233178
9.985	0.233178
9.99	0.233178
9.995	0.233178
