0.005	0.000826934
0.01	0.000153843
0.015	8.00382e-05
0.02	4.71909e-05
0.025	3.25132e-05
0.03	2.33764e-05
0.035	1.80753e-05
0.04	1.42199e-05
0.045	1.51419e-05
0.05	9.69038e-06
0.055	1.08899e-05
0.06	7.19726e-06
0.065	8.33297e-06
0.07	7.55518e-06
0.075	5.60621e-06
0.08	5.41218e-06
0.085	5.67247e-06
0.09	4.67065e-06
0.095	4.83981e-06
0.1	3.91359e-06
0.105	4.07406e-06
0.11	3.42516e-06
0.115	3.78112e-06
0.12	3.03186e-06
0.125	3.22397e-06
0.13	2.72927e-06
0.135	2.88554e-06
0.14	2.47419e-06
0.145	2.50318e-06
0.15	2.25882e-06
0.155	2.16877e-06
0.16	2.51758e-06
0.165	2.3912e-06
0.17	2.32048e-06
0.175	2.19356e-06
0.18	2.14851e-06
0.185	2.00839e-06
0.19	1.99705e-06
0.195	1.84884e-06
0.2	1.86281e-06
0.205	1.71385e-06
0.21	1.74317e-06
0.215	1.60341e-06
0.22	1.63619e-06
0.225	1.51335e-06
0.23	1.54081e-06
0.235	1.4405e-06
0.24	1.45663e-06
0.245	1.38216e-06
0.25	1.38306e-06
0.255	1.33528e-06
0.26	1.31967e-06
0.265	1.29898e-06
0.27	1.26578e-06
0.275	1.2708e-06
0.28	1.2203e-06
0.285	1.24905e-06
0.29	1.18161e-06
0.295	1.2322e-06
0.3	1.1481e-06
0.305	1.01867e-06
0.31	1.11815e-06
0.315	1.00525e-06
0.32	1.09087e-06
0.325	9.9343e-07
0.33	1.0654e-06
0.335	9.81731e-07
0.34	1.04109e-06
0.345	9.69945e-07
0.35	1.01751e-06
0.355	9.57945e-07
0.36	9.94309e-07
0.365	9.65895e-07
0.37	9.26783e-07
0.375	9.23364e-07
0.38	8.48201e-07
0.385	9.041e-07
0.39	9.04121e-07
0.395	8.55369e-07
0.4	8.80639e-07
0.405	8.68305e-07
0.41	7.90935e-07
0.415	8.57632e-07
0.42	8.38696e-07
0.425	7.58703e-07
0.43	8.35294e-07
0.435	8.07236e-07
0.44	9.60336e-07
0.445	8.12423e-07
0.45	7.75715e-07
0.455	9.21804e-07
0.46	7.91468e-07
0.465	9.86707e-07
0.47	8.61357e-07
0.475	7.72886e-07
0.48	9.58143e-07
0.485	8.25527e-07
0.49	9.89886e-07
0.495	7.45747e-07
0.5	9.10545e-07
0.505	9.38599e-07
0.51	9.24982e-07
0.515	9.79206e-07
0.52	8.72686e-07
0.525	9.19862e-07
0.53	9.33062e-07
0.535	9.47546e-07
0.54	8.3355e-07
0.545	8.69174e-07
0.55	8.6232e-07
0.555	9.15274e-07
0.56	9.72031e-07
0.565	8.68708e-07
0.57	8.21094e-07
0.575	8.83033e-07
0.58	9.39538e-07
0.585	8.30477e-07
0.59	9.54731e-07
0.595	8.48171e-07
0.6	9.10347e-07
0.605	9.69699e-07
0.61	9.46751e-07
0.615	8.20143e-07
0.62	8.82012e-07
0.625	9.36587e-07
0.63	9.07872e-07
0.635	9.84154e-07
0.64	7.80701e-07
0.645	8.3912e-07
0.65	8.68729e-07
0.655	9.38059e-07
0.66	9.91311e-07
0.665	9.9994e-07
0.67	9.96602e-07
0.675	8.15613e-07
0.68	8.99155e-07
0.685	9.67584e-07
0.69	9.63071e-07
0.695	9.53684e-07
0.7	9.59226e-07
0.705	8.80507e-07
0.71	9.24821e-07
0.715	9.34636e-07
0.72	9.13364e-07
0.725	9.20348e-07
0.73	8.45503e-07
0.735	9.89333e-07
0.74	9.04402e-07
0.745	8.74387e-07
0.75	8.79243e-07
0.755	9.72843e-07
0.76	9.25584e-07
0.765	8.7668e-07
0.77	8.38857e-07
0.775	8.47385e-07
0.78	9.34791e-07
0.785	8.86744e-07
0.79	9.68166e-07
0.795	8.40499e-07
0.8	8.01323e-07
0.805	9.97172e-07
0.81	8.38601e-07
0.815	9.38868e-07
0.82	9.47119e-07
0.825	8.09504e-07
0.83	9.56023e-07
0.835	9.93721e-07
0.84	8.22214e-07
0.845	8.88713e-07
0.85	9.73079e-07
0.855	9.92786e-07
0.86	9.169e-07
0.865	9.37779e-07
0.87	9.65162e-07
0.875	8.6447e-07
0.88	9.77765e-07
0.885	9.52441e-07
0.89	8.75255e-07
0.895	8.92416e-07
0.9	9.26066e-07
0.905	9.89999e-07
0.91	9.70573e-07
0.915	9.16235e-07
0.92	8.3511e-07
0.925	8.61365e-07
0.93	8.80571e-07
0.935	9.49041e-07
0.94	9.24593e-07
0.945	8.81535e-07
0.95	9.9571e-07
0.955	9.91828e-07
0.96	8.59444e-07
0.965	8.9815e-07
0.97	8.90639e-07
0.975	9.91212e-07
0.98	8.43721e-07
0.985	9.49124e-07
0.99	9.4405e-07
0.995	9.74533e-07
1	9.78972e-07
1.005	9.29494e-07
1.01	9.26298e-07
1.015	8.05344e-07
1.02	9.00368e-07
1.025	8.94832e-07
1.03	9.31432e-07
1.035	9.43169e-07
1.04	9.11746e-07
1.045	9.24006e-07
1.05	7.69062e-07
1.055	8.55648e-07
1.06	8.49189e-07
1.065	8.80956e-07
1.07	8.91041e-07
1.075	9.84655e-07
1.08	9.65954e-07
1.085	9.85408e-07
1.09	8.113e-07
1.095	8.08089e-07
1.1	8.3572e-07
1.105	8.49153e-07
1.11	9.40232e-07
1.115	9.3347e-07
1.12	9.9361e-07
1.125	9.28611e-07
1.13	9.76227e-07
1.135	9.86227e-07
1.14	9.81267e-07
1.145	9.94659e-07
1.15	8.48239e-07
1.155	9.13895e-07
1.16	9.86124e-07
1.165	8.7426e-07
1.17	9.20614e-07
1.175	9.10157e-07
1.18	9.34127e-07
1.185	9.41365e-07
1.19	9.95729e-07
1.195	9.02199e-07
1.2	9.64431e-07
1.205	8.20349e-07
1.21	8.63678e-07
1.215	8.78329e-07
1.22	8.72355e-07
1.225	8.91183e-07
1.23	9.33869e-07
1.235	8.4727e-07
1.24	9.45457e-07
1.245	7.64164e-07
1.25	8.20622e-07
1.255	8.05163e-07
1.26	8.32896e-07
1.265	8.39871e-07
1.27	8.91167e-07
1.275	9.5509e-07
1.28	9.21165e-07
1.285	9.66549e-07
1.29	7.70773e-07
1.295	7.80839e-07
1.3	7.82747e-07
1.305	7.98371e-07
1.31	8.43839e-07
1.315	9.10195e-07
1.32	8.78701e-07
1.325	9.86902e-07
1.33	8.98957e-07
1.335	9.69454e-07
1.34	9.48339e-07
1.345	9.64817e-07
1.35	9.52576e-07
1.355	9.99265e-07
1.36	8.28846e-07
1.365	9.03086e-07
1.37	9.07514e-07
1.375	8.34544e-07
1.38	9.15911e-07
1.385	8.9728e-07
1.39	9.03401e-07
1.395	9.07925e-07
1.4	9.5235e-07
1.405	9.93829e-07
1.41	9.0214e-07
1.415	9.86145e-07
1.42	7.73003e-07
1.425	8.64491e-07
1.43	8.53969e-07
1.435	8.4309e-07
1.44	8.52385e-07
1.445	8.83687e-07
1.45	9.52016e-07
1.455	8.46721e-07
1.46	9.47042e-07
1.465	9.3718e-07
1.47	9.85186e-07
1.475	9.63537e-07
1.48	9.57902e-07
1.485	9.59935e-07
1.49	9.91918e-07
1.495	8.98252e-07
1.5	9.71181e-07
1.505	9.36448e-07
1.51	9.8717e-07
1.515	9.98144e-07
1.52	9.18142e-07
1.525	8.97841e-07
1.53	8.87383e-07
1.535	8.81828e-07
1.54	9.05872e-07
1.545	9.44718e-07
1.55	8.84675e-07
1.555	9.69753e-07
1.56	9.73645e-07
1.565	8.96656e-07
1.57	8.55201e-07
1.575	9.70004e-07
1.58	9.41661e-07
1.585	9.56039e-07
1.59	9.72093e-07
1.595	9.07428e-07
1.6	9.6317e-07
1.605	9.5776e-07
1.61	9.63353e-07
1.615	9.68066e-07
1.62	9.34534e-07
1.625	8.85633e-07
1.63	8.79866e-07
1.635	8.77186e-07
1.64	9.02254e-07
1.645	9.40906e-07
1.65	9.1603e-07
1.655	9.96978e-07
1.66	9.39349e-07
1.665	9.25373e-07
1.67	8.62974e-07
1.675	8.40168e-07
1.68	8.175e-07
1.685	8.11045e-07
1.69	8.37258e-07
1.695	8.80173e-07
1.7	9.52297e-07
1.705	9.70576e-07
1.71	9.34266e-07
1.715	9.40432e-07
1.72	7.96176e-07
1.725	9.96501e-07
1.73	9.44527e-07
1.735	9.52367e-07
1.74	9.69478e-07
1.745	9.85866e-07
1.75	8.90702e-07
1.755	9.87532e-07
1.76	9.46207e-07
1.765	9.52023e-07
1.77	9.47042e-07
1.775	9.52832e-07
1.78	9.13329e-07
1.785	9.18767e-07
1.79	9.24397e-07
1.795	9.51086e-07
1.8	9.91423e-07
1.805	9.3912e-07
1.81	9.48568e-07
1.815	9.83612e-07
1.82	9.19105e-07
1.825	9.62942e-07
1.83	9.5394e-07
1.835	9.50211e-07
1.84	9.50437e-07
1.845	9.6447e-07
1.85	9.8917e-07
1.855	9.18445e-07
1.86	9.50124e-07
1.865	9.22577e-07
1.87	9.42995e-07
1.875	9.26748e-07
1.88	9.39495e-07
1.885	9.21242e-07
1.89	9.2399e-07
1.895	9.35421e-07
1.9	9.58924e-07
1.905	9.89307e-07
1.91	9.51326e-07
1.915	8.08152e-07
1.92	9.73182e-07
1.925	8.01628e-07
1.93	8.30828e-07
1.935	8.11732e-07
1.94	8.17602e-07
1.945	8.27184e-07
1.95	8.48132e-07
1.955	8.77909e-07
1.96	9.17105e-07
1.965	9.65367e-07
1.97	9.8764e-07
1.975	9.39907e-07
1.98	8.5004e-07
1.985	9.27567e-07
1.99	9.40984e-07
1.995	9.24011e-07
2	9.18037e-07
2.005	9.21549e-07
2.01	9.29131e-07
2.015	9.50176e-07
2.02	9.73501e-07
2.025	8.1213e-07
2.03	8.62528e-07
2.035	9.22427e-07
2.04	9.92697e-07
2.045	8.47335e-07
2.05	9.36887e-07
2.055	9.79999e-07
2.06	9.75362e-07
2.065	9.52974e-07
2.07	9.67482e-07
2.075	8.95672e-07
2.08	9.48752e-07
2.085	9.60853e-07
2.09	9.93939e-07
2.095	8.77786e-07
2.1	9.20676e-07
2.105	9.68157e-07
2.11	8.66665e-07
2.115	9.41182e-07
2.12	7.67989e-07
2.125	9.60255e-07
2.13	8.83765e-07
2.135	8.8092e-07
2.14	8.69924e-07
2.145	8.52998e-07
2.15	8.60962e-07
2.155	8.69622e-07
2.16	8.75606e-07
2.165	8.81734e-07
2.17	9.14827e-07
2.175	9.4895e-07
2.18	9.75532e-07
2.185	9.28899e-07
2.19	9.92911e-07
2.195	9.47001e-07
2.2	9.23355e-07
2.205	8.63283e-07
2.21	8.01207e-07
2.215	7.87586e-07
2.22	7.86307e-07
2.225	7.86697e-07
2.23	7.59934e-07
2.235	7.84432e-07
2.24	7.98859e-07
2.245	8.14251e-07
2.25	8.3433e-07
2.255	8.0448e-07
2.26	8.78364e-07
2.265	9.12952e-07
2.27	9.74969e-07
2.275	9.82388e-07
2.28	9.67055e-07
2.285	8.37276e-07
2.29	7.8758e-07
2.295	7.45241e-07
2.3	7.38241e-07
2.305	7.3528e-07
2.31	9.8879e-07
2.315	7.39304e-07
2.32	9.88066e-07
2.325	7.54352e-07
2.33	7.44787e-07
2.335	7.73933e-07
2.34	7.69688e-07
2.345	8.28061e-07
2.35	8.74554e-07
2.355	9.17119e-07
2.36	9.59962e-07
2.365	9.97061e-07
2.37	7.72536e-07
2.375	9.91338e-07
2.38	9.76603e-07
2.385	9.79766e-07
2.39	9.72177e-07
2.395	9.70847e-07
2.4	9.6379e-07
2.405	9.73015e-07
2.41	9.75297e-07
2.415	9.95347e-07
2.42	7.50426e-07
2.425	7.62742e-07
2.43	7.99353e-07
2.435	8.38557e-07
2.44	8.87541e-07
2.445	9.36668e-07
2.45	9.76476e-07
2.455	9.49477e-07
2.46	9.4112e-07
2.465	9.3111e-07
2.47	9.37307e-07
2.475	9.28228e-07
2.48	9.2949e-07
2.485	9.2206e-07
2.49	9.32076e-07
2.495	9.34637e-07
2.5	9.54828e-07
2.505	9.67834e-07
2.51	9.98462e-07
2.515	7.86979e-07
2.52	8.12689e-07
2.525	8.47946e-07
2.53	9.08201e-07
2.535	9.70297e-07
2.54	8.82131e-07
2.545	9.05391e-07
2.55	8.9041e-07
2.555	9.08239e-07
2.56	8.95883e-07
2.565	8.98765e-07
2.57	8.91968e-07
2.575	9.0247e-07
2.58	9.05657e-07
2.585	9.26067e-07
2.59	9.39525e-07
2.595	9.70189e-07
2.6	9.93776e-07
2.605	8.15e-07
2.61	8.45623e-07
2.615	8.87107e-07
2.62	9.53409e-07
2.625	8.19041e-07
2.63	8.78393e-07
2.635	8.57278e-07
2.64	8.78157e-07
2.645	8.69489e-07
2.65	8.72074e-07
2.655	8.74258e-07
2.66	8.74515e-07
2.665	8.89006e-07
2.67	8.97888e-07
2.675	9.23001e-07
2.68	9.41769e-07
2.685	9.77026e-07
2.69	8.00731e-07
2.695	8.35794e-07
2.7	8.49244e-07
2.705	9.32457e-07
2.71	9.99082e-07
2.715	7.71884e-07
2.72	8.57644e-07
2.725	9.72084e-07
2.73	9.63361e-07
2.735	9.71241e-07
2.74	9.70061e-07
2.745	9.64864e-07
2.75	9.63653e-07
2.755	9.86009e-07
2.76	9.73412e-07
2.765	8.88278e-07
2.77	9.16995e-07
2.775	9.38567e-07
2.78	9.74836e-07
2.785	8.15111e-07
2.79	8.54529e-07
2.795	8.96605e-07
2.8	9.6114e-07
2.805	9.86012e-07
2.81	9.73493e-07
2.815	9.07442e-07
2.82	9.59435e-07
2.825	9.42664e-07
2.83	9.35491e-07
2.835	9.38787e-07
2.84	9.50431e-07
2.845	9.3106e-07
2.85	9.63641e-07
2.855	9.73931e-07
2.86	9.79534e-07
2.865	9.2182e-07
2.87	9.62879e-07
2.875	9.97407e-07
2.88	8.58544e-07
2.885	9.01738e-07
2.89	9.60682e-07
2.895	9.24459e-07
2.9	9.33323e-07
2.905	8.77676e-07
2.91	9.31938e-07
2.915	9.11055e-07
2.92	9.07194e-07
2.925	9.10196e-07
2.93	9.17714e-07
2.935	9.00472e-07
2.94	9.29657e-07
2.945	9.43885e-07
2.95	9.43059e-07
2.955	9.83273e-07
2.96	9.33901e-07
2.965	9.75202e-07
2.97	8.43907e-07
2.975	8.85819e-07
2.98	9.37059e-07
2.985	9.94619e-07
2.99	8.50702e-07
2.995	9.02937e-07
3	9.79763e-07
3.005	9.94616e-07
3.01	9.94504e-07
3.015	8.94516e-07
3.02	9.76255e-07
3.025	8.88526e-07
3.03	9.77422e-07
3.035	9.02157e-07
3.04	9.93078e-07
3.045	9.2718e-07
3.05	9.32307e-07
3.055	9.52795e-07
3.06	9.88181e-07
3.065	9.47502e-07
3.07	8.58767e-07
3.075	8.96896e-07
3.08	9.55745e-07
3.085	7.95871e-07
3.09	9.75742e-07
3.095	9.39949e-07
3.1	9.7266e-07
3.105	9.62942e-07
3.11	9.66781e-07
3.115	9.66999e-07
3.12	9.65543e-07
3.125	9.70174e-07
3.13	9.75306e-07
3.135	9.86266e-07
3.14	9.98067e-07
3.145	9.25135e-07
3.15	9.7994e-07
3.155	9.49675e-07
3.16	9.58941e-07
3.165	9.5455e-07
3.17	8.98532e-07
3.175	9.27294e-07
3.18	9.95094e-07
3.185	7.36757e-07
3.19	9.28694e-07
3.195	9.11621e-07
3.2	9.39611e-07
3.205	9.33222e-07
3.21	9.3009e-07
3.215	9.23996e-07
3.22	9.25079e-07
3.225	9.23903e-07
3.23	9.31275e-07
3.235	9.36393e-07
3.24	9.50158e-07
3.245	9.61752e-07
3.25	9.81891e-07
3.255	9.99953e-07
3.26	9.55328e-07
3.265	9.97304e-07
3.27	9.80525e-07
3.275	8.98587e-07
3.28	9.37797e-07
3.285	9.95256e-07
3.29	9.54687e-07
3.295	8.90706e-07
3.3	8.66616e-07
3.305	8.92705e-07
3.31	8.89817e-07
3.315	8.877e-07
3.32	8.83378e-07
3.325	8.80678e-07
3.33	8.82663e-07
3.335	8.85261e-07
3.34	8.93631e-07
3.345	9.02404e-07
3.35	9.17059e-07
3.355	9.32096e-07
3.36	9.52952e-07
3.365	9.74214e-07
3.37	9.41977e-07
3.375	9.80305e-07
3.38	9.66651e-07
3.385	8.8785e-07
3.39	9.28334e-07
3.395	8.85459e-07
3.4	8.38789e-07
3.405	8.34992e-07
3.41	8.55216e-07
3.415	8.51207e-07
3.42	8.47991e-07
3.425	8.41552e-07
3.43	8.42527e-07
3.435	8.41079e-07
3.44	8.47643e-07
3.445	8.5237e-07
3.45	8.64853e-07
3.455	8.75775e-07
3.46	8.94239e-07
3.465	9.11278e-07
3.47	9.35693e-07
3.475	9.58809e-07
3.48	9.89127e-07
3.485	9.77368e-07
3.49	9.9305e-07
3.495	8.71148e-07
3.5	9.72785e-07
3.505	9.63164e-07
3.51	9.86278e-07
3.515	9.86396e-07
3.52	8.10972e-07
3.525	8.09061e-07
3.53	8.09248e-07
3.535	9.98659e-07
3.54	9.85517e-07
3.545	9.83601e-07
3.55	9.7847e-07
3.555	9.84397e-07
3.56	9.85472e-07
3.565	8.15214e-07
3.57	8.44912e-07
3.575	8.57878e-07
3.58	8.77342e-07
3.585	9.02876e-07
3.59	9.26261e-07
3.595	9.57742e-07
3.6	9.87014e-07
3.605	9.95364e-07
3.61	8.69569e-07
3.615	9.61284e-07
3.62	9.96395e-07
3.625	9.88225e-07
3.63	9.8119e-07
3.635	9.57289e-07
3.64	9.89785e-07
3.645	9.33985e-07
3.65	9.658e-07
3.655	9.99304e-07
3.66	9.98051e-07
3.665	9.88502e-07
3.67	9.95759e-07
3.675	9.90605e-07
3.68	9.95664e-07
3.685	9.98656e-07
3.69	9.70769e-07
3.695	9.85537e-07
3.7	8.02715e-07
3.705	9.81567e-07
3.71	8.21767e-07
3.715	8.88531e-07
3.72	9.22473e-07
3.725	9.45271e-07
3.73	9.83665e-07
3.735	8.55377e-07
3.74	9.19323e-07
3.745	9.51807e-07
3.75	9.97874e-07
3.755	9.21164e-07
3.76	9.50099e-07
3.765	9.263e-07
3.77	9.2892e-07
3.775	9.25769e-07
3.78	9.94755e-07
3.785	9.16259e-07
3.79	9.04541e-07
3.795	9.93031e-07
3.8	9.26317e-07
3.805	9.01791e-07
3.81	9.93779e-07
3.815	9.32805e-07
3.82	9.23264e-07
3.825	9.17442e-07
3.83	9.52707e-07
3.835	9.49799e-07
3.84	9.71347e-07
3.845	9.89047e-07
3.85	8.70125e-07
3.855	9.88773e-07
3.86	9.05089e-07
3.865	9.98226e-07
3.87	9.00984e-07
3.875	9.59184e-07
3.88	9.10271e-07
3.885	9.22633e-07
3.89	8.81671e-07
3.895	9.18533e-07
3.9	9.69849e-07
3.905	9.53388e-07
3.91	9.49225e-07
3.915	9.453e-07
3.92	9.38497e-07
3.925	9.37715e-07
3.93	9.34036e-07
3.935	9.36239e-07
3.94	9.35196e-07
3.945	9.40672e-07
3.95	9.422e-07
3.955	9.51013e-07
3.96	9.55035e-07
3.965	9.67232e-07
3.97	9.73681e-07
3.975	9.89294e-07
3.98	9.98023e-07
3.985	9.42897e-07
3.99	9.63623e-07
3.995	9.41893e-07
4	9.72717e-07
4.005	9.33445e-07
4.01	9.76807e-07
4.015	9.50456e-07
4.02	9.49045e-07
4.025	9.95979e-07
4.03	9.34934e-07
4.035	9.49027e-07
4.04	9.8471e-07
4.045	9.7864e-07
4.05	9.65812e-07
4.055	9.66924e-07
4.06	9.5037e-07
4.065	9.5563e-07
4.07	9.94303e-07
4.075	9.7844e-07
4.08	9.98776e-07
4.085	9.76228e-07
4.09	9.97133e-07
4.095	9.83136e-07
4.1	9.53385e-07
4.105	9.58633e-07
4.11	9.76145e-07
4.115	9.72025e-07
4.12	9.89515e-07
4.125	9.92619e-07
4.13	9.28938e-07
4.135	9.68455e-07
4.14	9.38936e-07
4.145	9.69224e-07
4.15	9.93592e-07
4.155	9.6451e-07
4.16	9.96599e-07
4.165	9.80573e-07
4.17	9.89217e-07
4.175	9.66255e-07
4.18	9.76183e-07
4.185	9.52892e-07
4.19	9.61854e-07
4.195	9.78094e-07
4.2	9.98604e-07
4.205	9.81122e-07
4.21	9.66949e-07
4.215	9.74668e-07
4.22	9.55534e-07
4.225	9.60754e-07
4.23	9.49739e-07
4.235	9.52201e-07
4.24	9.45171e-07
4.245	9.4802e-07
4.25	9.41775e-07
4.255	9.47232e-07
4.26	9.41608e-07
4.265	9.50321e-07
4.27	9.45599e-07
4.275	9.56758e-07
4.28	9.54126e-07
4.285	9.66516e-07
4.29	9.67044e-07
4.295	9.79894e-07
4.3	9.84819e-07
4.305	9.9672e-07
4.31	9.53825e-07
4.315	9.77856e-07
4.32	9.94351e-07
4.325	9.65551e-07
4.33	9.88981e-07
4.335	9.83483e-07
4.34	8.80147e-07
4.345	9.73282e-07
4.35	9.01044e-07
4.355	8.78977e-07
4.36	8.73486e-07
4.365	8.71037e-07
4.37	9.95881e-07
4.375	8.84171e-07
4.38	9.82791e-07
4.385	8.7353e-07
4.39	9.7337e-07
4.395	8.7044e-07
4.4	9.69325e-07
4.405	8.66088e-07
4.41	9.65766e-07
4.415	8.66736e-07
4.42	9.67373e-07
4.425	8.65529e-07
4.43	9.67828e-07
4.435	8.6934e-07
4.44	9.72003e-07
4.445	8.72942e-07
4.45	9.77732e-07
4.455	9.9769e-07
4.46	8.92333e-07
4.465	8.75302e-07
4.47	9.94784e-07
4.475	9.23646e-07
4.48	8.91037e-07
4.485	9.16457e-07
4.49	9.15913e-07
4.495	9.35874e-07
4.5	9.42206e-07
4.505	9.57672e-07
4.51	9.68562e-07
4.515	9.82791e-07
4.52	9.96409e-07
4.525	9.50017e-07
4.53	9.53504e-07
4.535	9.82842e-07
4.54	9.25553e-07
4.545	9.09271e-07
4.55	8.76509e-07
4.555	9.1298e-07
4.56	8.8368e-07
4.565	9.08173e-07
4.57	8.64433e-07
4.575	8.93879e-07
4.58	8.44331e-07
4.585	8.74858e-07
4.59	8.71039e-07
4.595	8.86038e-07
4.6	8.48003e-07
4.605	8.77984e-07
4.61	8.45814e-07
4.615	8.76001e-07
4.62	8.27948e-07
4.625	8.72573e-07
4.63	8.54686e-07
4.635	8.82744e-07
4.64	8.44534e-07
4.645	8.83841e-07
4.65	8.48838e-07
4.655	8.93936e-07
4.66	8.62524e-07
4.665	8.96505e-07
4.67	8.72561e-07
4.675	9.10198e-07
4.68	8.65178e-07
4.685	9.15473e-07
4.69	9.15541e-07
4.695	9.4049e-07
4.7	9.16249e-07
4.705	9.5226e-07
4.71	9.28697e-07
4.715	9.66708e-07
4.72	9.41475e-07
4.725	9.84658e-07
4.73	9.60811e-07
4.735	9.30934e-07
4.74	9.37739e-07
4.745	9.51855e-07
4.75	9.59579e-07
4.755	9.90661e-07
4.76	9.94911e-07
4.765	9.05939e-07
4.77	9.53661e-07
4.775	8.46081e-07
4.78	7.97968e-07
4.785	7.82544e-07
4.79	7.88782e-07
4.795	7.89334e-07
4.8	9.76961e-07
4.805	7.9772e-07
4.81	7.7047e-07
4.815	7.63676e-07
4.82	9.81827e-07
4.825	9.83189e-07
4.83	9.74881e-07
4.835	9.64368e-07
4.84	9.62021e-07
4.845	9.60089e-07
4.85	9.52396e-07
4.855	9.54106e-07
4.86	9.46149e-07
4.865	9.45838e-07
4.87	9.4176e-07
4.875	9.37797e-07
4.88	9.38473e-07
4.885	9.31477e-07
4.89	9.36574e-07
4.895	9.28585e-07
4.9	9.36809e-07
4.905	9.29079e-07
4.91	9.38801e-07
4.915	9.31946e-07
4.92	9.42826e-07
4.925	9.37332e-07
4.93	9.48941e-07
4.935	9.44156e-07
4.94	9.56883e-07
4.945	9.52885e-07
4.95	9.66778e-07
4.955	9.63876e-07
4.96	9.79191e-07
4.965	9.76614e-07
4.97	9.92879e-07
4.975	9.9083e-07
4.98	8.22427e-07
4.985	8.17706e-07
4.99	8.28541e-07
4.995	8.49036e-07
5	8.55635e-07
5.005	8.71862e-07
5.01	8.77828e-07
5.015	8.96477e-07
5.02	8.98698e-07
5.025	9.22436e-07
5.03	9.10185e-07
5.035	9.48735e-07
5.04	9.52947e-07
5.045	9.81503e-07
5.05	9.6531e-07
5.055	9.87711e-07
5.06	9.73733e-07
5.065	9.98452e-07
5.07	9.66197e-07
5.075	9.1455e-07
5.08	9.57011e-07
5.085	8.72565e-07
5.09	9.92154e-07
5.095	8.81148e-07
5.1	8.33553e-07
5.105	8.16932e-07
5.11	8.14108e-07
5.115	8.04809e-07
5.12	7.94176e-07
5.125	9.97683e-07
5.13	8.20889e-07
5.135	9.74694e-07
5.14	8.01762e-07
5.145	9.55159e-07
5.15	7.96931e-07
5.155	9.5491e-07
5.16	7.88827e-07
5.165	9.44442e-07
5.17	7.77711e-07
5.175	9.4771e-07
5.18	9.99515e-07
5.185	9.97564e-07
5.19	9.99232e-07
5.195	9.79817e-07
5.2	9.96792e-07
5.205	9.49924e-07
5.21	9.77808e-07
5.215	9.39303e-07
5.22	9.83017e-07
5.225	9.71286e-07
5.23	9.96974e-07
5.235	9.59625e-07
5.24	9.89345e-07
5.245	9.60707e-07
5.25	9.97965e-07
5.255	9.82731e-07
5.26	7.84234e-07
5.265	9.55028e-07
5.27	7.87101e-07
5.275	9.34201e-07
5.28	9.97654e-07
5.285	7.97821e-07
5.29	9.70804e-07
5.295	8.12162e-07
5.3	9.64862e-07
5.305	8.22527e-07
5.31	9.95602e-07
5.315	8.39697e-07
5.32	9.78453e-07
5.325	8.46976e-07
5.33	8.49302e-07
5.335	8.47781e-07
5.34	8.61661e-07
5.345	8.67453e-07
5.35	8.85845e-07
5.355	8.81943e-07
5.36	9.1076e-07
5.365	9.01564e-07
5.37	9.35391e-07
5.375	9.22277e-07
5.38	9.59613e-07
5.385	9.42787e-07
5.39	9.84111e-07
5.395	9.63398e-07
5.4	8.67812e-07
5.405	9.94842e-07
5.41	8.71065e-07
5.415	9.26161e-07
5.42	8.24544e-07
5.425	9.66777e-07
5.43	8.73047e-07
5.435	9.45328e-07
5.44	8.81462e-07
5.445	9.71285e-07
5.45	8.89604e-07
5.455	9.56775e-07
5.46	9.09873e-07
5.465	9.83298e-07
5.47	9.18925e-07
5.475	9.37153e-07
5.48	9.74691e-07
5.485	9.5407e-07
5.49	9.97907e-07
5.495	8.70211e-07
5.5	9.83649e-07
5.505	8.10088e-07
5.51	8.64857e-07
5.515	8.04408e-07
5.52	8.32467e-07
5.525	9.48857e-07
5.53	9.49044e-07
5.535	9.34288e-07
5.54	9.89297e-07
5.545	9.31853e-07
5.55	8.86333e-07
5.555	8.88196e-07
5.56	9.98988e-07
5.565	9.10395e-07
5.57	9.94668e-07
5.575	9.01643e-07
5.58	8.55597e-07
5.585	8.6117e-07
5.59	8.63529e-07
5.595	8.74861e-07
5.6	8.66274e-07
5.605	8.60998e-07
5.61	9.64596e-07
5.615	8.64516e-07
5.62	9.7086e-07
5.625	8.5995e-07
5.63	9.64162e-07
5.635	8.48452e-07
5.64	9.54867e-07
5.645	8.35865e-07
5.65	9.55195e-07
5.655	9.85494e-07
5.66	9.56183e-07
5.665	8.23158e-07
5.67	8.83373e-07
5.675	8.33958e-07
5.68	9.32924e-07
5.685	8.42867e-07
5.69	9.18675e-07
5.695	9.62299e-07
5.7	9.5286e-07
5.705	8.10566e-07
5.71	8.56312e-07
5.715	8.29201e-07
5.72	8.89073e-07
5.725	8.29714e-07
5.73	8.99093e-07
5.735	9.85959e-07
5.74	9.0131e-07
5.745	8.27383e-07
5.75	8.67587e-07
5.755	9.79046e-07
5.76	9.1546e-07
5.765	9.98819e-07
5.77	8.63078e-07
5.775	9.96272e-07
5.78	8.76281e-07
5.785	9.89544e-07
5.79	8.76577e-07
5.795	9.95807e-07
5.8	8.62677e-07
5.805	9.9655e-07
5.81	8.66643e-07
5.815	8.39309e-07
5.82	8.46347e-07
5.825	8.47107e-07
5.83	8.73637e-07
5.835	8.6854e-07
5.84	9.98405e-07
5.845	9.78076e-07
5.85	8.58977e-07
5.855	8.82492e-07
5.86	9.91025e-07
5.865	8.4217e-07
5.87	9.73387e-07
5.875	8.61376e-07
5.88	9.71958e-07
5.885	8.73774e-07
5.89	9.61092e-07
5.895	8.8044e-07
5.9	9.74081e-07
5.905	8.7089e-07
5.91	9.64312e-07
5.915	9.19101e-07
5.92	9.38325e-07
5.925	8.86332e-07
5.93	9.77968e-07
5.935	9.14143e-07
5.94	9.29047e-07
5.945	9.50233e-07
5.95	9.4554e-07
5.955	9.71037e-07
5.96	9.31604e-07
5.965	9.73923e-07
5.97	9.44921e-07
5.975	9.66908e-07
5.98	9.45852e-07
5.985	9.82706e-07
5.99	9.22373e-07
5.995	9.97114e-07
6	9.35173e-07
6.005	9.76324e-07
6.01	9.01291e-07
6.015	9.28698e-07
6.02	9.37105e-07
6.025	9.91742e-07
6.03	9.20053e-07
6.035	9.53227e-07
6.04	9.60606e-07
6.045	9.8852e-07
6.05	9.62631e-07
6.055	9.50968e-07
6.06	9.42051e-07
6.065	8.13627e-07
6.07	9.0422e-07
6.075	9.5273e-07
6.08	9.76063e-07
6.085	8.14414e-07
6.09	9.91158e-07
6.095	9.09302e-07
6.1	8.3111e-07
6.105	9.46888e-07
6.11	9.70083e-07
6.115	9.25744e-07
6.12	9.70537e-07
6.125	9.72519e-07
6.13	9.8706e-07
6.135	8.78138e-07
6.14	9.78518e-07
6.145	9.7324e-07
6.15	9.44953e-07
6.155	9.37526e-07
6.16	8.86286e-07
6.165	9.54659e-07
6.17	9.45037e-07
6.175	9.18187e-07
6.18	9.33271e-07
6.185	8.85887e-07
6.19	9.23087e-07
6.195	8.99046e-07
6.2	9.37968e-07
6.205	9.16817e-07
6.21	9.96438e-07
6.215	8.93251e-07
6.22	9.27357e-07
6.225	8.82439e-07
6.23	9.18547e-07
6.235	9.75507e-07
6.24	8.68691e-07
6.245	9.62853e-07
6.25	9.63777e-07
6.255	9.74641e-07
6.26	9.47231e-07
6.265	9.21002e-07
6.27	9.49985e-07
6.275	9.53279e-07
6.28	8.81361e-07
6.285	9.41533e-07
6.29	9.35895e-07
6.295	9.00872e-07
6.3	9.36539e-07
6.305	9.39376e-07
6.31	9.86825e-07
6.315	9.81033e-07
6.32	9.37859e-07
6.325	9.22871e-07
6.33	8.86444e-07
6.335	9.85702e-07
6.34	9.92025e-07
6.345	8.85551e-07
6.35	9.44247e-07
6.355	9.67783e-07
6.36	8.7586e-07
6.365	9.51666e-07
6.37	9.69156e-07
6.375	8.71123e-07
6.38	9.29655e-07
6.385	9.52916e-07
6.39	8.64585e-07
6.395	9.29493e-07
6.4	9.50599e-07
6.405	8.61086e-07
6.41	9.18557e-07
6.415	9.99738e-07
6.42	9.31988e-07
6.425	8.68748e-07
6.43	9.63039e-07
6.435	9.14306e-07
6.44	8.58739e-07
6.445	9.56924e-07
6.45	9.11715e-07
6.455	8.47533e-07
6.46	9.45246e-07
6.465	8.99452e-07
6.47	8.52877e-07
6.475	9.3504e-07
6.48	9.04081e-07
6.485	8.33436e-07
6.49	9.19382e-07
6.495	9.63362e-07
6.5	9.04393e-07
6.505	8.94569e-07
6.51	9.17525e-07
6.515	8.69112e-07
6.52	9.19217e-07
6.525	9.20986e-07
6.53	8.98727e-07
6.535	8.70864e-07
6.54	9.20515e-07
6.545	8.64889e-07
6.55	9.10055e-07
6.555	9.23631e-07
6.56	8.86064e-07
6.565	8.63602e-07
6.57	9.26458e-07
6.575	8.57419e-07
6.58	9.02811e-07
6.585	9.34262e-07
6.59	8.74819e-07
6.595	8.56788e-07
6.6	9.34169e-07
6.605	8.49886e-07
6.61	8.95938e-07
6.615	9.37831e-07
6.62	8.6648e-07
6.625	8.49265e-07
6.63	9.37871e-07
6.635	8.43205e-07
6.64	8.89796e-07
6.645	9.40452e-07
6.65	8.59974e-07
6.655	8.41905e-07
6.66	9.42442e-07
6.665	8.38303e-07
6.67	8.84319e-07
6.675	9.93731e-07
6.68	9.80677e-07
6.685	9.6357e-07
6.69	9.95504e-07
6.695	9.27605e-07
6.7	9.63196e-07
6.705	9.66584e-07
6.71	9.48704e-07
6.715	9.64258e-07
6.72	9.79144e-07
6.725	9.39926e-07
6.73	9.70169e-07
6.735	9.65583e-07
6.74	9.41841e-07
6.745	9.69327e-07
6.75	9.70121e-07
6.755	9.36843e-07
6.76	9.73404e-07
6.765	9.6397e-07
6.77	9.36689e-07
6.775	9.74122e-07
6.78	9.67164e-07
6.785	9.33706e-07
6.79	9.78026e-07
6.795	9.64196e-07
6.8	9.33617e-07
6.805	9.79978e-07
6.81	9.67313e-07
6.815	9.31687e-07
6.82	9.84271e-07
6.825	9.66062e-07
6.83	9.32024e-07
6.835	9.87189e-07
6.84	9.69798e-07
6.845	9.30923e-07
6.85	9.92115e-07
6.855	9.69921e-07
6.86	9.31842e-07
6.865	9.95886e-07
6.87	9.74609e-07
6.875	9.31515e-07
6.88	8.17835e-07
6.885	8.63867e-07
6.89	9.00498e-07
6.895	9.29623e-07
6.9	9.22193e-07
6.905	9.83871e-07
6.91	9.85499e-07
6.915	8.68938e-07
6.92	8.39549e-07
6.925	9.71109e-07
6.93	8.65399e-07
6.935	8.05376e-07
6.94	8.5008e-07
6.945	8.80047e-07
6.95	7.87811e-07
6.955	8.95193e-07
6.96	8.58569e-07
6.965	7.95629e-07
6.97	8.50354e-07
6.975	8.51858e-07
6.98	7.69332e-07
6.985	8.85477e-07
6.99	8.31499e-07
6.995	7.84057e-07
7	9.80852e-07
7.005	9.19865e-07
7.01	8.52361e-07
7.015	9.06601e-07
7.02	8.7681e-07
7.025	8.23844e-07
7.03	8.80212e-07
7.035	8.85193e-07
7.04	8.20684e-07
7.045	8.81937e-07
7.05	8.71275e-07
7.055	8.17674e-07
7.06	9.98997e-07
7.065	8.49004e-07
7.07	9.6862e-07
7.075	7.78266e-07
7.08	9.1316e-07
7.085	8.72548e-07
7.09	8.59963e-07
7.095	8.2444e-07
7.1	7.80386e-07
7.105	9.83758e-07
7.11	8.23117e-07
7.115	9.30335e-07
7.12	7.48987e-07
7.125	8.88612e-07
7.13	9.68817e-07
7.135	8.6896e-07
7.14	7.6327e-07
7.145	8.01921e-07
7.15	9.4485e-07
7.155	9.91724e-07
7.16	9.18224e-07
7.165	9.2123e-07
7.17	8.93606e-07
7.175	8.08969e-07
7.18	8.89881e-07
7.185	9.74799e-07
7.19	8.93277e-07
7.195	9.36848e-07
7.2	8.29188e-07
7.205	9.75592e-07
7.21	8.9417e-07
7.215	9.33715e-07
7.22	9.12948e-07
7.225	9.03353e-07
7.23	8.50759e-07
7.235	9.92177e-07
7.24	8.9769e-07
7.245	8.95072e-07
7.25	9.18468e-07
7.255	8.67773e-07
7.26	8.46121e-07
7.265	9.74401e-07
7.27	8.6818e-07
7.275	8.60944e-07
7.28	9.18175e-07
7.285	8.51336e-07
7.29	8.32045e-07
7.295	9.39765e-07
7.3	8.44872e-07
7.305	8.32948e-07
7.31	9.0819e-07
7.315	8.31857e-07
7.32	8.15421e-07
7.325	9.83732e-07
7.33	9.45755e-07
7.335	9.25207e-07
7.34	9.45109e-07
7.345	8.00112e-07
7.35	9.73376e-07
7.355	9.58004e-07
7.36	8.7102e-07
7.365	8.73937e-07
7.37	9.96537e-07
7.375	9.04976e-07
7.38	8.88305e-07
7.385	9.29035e-07
7.39	7.92734e-07
7.395	9.47137e-07
7.4	9.26175e-07
7.405	9.00681e-07
7.41	8.69002e-07
7.415	9.88917e-07
7.42	8.27526e-07
7.425	9.71365e-07
7.43	9.30937e-07
7.435	8.17568e-07
7.44	8.15864e-07
7.445	9.52703e-07
7.45	8.21513e-07
7.455	8.86934e-07
7.46	9.67773e-07
7.465	9.65688e-07
7.47	9.6725e-07
7.475	9.40079e-07
7.48	8.18755e-07
7.485	9.81281e-07
7.49	9.12079e-07
7.495	8.159e-07
7.5	9.48165e-07
7.505	9.46031e-07
7.51	9.58227e-07
7.515	7.77146e-07
7.52	9.53887e-07
7.525	8.74139e-07
7.53	9.3039e-07
7.535	8.71154e-07
7.54	9.11663e-07
7.545	7.55288e-07
7.55	9.78534e-07
7.555	8.27485e-07
7.56	8.98504e-07
7.565	9.54978e-07
7.57	9.16909e-07
7.575	9.6487e-07
7.58	9.97838e-07
7.585	8.61077e-07
7.59	9.10712e-07
7.595	9.67819e-07
7.6	8.66261e-07
7.605	7.33344e-07
7.61	8.64262e-07
7.615	9.59921e-07
7.62	9.15967e-07
7.625	9.80599e-07
7.63	9.70825e-07
7.635	8.79324e-07
7.64	8.01829e-07
7.645	9.64136e-07
7.65	7.62523e-07
7.655	8.62064e-07
7.66	7.81567e-07
7.665	9.42563e-07
7.67	8.24518e-07
7.675	9.26317e-07
7.68	8.57992e-07
7.685	8.67972e-07
7.69	9.7672e-07
7.695	9.56727e-07
7.7	8.00667e-07
7.705	9.61409e-07
7.71	8.43642e-07
7.715	9.88358e-07
7.72	7.36066e-07
7.725	9.14729e-07
7.73	8.8537e-07
7.735	9.44256e-07
7.74	8.62842e-07
7.745	9.21742e-07
7.75	9.19296e-07
7.755	9.92564e-07
7.76	8.64836e-07
7.765	9.54176e-07
7.77	9.74678e-07
7.775	7.07428e-07
7.78	8.86288e-07
7.785	8.28205e-07
7.79	8.18104e-07
7.795	8.28885e-07
7.8	8.64635e-07
7.805	8.71233e-07
7.81	9.84261e-07
7.815	8.3763e-07
7.82	8.26044e-07
7.825	8.84239e-07
7.83	7.77131e-07
7.835	9.61054e-07
7.84	9.47343e-07
7.845	9.66497e-07
7.85	9.29571e-07
7.855	8.26416e-07
7.86	9.24357e-07
7.865	9.18638e-07
7.87	9.08246e-07
7.875	9.56206e-07
7.88	9.39077e-07
7.885	9.67213e-07
7.89	8.88339e-07
7.895	8.40007e-07
7.9	9.88883e-07
7.905	9.53387e-07
7.91	8.23617e-07
7.915	9.08658e-07
7.92	8.6554e-07
7.925	9.64423e-07
7.93	9.38958e-07
7.935	8.75315e-07
7.94	9.11767e-07
7.945	8.71653e-07
7.95	9.5537e-07
7.955	9.59817e-07
7.96	8.84963e-07
7.965	9.13072e-07
7.97	8.66705e-07
7.975	8.80224e-07
7.98	9.79931e-07
7.985	8.57441e-07
7.99	8.96919e-07
7.995	8.85387e-07
8	9.74725e-07
8.005	9.394e-07
8.01	8.29283e-07
8.015	8.91345e-07
8.02	8.8454e-07
8.025	8.60879e-07
8.03	8.98948e-07
8.035	8.92531e-07
8.04	9.66483e-07
8.045	8.54232e-07
8.05	9.29679e-07
8.055	9.3235e-07
8.06	6.65211e-07
8.065	9.29716e-07
8.07	9.05081e-07
8.075	8.99111e-07
8.08	8.8555e-07
8.085	8.11876e-07
8.09	8.42727e-07
8.095	8.99147e-07
8.1	9.82696e-07
8.105	8.24e-07
8.11	9.09669e-07
8.115	9.80022e-07
8.12	9.75354e-07
8.125	9.25296e-07
8.13	7.38381e-07
8.135	8.39334e-07
8.14	8.74029e-07
8.145	9.92561e-07
8.15	8.803e-07
8.155	9.08805e-07
8.16	9.37532e-07
8.165	7.50048e-07
8.17	9.71538e-07
8.175	8.81141e-07
8.18	9.84516e-07
8.185	9.21678e-07
8.19	9.86529e-07
8.195	9.43591e-07
8.2	9.52591e-07
8.205	8.94755e-07
8.21	8.95351e-07
8.215	9.27538e-07
8.22	9.36112e-07
8.225	6.10604e-07
8.23	9.71263e-07
8.235	9.87191e-07
8.24	9.60056e-07
8.245	8.4604e-07
8.25	8.85049e-07
8.255	8.93407e-07
8.26	9.68075e-07
8.265	9.45356e-07
8.27	8.92086e-07
8.275	9.48053e-07
8.28	8.65821e-07
8.285	8.51272e-07
8.29	8.51383e-07
8.295	9.57711e-07
8.3	7.31199e-07
8.305	9.34192e-07
8.31	9.80796e-07
8.315	9.87657e-07
8.32	8.01061e-07
8.325	9.7911e-07
8.33	8.56615e-07
8.335	8.47638e-07
8.34	9.69884e-07
8.345	8.4197e-07
8.35	7.66767e-07
8.355	9.48966e-07
8.36	9.49846e-07
8.365	9.3538e-07
8.37	9.1706e-07
8.375	8.63846e-07
8.38	8.63505e-07
8.385	9.92363e-07
8.39	7.40826e-07
8.395	7.40893e-07
8.4	7.5628e-07
8.405	9.28064e-07
8.41	8.5554e-07
8.415	8.36371e-07
8.42	7.56117e-07
8.425	9.92442e-07
8.43	9.02696e-07
8.435	8.58032e-07
8.44	8.89615e-07
8.445	9.21846e-07
8.45	9.03852e-07
8.455	9.10487e-07
8.46	8.69045e-07
8.465	9.74794e-07
8.47	8.93884e-07
8.475	9.76951e-07
8.48	8.4407e-07
8.485	9.14718e-07
8.49	9.20909e-07
8.495	9.66793e-07
8.5	8.59861e-07
8.505	8.87345e-07
8.51	9.56813e-07
8.515	7.23772e-07
8.52	9.12349e-07
8.525	7.7986e-07
8.53	9.67738e-07
8.535	8.40414e-07
8.54	7.6572e-07
8.545	9.87754e-07
8.55	9.66654e-07
8.555	7.80025e-07
8.56	9.78486e-07
8.565	9.47614e-07
8.57	8.53501e-07
8.575	8.15307e-07
8.58	9.61002e-07
8.585	9.72675e-07
8.59	7.82717e-07
8.595	7.13396e-07
8.6	9.82139e-07
8.605	9.27744e-07
8.61	8.72294e-07
8.615	8.11775e-07
8.62	9.70808e-07
8.625	9.19176e-07
8.63	8.87734e-07
8.635	8.14108e-07
8.64	8.75166e-07
8.645	9.41368e-07
8.65	8.73936e-07
8.655	7.8111e-07
8.66	8.8178e-07
8.665	8.28818e-07
8.67	6.99747e-07
8.675	9.21579e-07
8.68	8.13296e-07
8.685	9.88667e-07
8.69	9.21299e-07
8.695	9.3226e-07
8.7	6.89143e-07
8.705	9.95195e-07
8.71	9.00985e-07
8.715	9.19776e-07
8.72	9.42565e-07
8.725	8.73852e-07
8.73	9.90792e-07
8.735	9.0143e-07
8.74	8.2321e-07
8.745	9.92371e-07
8.75	9.87732e-07
8.755	7.6896e-07
8.76	9.2681e-07
8.765	8.50596e-07
8.77	7.87946e-07
8.775	8.76848e-07
8.78	7.50398e-07
8.785	9.38812e-07
8.79	6.44012e-07
8.795	7.11524e-07
8.8	9.5163e-07
8.805	9.34701e-07
8.81	7.39292e-07
8.815	9.12649e-07
8.82	9.96929e-07
8.825	9.72439e-07
8.83	8.96243e-07
8.835	8.63953e-07
8.84	9.55011e-07
8.845	9.59899e-07
8.85	8.15039e-07
8.855	8.58454e-07
8.86	8.50686e-07
8.865	9.97449e-07
8.87	7.99871e-07
8.875	6.92005e-07
8.88	7.62725e-07
8.885	9.42667e-07
8.89	9.28617e-07
8.895	7.87509e-07
8.9	7.97299e-07
8.905	9.62228e-07
8.91	7.56171e-07
8.915	9.02829e-07
8.92	8.50088e-07
8.925	8.82454e-07
8.93	9.8755e-07
8.935	7.87826e-07
8.94	9.80005e-07
8.945	8.71397e-07
8.95	7.5982e-07
8.955	9.31597e-07
8.96	9.96573e-07
8.965	9.62653e-07
8.97	9.0799e-07
8.975	9.49228e-07
8.98	9.66988e-07
8.985	9.94953e-07
8.99	7.58402e-07
8.995	9.58218e-07
9	8.95366e-07
9.005	8.93864e-07
9.01	9.68254e-07
9.015	9.97226e-07
9.02	8.62387e-07
9.025	9.552e-07
9.03	9.83593e-07
9.035	8.57317e-07
9.04	7.59656e-07
9.045	7.46536e-07
9.05	8.01265e-07
9.055	8.65542e-07
9.06	9.61592e-07
9.065	9.42488e-07
9.07	8.61433e-07
9.075	9.95802e-07
9.08	8.48391e-07
9.085	8.3577e-07
9.09	9.02013e-07
9.095	9.14559e-07
9.1	8.87238e-07
9.105	9.48294e-07
9.11	9.66336e-07
9.115	7.19612e-07
9.12	7.50239e-07
9.125	9.50763e-07
9.13	9.63046e-07
9.135	7.5364e-07
9.14	9.65983e-07
9.145	8.80001e-07
9.15	7.99166e-07
9.155	9.07716e-07
9.16	9.12579e-07
9.165	9.43209e-07
9.17	7.31738e-07
9.175	9.10408e-07
9.18	7.7995e-07
9.185	6.98172e-07
9.19	8.898e-07
9.195	9.62836e-07
9.2	9.6652e-07
9.205	6.99793e-07
9.21	9.38578e-07
9.215	9.49364e-07
9.22	9.94983e-07
9.225	9.52364e-07
9.23	7.37325e-07
9.235	9.98767e-07
9.24	7.31342e-07
9.245	7.47332e-07
9.25	8.99405e-07
9.255	9.77169e-07
9.26	7.96889e-07
9.265	8.29974e-07
9.27	8.61561e-07
9.275	9.36945e-07
9.28	9.32494e-07
9.285	9.0905e-07
9.29	6.80481e-07
9.295	8.08651e-07
9.3	9.21415e-07
9.305	6.63584e-07
9.31	9.34487e-07
9.315	9.56076e-07
9.32	8.39284e-07
9.325	5.99801e-07
9.33	9.06506e-07
9.335	9.08461e-07
9.34	8.48106e-07
9.345	7.78002e-07
9.35	8.22926e-07
9.355	9.02149e-07
9.36	8.58808e-07
9.365	8.56958e-07
9.37	9.11579e-07
9.375	8.04204e-07
9.38	9.21186e-07
9.385	9.18596e-07
9.39	8.97623e-07
9.395	9.13269e-07
9.4	9.13422e-07
9.405	8.29421e-07
9.41	9.66473e-07
9.415	9.04417e-07
9.42	8.29752e-07
9.425	6.4328e-07
9.43	8.99782e-07
9.435	8.37196e-07
9.44	8.71875e-07
9.445	8.6556e-07
9.45	8.90207e-07
9.455	7.84111e-07
9.46	7.49164e-07
9.465	8.92855e-07
9.47	7.83831e-07
9.475	8.43935e-07
9.48	9.14536e-07
9.485	6.36525e-07
9.49	8.63101e-07
9.495	8.24875e-07
9.5	6.13914e-07
9.505	7.86012e-07
9.51	9.31918e-07
9.515	7.60383e-07
9.52	8.38727e-07
9.525	9.37019e-07
9.53	8.33568e-07
9.535	9.07899e-07
9.54	9.4398e-07
9.545	9.54027e-07
9.55	7.5334e-07
9.555	8.75809e-07
9.56	8.85922e-07
9.565	8.71653e-07
9.57	9.08671e-07
9.575	9.21451e-07
9.58	9.37614e-07
9.585	7.13665e-07
9.59	9.73216e-07
9.595	9.06768e-07
9.6	8.58443e-07
9.605	8.47672e-07
9.61	9.25343e-07
9.615	9.2145e-07
9.62	7.87968e-07
9.625	9.13549e-07
9.63	8.54363e-07
9.635	8.99505e-07
9.64	9.38914e-07
9.645	8.01083e-07
9.65	9.24058e-07
9.655	9.80133e-07
9.66	9.20978e-07
9.665	8.94232e-07
9.67	6.77156e-07
9.675	8.76057e-07
9.68	9.43289e-07
9.685	9.81178e-07
9.69	9.47814e-07
9.695	9.18464e-07
9.7	9.12059e-07
9.705	8.68137e-07
9.71	8.79048e-07
9.715	9.4489e-07
9.72	7.6653e-07
9.725	7.52218e-07
9.73	8.59275e-07
9.735	9.56662e-07
9.74	8.77301e-07
9.745	8.50165e-07
9.75	7.40613e-07
9.755	9.17335e-07
9.76	7.44861e-07
9.765	8.34292e-07
9.77	9.51297e-07
9.775	8.04862e-07
9.78	8.61482e-07
9.785	9.85338e-07
9.79	8.30589e-07
9.795	9.96712e-07
9.8	7.05783e-07
9.805	8.34393e-07
9.81	9.40106e-07
9.815	9.5148e-07
9.82	8.91667e-07
9.825	8.41443e-07
9.83	9.77451e-07
9.835	9.99627e-07
9.84	9.67341e-07
9.845	9.34638e-07
9.85	9.92078e-07
9.855	9.6112e-07
9.86	9.65768e-07
9.865	8.15926e-07
9.87	8.31436e-07
9.875	9.7957e-07
9.88	7.19944e-07
9.885	7.59844e-07
9.89	7.58031e-07
9.895	9.47017e-07
9.9	6.68024e-07
9.905	7.48218e-07
9.91	9.17955e-07
9.915	7.7662e-07
9.92	7.01477e-07
9.925	9.46754e-07
9.93	7.27521e-07
9.935	8.83031e-07
9.94	7.76991e-07
9.945	9.84432e-07
9.95	7.48986e-07
9.955	9.36863e-07
9.96	9.89256e-07
9.965	7.73641e-07
9.97	7.624e-07
9.975	6.96869e-07
9.98	8.87848e-07
9.985	9.71086e-07
9.99	9.07065e-07
9.995	8.40592e-07
10	8.87902e-07
