0.005	112
0.01	108
0.015	108
0.02	108
0.025	108
0.03	108
0.035	108
0.04	108
0.045	107
0.05	108
0.055	107
0.06	108
0.065	107
0.07	57
0.075	108
0.08	56
0.085	107
0.09	56
0.095	107
0.1	56
0.105	107
0.11	56
0.115	106
0.12	56
0.125	106
0.13	56
0.135	105
0.14	56
0.145	105
0.15	56
0.155	105
0.16	55
0.165	104
0.17	55
0.175	104
0.18	55
0.185	104
0.19	55
0.195	104
0.2	55
0.205	104
0.21	55
0.215	104
0.22	55
0.225	104
0.23	55
0.235	104
0.24	55
0.245	104
0.25	55
0.255	104
0.26	55
0.265	104
0.27	55
0.275	104
0.28	55
0.285	104
0.29	55
0.295	104
0.3	55
0.305	105
0.31	55
0.315	105
0.32	55
0.325	105
0.33	55
0.335	105
0.34	55
0.345	105
0.35	55
0.355	105
0.36	55
0.365	57
0.37	105
0.375	55
0.38	56
0.385	105
0.39	55
0.395	56
0.4	105
0.405	55
0.41	56
0.415	105
0.42	55
0.425	56
0.43	105
0.435	55
0.44	55
0.445	105
0.45	55
0.455	55
0.46	105
0.465	54
0.47	55
0.475	105
0.48	54
0.485	55
0.49	56
0.495	105
0.5	54
0.505	54
0.51	55
0.515	104
0.52	54
0.525	54
0.53	55
0.535	104
0.54	54
0.545	54
0.55	55
0.555	104
0.56	53
0.565	54
0.57	55
0.575	104
0.58	53
0.585	54
0.59	54
0.595	104
0.6	53
0.605	53
0.61	54
0.615	104
0.62	53
0.625	53
0.63	54
0.635	56
0.64	104
0.645	53
0.65	53
0.655	53
0.66	54
0.665	103
0.67	52
0.675	53
0.68	53
0.685	54
0.69	103
0.695	52
0.7	52
0.705	53
0.71	54
0.715	103
0.72	52
0.725	52
0.73	53
0.735	53
0.74	103
0.745	52
0.75	52
0.755	52
0.76	53
0.765	103
0.77	52
0.775	52
0.78	52
0.785	53
0.79	55
0.795	103
0.8	52
0.805	51
0.81	52
0.815	52
0.82	53
0.825	103
0.83	51
0.835	51
0.84	52
0.845	52
0.85	53
0.855	102
0.86	51
0.865	51
0.87	51
0.875	52
0.88	52
0.885	102
0.89	51
0.895	51
0.9	51
0.905	51
0.91	52
0.915	102
0.92	51
0.925	51
0.93	51
0.935	51
0.94	52
0.945	102
0.95	50
0.955	50
0.96	51
0.965	51
0.97	52
0.975	53
0.98	102
0.985	50
0.99	50
0.995	50
1	50
1.005	51
1.01	52
1.015	102
1.02	50
1.025	50
1.03	50
1.035	50
1.04	51
1.045	52
1.05	102
1.055	50
1.06	50
1.065	50
1.07	50
1.075	50
1.08	51
1.085	101
1.09	50
1.095	50
1.1	50
1.105	50
1.11	50
1.115	51
1.12	53
1.125	101
1.13	49
1.135	49
1.14	49
1.145	49
1.15	50
1.155	50
1.16	51
1.165	101
1.17	49
1.175	49
1.18	49
1.185	49
1.19	49
1.195	50
1.2	51
1.205	101
1.21	49
1.215	49
1.22	49
1.225	49
1.23	49
1.235	50
1.24	50
1.245	101
1.25	49
1.255	49
1.26	49
1.265	49
1.27	49
1.275	49
1.28	50
1.285	100
1.29	49
1.295	49
1.3	49
1.305	49
1.31	49
1.315	49
1.32	50
1.325	53
1.33	100
1.335	48
1.34	48
1.345	48
1.35	48
1.355	48
1.36	49
1.365	49
1.37	50
1.375	100
1.38	48
1.385	48
1.39	48
1.395	48
1.4	48
1.405	48
1.41	49
1.415	49
1.42	100
1.425	48
1.43	48
1.435	48
1.44	48
1.445	48
1.45	48
1.455	49
1.46	49
1.465	99
1.47	47
1.475	47
1.48	47
1.485	47
1.49	47
1.495	48
1.5	48
1.505	49
1.51	50
1.515	98
1.52	47
1.525	47
1.53	47
1.535	47
1.54	47
1.545	47
1.55	48
1.555	48
1.56	49
1.565	98
1.57	47
1.575	46
1.58	46
1.585	46
1.59	46
1.595	47
1.6	47
1.605	48
1.61	49
1.615	97
1.62	46
1.625	46
1.63	46
1.635	46
1.64	46
1.645	46
1.65	47
1.655	47
1.66	49
1.665	94
1.67	46
1.675	46
1.68	46
1.685	46
1.69	46
1.695	46
1.7	46
1.705	47
1.71	49
1.715	93
1.72	46
1.725	44
1.73	44
1.735	44
1.74	44
1.745	45
1.75	46
1.755	46
1.76	49
1.765	92
1.77	44
1.775	42
1.78	42
1.785	42
1.79	42
1.795	42
1.8	42
1.805	46
1.81	49
1.815	91
1.82	42
1.825	40
1.83	40
1.835	40
1.84	40
1.845	40
1.85	40
1.855	42
1.86	50
1.865	91
1.87	40
1.875	39
1.88	39
1.885	39
1.89	39
1.895	39
1.9	39
1.905	39
1.91	40
1.915	91
1.92	39
1.925	39
1.93	39
1.935	39
1.94	39
1.945	39
1.95	39
1.955	39
1.96	39
1.965	39
1.97	40
1.975	90
1.98	39
1.985	38
1.99	38
1.995	38
2	38
2.005	38
2.01	38
2.015	38
2.02	38
2.025	39
2.03	39
2.035	39
2.04	39
2.045	90
2.05	38
2.055	37
2.06	37
2.065	37
2.07	37
2.075	37
2.08	37
2.085	37
2.09	37
2.095	38
2.1	38
2.105	38
2.11	39
2.115	39
2.12	90
2.125	37
2.13	37
2.135	37
2.14	37
2.145	37
2.15	37
2.155	37
2.16	37
2.165	37
2.17	37
2.175	37
2.18	37
2.185	38
2.19	38
2.195	39
2.2	89
2.205	37
2.21	37
2.215	37
2.22	37
2.225	37
2.23	37
2.235	37
2.24	37
2.245	37
2.25	37
2.255	37
2.26	37
2.265	37
2.27	37
2.275	38
2.28	39
2.285	89
2.29	37
2.295	37
2.3	37
2.305	37
2.31	36
2.315	37
2.32	36
2.325	37
2.33	37
2.335	37
2.34	37
2.345	37
2.35	37
2.355	37
2.36	37
2.365	38
2.37	89
2.375	36
2.38	36
2.385	36
2.39	36
2.395	36
2.4	36
2.405	36
2.41	36
2.415	36
2.42	37
2.425	37
2.43	37
2.435	37
2.44	37
2.445	37
2.45	37
2.455	88
2.46	36
2.465	36
2.47	36
2.475	36
2.48	36
2.485	36
2.49	36
2.495	36
2.5	36
2.505	36
2.51	36
2.515	37
2.52	37
2.525	37
2.53	37
2.535	37
2.54	88
2.545	36
2.55	36
2.555	36
2.56	36
2.565	36
2.57	36
2.575	36
2.58	36
2.585	36
2.59	36
2.595	36
2.6	36
2.605	37
2.61	37
2.615	37
2.62	37
2.625	88
2.63	36
2.635	36
2.64	36
2.645	36
2.65	36
2.655	36
2.66	36
2.665	36
2.67	36
2.675	36
2.68	36
2.685	36
2.69	37
2.695	37
2.7	37
2.705	37
2.71	37
2.715	88
2.72	36
2.725	35
2.73	35
2.735	35
2.74	35
2.745	35
2.75	35
2.755	35
2.76	35
2.765	36
2.77	36
2.775	36
2.78	36
2.785	37
2.79	37
2.795	37
2.8	37
2.805	87
2.81	35
2.815	35
2.82	35
2.825	35
2.83	35
2.835	35
2.84	35
2.845	35
2.85	35
2.855	35
2.86	35
2.865	36
2.87	36
2.875	36
2.88	37
2.885	37
2.89	37
2.895	87
2.9	35
2.905	35
2.91	35
2.915	35
2.92	35
2.925	35
2.93	35
2.935	35
2.94	35
2.945	35
2.95	35
2.955	35
2.96	36
2.965	36
2.97	37
2.975	37
2.98	37
2.985	37
2.99	87
2.995	35
3	34
3.005	34
3.01	34
3.015	35
3.02	34
3.025	35
3.03	34
3.035	35
3.04	34
3.045	35
3.05	35
3.055	35
3.06	35
3.065	36
3.07	37
3.075	37
3.08	37
3.085	87
3.09	34
3.095	34
3.1	34
3.105	34
3.11	34
3.115	34
3.12	34
3.125	34
3.13	34
3.135	34
3.14	34
3.145	35
3.15	34
3.155	35
3.16	35
3.165	36
3.17	37
3.175	37
3.18	37
3.185	87
3.19	34
3.195	34
3.2	34
3.205	34
3.21	34
3.215	34
3.22	34
3.225	34
3.23	34
3.235	34
3.24	34
3.245	34
3.25	34
3.255	34
3.26	35
3.265	34
3.27	36
3.275	37
3.28	37
3.285	37
3.29	86
3.295	34
3.3	34
3.305	34
3.31	34
3.315	34
3.32	34
3.325	34
3.33	34
3.335	34
3.34	34
3.345	34
3.35	34
3.355	34
3.36	34
3.365	34
3.37	35
3.375	34
3.38	35
3.385	37
3.39	37
3.395	86
3.4	34
3.405	34
3.41	34
3.415	34
3.42	34
3.425	34
3.43	34
3.435	34
3.44	34
3.445	34
3.45	34
3.455	34
3.46	34
3.465	34
3.47	34
3.475	34
3.48	34
3.485	35
3.49	35
3.495	37
3.5	37
3.505	85
3.51	33
3.515	33
3.52	34
3.525	34
3.53	34
3.535	33
3.54	33
3.545	33
3.55	33
3.555	33
3.56	33
3.565	34
3.57	34
3.575	34
3.58	34
3.585	34
3.59	34
3.595	34
3.6	34
3.605	35
3.61	37
3.615	37
3.62	37
3.625	83
3.63	32
3.635	33
3.64	31
3.645	33
3.65	31
3.655	31
3.66	31
3.665	31
3.67	31
3.675	31
3.68	31
3.685	31
3.69	33
3.695	31
3.7	34
3.705	31
3.71	34
3.715	34
3.72	34
3.725	34
3.73	34
3.735	37
3.74	37
3.745	37
3.75	81
3.755	31
3.76	31
3.765	31
3.77	31
3.775	31
3.78	30
3.785	31
3.79	31
3.795	30
3.8	31
3.805	31
3.81	30
3.815	31
3.82	31
3.825	31
3.83	31
3.835	31
3.84	31
3.845	31
3.85	34
3.855	31
3.86	34
3.865	34
3.87	37
3.875	37
3.88	81
3.885	30
3.89	31
3.895	30
3.9	30
3.905	30
3.91	30
3.915	30
3.92	30
3.925	30
3.93	30
3.935	30
3.94	30
3.945	30
3.95	30
3.955	30
3.96	30
3.965	30
3.97	30
3.975	30
3.98	30
3.985	31
3.99	31
3.995	31
4	31
4.005	34
4.01	31
4.015	37
4.02	79
4.025	27
4.03	30
4.035	29
4.04	29
4.045	29
4.05	29
4.055	29
4.06	29
4.065	29
4.07	28
4.075	29
4.08	28
4.085	29
4.09	28
4.095	29
4.1	29
4.105	29
4.11	29
4.115	29
4.12	29
4.125	29
4.13	30
4.135	29
4.14	30
4.145	30
4.15	30
4.155	31
4.16	31
4.165	31
4.17	79
4.175	26
4.18	29
4.185	27
4.19	28
4.195	27
4.2	27
4.205	27
4.21	27
4.215	27
4.22	27
4.225	27
4.23	27
4.235	27
4.24	27
4.245	27
4.25	27
4.255	27
4.26	27
4.265	27
4.27	27
4.275	27
4.28	27
4.285	27
4.29	27
4.295	27
4.3	27
4.305	27
4.31	30
4.315	27
4.32	30
4.325	30
4.33	31
4.335	74
4.34	26
4.345	27
4.35	27
4.355	27
4.36	27
4.365	27
4.37	26
4.375	27
4.38	26
4.385	27
4.39	26
4.395	27
4.4	26
4.405	27
4.41	26
4.415	27
4.42	26
4.425	27
4.43	26
4.435	27
4.44	26
4.445	27
4.45	26
4.455	26
4.46	27
4.465	27
4.47	26
4.475	27
4.48	27
4.485	27
4.49	27
4.495	27
4.5	27
4.505	27
4.51	27
4.515	27
4.52	27
4.525	73
4.53	25
4.535	26
4.54	26
4.545	26
4.55	26
4.555	26
4.56	26
4.565	26
4.57	26
4.575	26
4.58	26
4.585	26
4.59	26
4.595	26
4.6	26
4.605	26
4.61	26
4.615	26
4.62	26
4.625	26
4.63	26
4.635	26
4.64	26
4.645	26
4.65	26
4.655	26
4.66	26
4.665	26
4.67	26
4.675	26
4.68	26
4.685	26
4.69	26
4.695	26
4.7	26
4.705	26
4.71	26
4.715	26
4.72	26
4.725	26
4.73	26
4.735	27
4.74	27
4.745	27
4.75	27
4.755	27
4.76	27
4.765	72
4.77	24
4.775	26
4.78	26
4.785	26
4.79	26
4.795	26
4.8	25
4.805	26
4.81	26
4.815	26
4.82	25
4.825	25
4.83	25
4.835	25
4.84	25
4.845	25
4.85	25
4.855	25
4.86	25
4.865	25
4.87	25
4.875	25
4.88	25
4.885	25
4.89	25
4.895	25
4.9	25
4.905	25
4.91	25
4.915	25
4.92	25
4.925	25
4.93	25
4.935	25
4.94	25
4.945	25
4.95	25
4.955	25
4.96	25
4.965	25
4.97	25
4.975	25
4.98	26
4.985	26
4.99	26
4.995	26
5	26
5.005	26
5.01	26
5.015	26
5.02	26
5.025	26
5.03	26
5.035	26
5.04	26
5.045	26
5.05	26
5.055	26
5.06	26
5.065	27
5.07	70
5.075	19
5.08	25
5.085	25
5.09	24
5.095	25
5.1	25
5.105	25
5.11	25
5.115	25
5.12	25
5.125	24
5.13	25
5.135	24
5.14	25
5.145	24
5.15	25
5.155	24
5.16	25
5.165	24
5.17	25
5.175	24
5.18	24
5.185	24
5.19	24
5.195	24
5.2	24
5.205	24
5.21	24
5.215	24
5.22	24
5.225	24
5.23	24
5.235	24
5.24	24
5.245	24
5.25	24
5.255	24
5.26	25
5.265	24
5.27	25
5.275	24
5.28	24
5.285	25
5.29	24
5.295	25
5.3	24
5.305	25
5.31	24
5.315	25
5.32	24
5.325	25
5.33	25
5.335	25
5.34	25
5.345	25
5.35	25
5.355	25
5.36	25
5.365	25
5.37	25
5.375	25
5.38	25
5.385	25
5.39	25
5.395	25
5.4	26
5.405	17
5.41	26
5.415	16
5.42	26
5.425	16
5.43	26
5.435	16
5.44	26
5.445	16
5.45	26
5.455	16
5.46	26
5.465	16
5.47	26
5.475	16
5.48	26
5.485	16
5.49	69
5.495	16
5.5	17
5.505	25
5.51	16
5.515	25
5.52	16
5.525	24
5.53	16
5.535	24
5.54	15
5.545	24
5.55	16
5.555	24
5.56	15
5.565	24
5.57	15
5.575	24
5.58	16
5.585	24
5.59	16
5.595	24
5.6	16
5.605	24
5.61	15
5.615	24
5.62	15
5.625	24
5.63	15
5.635	24
5.64	15
5.645	24
5.65	15
5.655	23
5.66	15
5.665	24
5.67	15
5.675	24
5.68	15
5.685	24
5.69	15
5.695	23
5.7	15
5.705	24
5.71	15
5.715	24
5.72	15
5.725	24
5.73	15
5.735	23
5.74	15
5.745	24
5.75	15
5.755	23
5.76	15
5.765	23
5.77	15
5.775	23
5.78	15
5.785	23
5.79	15
5.795	23
5.8	15
5.805	23
5.81	15
5.815	24
5.82	15
5.825	24
5.83	15
5.835	24
5.84	14
5.845	23
5.85	15
5.855	24
5.86	14
5.865	24
5.87	14
5.875	24
5.88	14
5.885	24
5.89	14
5.895	24
5.9	14
5.905	24
5.91	14
5.915	24
5.92	14
5.925	24
5.93	14
5.935	24
5.94	14
5.945	24
5.95	14
5.955	24
5.96	14
5.965	24
5.97	14
5.975	24
5.98	14
5.985	24
5.99	14
5.995	24
6	14
6.005	25
6.01	14
6.015	25
6.02	14
6.025	25
6.03	14
6.035	26
6.04	14
6.045	26
6.05	14
6.055	67
6.06	15
6.065	15
6.07	22
6.075	14
6.08	22
6.085	14
6.09	17
6.095	22
6.1	14
6.105	17
6.11	17
6.115	16
6.12	16
6.125	17
6.13	15
6.135	22
6.14	13
6.145	16
6.15	17
6.155	15
6.16	22
6.165	13
6.17	16
6.175	17
6.18	15
6.185	22
6.19	13
6.195	16
6.2	17
6.205	15
6.21	20
6.215	14
6.22	16
6.225	17
6.23	15
6.235	17
6.24	15
6.245	16
6.25	15
6.255	15
6.26	16
6.265	15
6.27	15
6.275	16
6.28	15
6.285	15
6.29	16
6.295	15
6.3	15
6.305	16
6.31	14
6.315	17
6.32	14
6.325	15
6.33	16
6.335	14
6.34	15
6.345	16
6.35	14
6.355	15
6.36	16
6.365	14
6.37	15
6.375	16
6.38	14
6.385	15
6.39	16
6.395	14
6.4	15
6.405	16
6.41	14
6.415	14
6.42	16
6.425	14
6.43	14
6.435	16
6.44	14
6.445	14
6.45	16
6.455	14
6.46	14
6.465	16
6.47	14
6.475	14
6.48	16
6.485	14
6.49	14
6.495	15
6.5	14
6.505	14
6.51	15
6.515	14
6.52	14
6.525	15
6.53	14
6.535	14
6.54	15
6.545	14
6.55	14
6.555	15
6.56	14
6.565	14
6.57	15
6.575	14
6.58	14
6.585	15
6.59	14
6.595	14
6.6	15
6.605	14
6.61	14
6.615	15
6.62	14
6.625	14
6.63	15
6.635	14
6.64	14
6.645	15
6.65	14
6.655	14
6.66	15
6.665	14
6.67	14
6.675	13
6.68	13
6.685	15
6.69	13
6.695	13
6.7	15
6.705	13
6.71	13
6.715	15
6.72	13
6.725	13
6.73	15
6.735	13
6.74	13
6.745	15
6.75	13
6.755	13
6.76	15
6.765	13
6.77	13
6.775	15
6.78	13
6.785	13
6.79	15
6.795	13
6.8	13
6.805	15
6.81	13
6.815	13
6.82	15
6.825	13
6.83	13
6.835	15
6.84	13
6.845	13
6.85	15
6.855	13
6.86	13
6.865	15
6.87	13
6.875	13
6.88	65
6.885	12
6.89	11
6.895	13
6.9	13
6.905	12
6.91	14
6.915	12
6.92	12
6.925	13
6.93	12
6.935	12
6.94	13
6.945	12
6.95	12
6.955	13
6.96	12
6.965	12
6.97	13
6.975	12
6.98	12
6.985	13
6.99	12
6.995	12
7	11
7.005	11
7.01	13
7.015	11
7.02	11
7.025	13
7.03	11
7.035	11
7.04	13
7.045	11
7.05	11
7.055	13
7.06	10
7.065	11
7.07	12
7.075	11
7.08	11
7.085	13
7.09	11
7.095	11
7.1	13
7.105	10
7.11	11
7.115	12
7.12	11
7.125	11
7.13	11
7.135	12
7.14	11
7.145	11
7.15	10
7.155	10
7.16	12
7.165	10
7.17	10
7.175	12
7.18	10
7.185	10
7.19	11
7.195	10
7.2	10
7.205	11
7.21	10
7.215	10
7.22	11
7.225	10
7.23	10
7.235	11
7.24	10
7.245	10
7.25	11
7.255	10
7.26	10
7.265	11
7.27	10
7.275	10
7.28	11
7.285	10
7.29	10
7.295	11
7.3	10
7.305	10
7.31	11
7.315	10
7.32	10
7.325	9
7.33	11
7.335	9
7.34	10
7.345	11
7.35	9
7.355	9
7.36	11
7.365	9
7.37	9
7.375	11
7.38	9
7.385	10
7.39	11
7.395	9
7.4	9
7.405	11
7.41	9
7.415	9
7.42	11
7.425	8
7.43	9
7.435	11
7.44	9
7.445	9
7.45	11
7.455	9
7.46	9
7.465	8
7.47	10
7.475	10
7.48	9
7.485	10
7.49	9
7.495	11
7.5	8
7.505	9
7.51	10
7.515	9
7.52	9
7.525	11
7.53	8
7.535	9
7.54	10
7.545	9
7.55	10
7.555	9
7.56	9
7.565	8
7.57	11
7.575	7
7.58	9
7.585	11
7.59	7
7.595	10
7.6	10
7.605	9
7.61	9
7.615	8
7.62	10
7.625	7
7.63	8
7.635	11
7.64	7
7.645	8
7.65	10
7.655	7
7.66	11
7.665	5
7.67	11
7.675	4
7.68	12
7.685	5
7.69	10
7.695	4
7.7	12
7.705	4
7.71	11
7.715	5
7.72	11
7.725	5
7.73	11
7.735	3
7.74	12
7.745	4
7.75	11
7.755	4
7.76	10
7.765	4
7.77	11
7.775	5
7.78	11
7.785	5
7.79	12
7.795	4
7.8	10
7.805	5
7.81	12
7.815	5
7.82	10
7.825	4
7.83	12
7.835	4
7.84	11
7.845	4
7.85	10
7.855	4
7.86	12
7.865	4
7.87	10
7.875	4
7.88	10
7.885	4
7.89	12
7.895	4
7.9	10
7.905	4
7.91	11
7.915	4
7.92	10
7.925	4
7.93	10
7.935	4
7.94	12
7.945	4
7.95	10
7.955	4
7.96	11
7.965	4
7.97	10
7.975	4
7.98	10
7.985	4
7.99	12
7.995	4
8	9
8.005	8
8.01	7
8.015	9
8.02	4
8.025	11
8.03	4
8.035	10
8.04	3
8.045	10
8.05	3
8.055	10
8.06	4
8.065	11
8.07	4
8.075	9
8.08	4
8.085	11
8.09	4
8.095	11
8.1	3
8.105	10
8.11	3
8.115	10
8.12	3
8.125	9
8.13	4
8.135	11
8.14	4
8.145	6
8.15	8
8.155	5
8.16	9
8.165	4
8.17	10
8.175	3
8.18	10
8.185	3
8.19	9
8.195	3
8.2	9
8.205	4
8.21	11
8.215	4
8.22	6
8.225	8
8.23	4
8.235	6
8.24	8
8.245	6
8.25	8
8.255	4
8.26	10
8.265	3
8.27	9
8.275	4
8.28	11
8.285	4
8.29	6
8.295	7
8.3	5
8.305	8
8.31	3
8.315	10
8.32	3
8.325	6
8.33	8
8.335	4
8.34	6
8.345	8
8.35	5
8.355	6
8.36	9
8.365	6
8.37	8
8.375	9
8.38	4
8.385	8
8.39	8
8.395	6
8.4	9
8.405	3
8.41	11
8.415	3
8.42	10
8.425	2
8.43	9
8.435	4
8.44	11
8.445	3
8.45	6
8.455	7
8.46	4
8.465	7
8.47	9
8.475	5
8.48	7
8.485	5
8.49	8
8.495	2
8.5	11
8.505	2
8.51	4
8.515	9
8.52	2
8.525	11
8.53	3
8.535	6
8.54	6
8.545	4
8.55	11
8.555	3
8.56	6
8.565	8
8.57	4
8.575	11
8.58	2
8.585	5
8.59	9
8.595	4
8.6	6
8.605	8
8.61	5
8.615	8
8.62	5
8.625	7
8.63	4
8.635	10
8.64	2
8.645	4
8.65	9
8.655	2
8.66	10
8.665	3
8.67	6
8.675	7
8.68	5
8.685	8
8.69	3
8.695	9
8.7	2
8.705	5
8.71	8
8.715	3
8.72	7
8.725	7
8.73	4
8.735	9
8.74	3
8.745	4
8.75	7
8.755	4
8.76	9
8.765	1
8.77	5
8.775	8
8.78	3
8.785	9
8.79	2
8.795	8
8.8	2
8.805	8
8.81	4
8.815	6
8.82	3
8.825	9
8.83	2
8.835	4
8.84	7
8.845	8
8.85	6
8.855	8
8.86	2
8.865	5
8.87	9
8.875	4
8.88	2
8.885	12
8.89	3
8.895	2
8.9	8
8.905	6
8.91	6
8.915	8
8.92	4
8.925	3
8.93	7
8.935	6
8.94	6
8.945	6
8.95	4
8.955	7
8.96	3
8.965	7
8.97	2
8.975	6
8.98	5
8.985	8
8.99	4
8.995	7
9	1
9.005	9
9.01	3
9.015	2
9.02	9
9.025	4
9.03	2
9.035	10
9.04	3
9.045	2
9.05	5
9.055	8
9.06	3
9.065	2
9.07	9
9.075	3
9.08	2
9.085	9
9.09	2
9.095	4
9.1	2
9.105	11
9.11	3
9.115	2
9.12	5
9.125	5
9.13	4
9.135	9
9.14	2
9.145	4
9.15	2
9.155	5
9.16	12
9.165	6
9.17	2
9.175	5
9.18	8
9.185	4
9.19	2
9.195	12
9.2	2
9.205	4
9.21	2
9.215	7
9.22	5
9.225	7
9.23	4
9.235	9
9.24	2
9.245	3
9.25	5
9.255	6
9.26	4
9.265	8
9.27	4
9.275	2
9.28	11
9.285	3
9.29	2
9.295	4
9.3	7
9.305	4
9.31	2
9.315	10
9.32	3
9.325	2
9.33	4
9.335	8
9.34	3
9.345	2
9.35	9
9.355	2
9.36	1
9.365	8
9.37	3
9.375	7
9.38	2
9.385	7
9.39	5
9.395	3
9.4	7
9.405	4
9.41	2
9.415	9
9.42	3
9.425	2
9.43	7
9.435	2
9.44	7
9.445	4
9.45	2
9.455	9
9.46	5
9.465	3
9.47	7
9.475	2
9.48	5
9.485	5
9.49	3
9.495	7
9.5	4
9.505	2
9.51	6
9.515	4
9.52	5
9.525	5
9.53	4
9.535	10
9.54	2
9.545	1
9.55	3
9.555	2
9.56	6
9.565	4
9.57	5
9.575	10
9.58	3
9.585	2
9.59	4
9.595	2
9.6	7
9.605	4
9.61	2
9.615	14
9.62	11
9.625	7
9.63	4
9.635	3
9.64	8
9.645	2
9.65	1
9.655	1
9.66	10
9.665	7
9.67	4
9.675	2
9.68	8
9.685	2
9.69	2
9.695	2
9.7	5
9.705	3
9.71	10
9.715	2
9.72	1
9.725	1
9.73	5
9.735	4
9.74	9
9.745	2
9.75	1
9.755	1
9.76	13
9.765	12
9.77	7
9.775	4
9.78	5
9.785	3
9.79	8
9.795	2
9.8	2
9.805	1
9.81	3
9.815	61
9.82	7
9.825	16
9.83	5
9.835	8
9.84	4
9.845	8
9.85	6
9.855	3
9.86	6
9.865	3
9.87	2
9.875	7
9.88	2
9.885	1
9.89	1
9.895	6
9.9	5
9.905	3
9.91	2
9.915	6
9.92	4
9.925	2
9.93	6
9.935	3
9.94	2
9.945	5
9.95	3
9.955	2
9.96	2
9.965	8
9.97	4
9.975	2
9.98	1
9.985	4
9.99	2
9.995	6
10	3
