0.005	0
0.01	0
0.015	1
0.02	1
0.025	1
0.03	2
0.035	2
0.04	2
0.045	2
0.05	3
0.055	3
0.06	3
0.065	4
0.07	4
0.075	4
0.08	4
0.085	5
0.09	5
0.095	5
0.1	5
0.105	6
0.11	6
0.115	6
0.12	7
0.125	7
0.13	7
0.135	7
0.14	8
0.145	8
0.15	8
0.155	8
0.16	9
0.165	9
0.17	9
0.175	10
0.18	10
0.185	10
0.19	10
0.195	11
0.2	11
0.205	11
0.21	11
0.215	12
0.22	12
0.225	12
0.23	12
0.235	13
0.24	13
0.245	13
0.25	13
0.255	14
0.26	14
0.265	14
0.27	15
0.275	15
0.28	15
0.285	15
0.29	16
0.295	16
0.3	16
0.305	16
0.31	17
0.315	17
0.32	17
0.325	17
0.33	18
0.335	18
0.34	18
0.345	19
0.35	19
0.355	19
0.36	19
0.365	20
0.37	20
0.375	20
0.38	20
0.385	21
0.39	21
0.395	21
0.4	21
0.405	22
0.41	22
0.415	22
0.42	22
0.425	23
0.43	23
0.435	23
0.44	23
0.445	24
0.45	24
0.455	24
0.46	24
0.465	25
0.47	25
0.475	25
0.48	25
0.485	26
0.49	26
0.495	26
0.5	27
0.505	27
0.51	27
0.515	27
0.52	28
0.525	28
0.53	28
0.535	28
0.54	29
0.545	29
0.55	29
0.555	29
0.56	30
0.565	30
0.57	30
0.575	30
0.58	31
0.585	31
0.59	31
0.595	31
0.6	32
0.605	32
0.61	32
0.615	32
0.62	33
0.625	33
0.63	33
0.635	33
0.64	33
0.645	34
0.65	34
0.655	34
0.66	34
0.665	35
0.67	35
0.675	35
0.68	35
0.685	36
0.69	36
0.695	36
0.7	36
0.705	37
0.71	37
0.715	37
0.72	37
0.725	38
0.73	38
0.735	38
0.74	38
0.745	39
0.75	39
0.755	39
0.76	39
0.765	40
0.77	40
0.775	40
0.78	40
0.785	41
0.79	41
0.795	41
0.8	41
0.805	42
0.81	42
0.815	42
0.82	42
0.825	43
0.83	43
0.835	43
0.84	43
0.845	43
0.85	44
0.855	44
0.86	44
0.865	44
0.87	45
0.875	45
0.88	45
0.885	45
0.89	46
0.895	46
0.9	46
0.905	46
0.91	47
0.915	47
0.92	47
0.925	47
0.93	48
0.935	48
0.94	48
0.945	48
0.95	49
0.955	49
0.96	49
0.965	49
0.97	49
0.975	50
0.98	50
0.985	50
0.99	50
0.995	51
1	51
1.005	51
1.01	51
1.015	52
1.02	52
1.025	52
1.03	52
1.035	53
1.04	53
1.045	53
1.05	53
1.055	54
1.06	54
1.065	54
1.07	54
1.075	54
1.08	55
1.085	55
1.09	55
1.095	55
1.1	56
1.105	56
1.11	56
1.115	56
1.12	57
1.125	57
1.13	57
1.135	57
1.14	58
1.145	58
1.15	58
1.155	58
1.16	58
1.165	59
1.17	59
1.175	59
1.18	59
1.185	60
1.19	60
1.195	60
1.2	60
1.205	61
1.21	61
1.215	61
1.22	61
1.225	62
1.23	62
1.235	62
1.24	62
1.245	63
1.25	63
1.255	63
1.26	63
1.265	63
1.27	64
1.275	64
1.28	64
1.285	64
1.29	65
1.295	65
1.3	65
1.305	65
1.31	66
1.315	66
1.32	66
1.325	66
1.33	67
1.335	67
1.34	67
1.345	67
1.35	67
1.355	68
1.36	68
1.365	68
1.37	68
1.375	69
1.38	69
1.385	69
1.39	69
1.395	69
1.4	70
1.405	70
1.41	70
1.415	70
1.42	71
1.425	71
1.43	71
1.435	71
1.44	72
1.445	72
1.45	72
1.455	72
1.46	72
1.465	73
1.47	73
1.475	73
1.48	73
1.485	74
1.49	74
1.495	74
1.5	74
1.505	75
1.51	75
1.515	75
1.52	75
1.525	76
1.53	76
1.535	76
1.54	76
1.545	76
1.55	77
1.555	77
1.56	77
1.565	77
1.57	78
1.575	78
1.58	78
1.585	78
1.59	79
1.595	79
1.6	79
1.605	79
1.61	79
1.615	80
1.62	80
1.625	80
1.63	80
1.635	81
1.64	81
1.645	81
1.65	81
1.655	82
1.66	82
1.665	82
1.67	82
1.675	82
1.68	83
1.685	83
1.69	83
1.695	83
1.7	84
1.705	84
1.71	84
1.715	84
1.72	85
1.725	85
1.73	85
1.735	85
1.74	85
1.745	86
1.75	86
1.755	86
1.76	86
1.765	87
1.77	87
1.775	87
1.78	87
1.785	87
1.79	88
1.795	88
1.8	88
1.805	88
1.81	89
1.815	89
1.82	89
1.825	89
1.83	89
1.835	90
1.84	90
1.845	90
1.85	90
1.855	91
1.86	91
1.865	91
1.87	91
1.875	91
1.88	92
1.885	92
1.89	92
1.895	92
1.9	93
1.905	93
1.91	93
1.915	93
1.92	93
1.925	94
1.93	94
1.935	94
1.94	94
1.945	95
1.95	95
1.955	95
1.96	95
1.965	95
1.97	96
1.975	96
1.98	96
1.985	96
1.99	97
1.995	97
2	97
2.005	97
2.01	97
2.015	98
2.02	98
2.025	98
2.03	98
2.035	98
2.04	99
2.045	99
2.05	99
2.055	99
2.06	100
2.065	100
2.07	100
2.075	100
2.08	100
2.085	101
2.09	101
2.095	101
2.1	101
2.105	101
2.11	102
2.115	102
2.12	102
2.125	102
2.13	103
2.135	103
2.14	103
2.145	103
2.15	103
2.155	104
2.16	104
2.165	104
2.17	104
2.175	104
2.18	105
2.185	105
2.19	105
2.195	105
2.2	106
2.205	106
2.21	106
2.215	106
2.22	106
2.225	107
2.23	107
2.235	107
2.24	107
2.245	107
2.25	108
2.255	108
2.26	108
2.265	108
2.27	109
2.275	109
2.28	109
2.285	109
2.29	109
2.295	110
2.3	110
2.305	110
2.31	110
2.315	111
2.32	111
2.325	111
2.33	111
2.335	111
2.34	112
2.345	112
2.35	112
2.355	112
2.36	112
2.365	113
2.37	113
2.375	113
2.38	113
2.385	114
2.39	114
2.395	114
2.4	114
2.405	114
2.41	115
2.415	115
2.42	115
2.425	115
2.43	115
2.435	116
2.44	116
2.445	116
2.45	116
2.455	116
2.46	117
2.465	117
2.47	117
2.475	117
2.48	118
2.485	118
2.49	118
2.495	118
2.5	118
2.505	119
2.51	119
2.515	119
2.52	119
2.525	119
2.53	120
2.535	120
2.54	120
2.545	120
2.55	121
2.555	121
2.56	121
2.565	121
2.57	121
2.575	122
2.58	122
2.585	122
2.59	122
2.595	122
2.6	123
2.605	123
2.61	123
2.615	123
2.62	123
2.625	124
2.63	124
2.635	124
2.64	124
2.645	125
2.65	125
2.655	125
2.66	125
2.665	125
2.67	126
2.675	126
2.68	126
2.685	126
2.69	126
2.695	127
2.7	127
2.705	127
2.71	127
2.715	128
2.72	128
2.725	128
2.73	128
2.735	128
2.74	129
2.745	129
2.75	129
2.755	129
2.76	129
2.765	130
2.77	130
2.775	130
2.78	130
2.785	131
2.79	131
2.795	131
2.8	131
2.805	131
2.81	132
2.815	132
2.82	132
2.825	132
2.83	132
2.835	133
2.84	133
2.845	133
2.85	133
2.855	134
2.86	134
2.865	134
2.87	134
2.875	134
2.88	135
2.885	135
2.89	135
2.895	135
2.9	135
2.905	136
2.91	136
2.915	136
2.92	136
2.925	136
2.93	137
2.935	137
2.94	137
2.945	137
2.95	138
2.955	138
2.96	138
2.965	138
2.97	138
2.975	139
2.98	139
2.985	139
2.99	139
2.995	139
3	140
3.005	140
3.01	140
3.015	140
3.02	140
3.025	141
3.03	141
3.035	141
3.04	141
3.045	142
3.05	142
3.055	142
3.06	142
3.065	142
3.07	143
3.075	143
3.08	143
3.085	143
3.09	143
3.095	144
3.1	144
3.105	144
3.11	144
3.115	145
3.12	145
3.125	145
3.13	145
3.135	145
3.14	146
3.145	146
3.15	146
3.155	146
3.16	146
3.165	147
3.17	147
3.175	147
3.18	147
3.185	147
3.19	148
3.195	148
3.2	148
3.205	148
3.21	149
3.215	149
3.22	149
3.225	149
3.23	149
3.235	150
3.24	150
3.245	150
3.25	150
3.255	150
3.26	151
3.265	151
3.27	151
3.275	151
3.28	151
3.285	152
3.29	152
3.295	152
3.3	152
3.305	153
3.31	153
3.315	153
3.32	153
3.325	153
3.33	154
3.335	154
3.34	154
3.345	154
3.35	154
3.355	155
3.36	155
3.365	155
3.37	155
3.375	155
3.38	156
3.385	156
3.39	156
3.395	156
3.4	157
3.405	157
3.41	157
3.415	157
3.42	157
3.425	158
3.43	158
3.435	158
3.44	158
3.445	158
3.45	159
3.455	159
3.46	159
3.465	159
3.47	159
3.475	160
3.48	160
3.485	160
3.49	160
3.495	160
3.5	161
3.505	161
3.51	161
3.515	161
3.52	162
3.525	162
3.53	162
3.535	162
3.54	162
3.545	163
3.55	163
3.555	163
3.56	163
3.565	163
3.57	164
3.575	164
3.58	164
3.585	164
3.59	164
3.595	165
3.6	165
3.605	165
3.61	165
3.615	165
3.62	166
3.625	166
3.63	166
3.635	166
3.64	167
3.645	167
3.65	167
3.655	167
3.66	167
3.665	168
3.67	168
3.675	168
3.68	168
3.685	168
3.69	169
3.695	169
3.7	169
3.705	169
3.71	169
3.715	170
3.72	170
3.725	170
3.73	170
3.735	170
3.74	171
3.745	171
3.75	171
3.755	171
3.76	172
3.765	172
3.77	172
3.775	172
3.78	172
3.785	173
3.79	173
3.795	173
3.8	173
3.805	173
3.81	174
3.815	174
3.82	174
3.825	174
3.83	174
3.835	175
3.84	175
3.845	175
3.85	175
3.855	175
3.86	176
3.865	176
3.87	176
3.875	176
3.88	176
3.885	177
3.89	177
3.895	177
3.9	177
3.905	177
3.91	178
3.915	178
3.92	178
3.925	178
3.93	178
3.935	179
3.94	179
3.945	179
3.95	179
3.955	179
3.96	180
3.965	180
3.97	180
3.975	180
3.98	181
3.985	181
3.99	181
3.995	181
4	181
4.005	182
4.01	182
4.015	182
4.02	182
4.025	182
4.03	183
4.035	183
4.04	183
4.045	183
4.05	183
4.055	184
4.06	184
4.065	184
4.07	184
4.075	184
4.08	185
4.085	185
4.09	185
4.095	185
4.1	185
4.105	186
4.11	186
4.115	186
4.12	186
4.125	186
4.13	187
4.135	187
4.14	187
4.145	187
4.15	187
4.155	188
4.16	188
4.165	188
4.17	188
4.175	188
4.18	189
4.185	189
4.19	189
4.195	189
4.2	189
4.205	190
4.21	190
4.215	190
4.22	190
4.225	190
4.23	191
4.235	191
4.24	191
4.245	191
4.25	191
4.255	192
4.26	192
4.265	192
4.27	192
4.275	192
4.28	193
4.285	193
4.29	193
4.295	193
4.3	193
4.305	194
4.31	194
4.315	194
4.32	194
4.325	194
4.33	195
4.335	195
4.34	195
4.345	195
4.35	195
4.355	196
4.36	196
4.365	196
4.37	196
4.375	196
4.38	197
4.385	197
4.39	197
4.395	197
4.4	197
4.405	198
4.41	198
4.415	198
4.42	198
4.425	198
4.43	199
4.435	199
4.44	199
4.445	199
4.45	199
4.455	200
4.46	200
4.465	200
4.47	200
4.475	200
4.48	201
4.485	201
4.49	201
4.495	201
4.5	201
4.505	201
4.51	202
4.515	202
4.52	202
4.525	202
4.53	203
4.535	203
4.54	203
4.545	203
4.55	203
4.555	204
4.56	204
4.565	204
4.57	204
4.575	204
4.58	204
4.585	205
4.59	205
4.595	205
4.6	205
4.605	205
4.61	206
4.615	206
4.62	206
4.625	206
4.63	206
4.635	207
4.64	207
4.645	207
4.65	207
4.655	207
4.66	208
4.665	208
4.67	208
4.675	208
4.68	208
4.685	209
4.69	209
4.695	209
4.7	209
4.705	209
4.71	210
4.715	210
4.72	210
4.725	210
4.73	210
4.735	211
4.74	211
4.745	211
4.75	211
4.755	211
4.76	212
4.765	212
4.77	212
4.775	212
4.78	212
4.785	213
4.79	213
4.795	213
4.8	213
4.805	213
4.81	214
4.815	214
4.82	214
4.825	214
4.83	214
4.835	215
4.84	215
4.845	215
4.85	215
4.855	215
4.86	215
4.865	216
4.87	216
4.875	216
4.88	216
4.885	216
4.89	217
4.895	217
4.9	217
4.905	217
4.91	217
4.915	218
4.92	218
4.925	218
4.93	218
4.935	218
4.94	219
4.945	219
4.95	219
4.955	219
4.96	219
4.965	220
4.97	220
4.975	220
4.98	220
4.985	220
4.99	221
4.995	221
5	221
5.005	221
5.01	221
5.015	222
5.02	222
5.025	222
5.03	222
5.035	222
5.04	222
5.045	223
5.05	223
5.055	223
5.06	223
5.065	223
5.07	224
5.075	224
5.08	224
5.085	224
5.09	224
5.095	225
5.1	225
5.105	225
5.11	225
5.115	225
5.12	226
5.125	226
5.13	226
5.135	226
5.14	226
5.145	227
5.15	227
5.155	227
5.16	227
5.165	227
5.17	228
5.175	228
5.18	228
5.185	228
5.19	228
5.195	229
5.2	229
5.205	229
5.21	229
5.215	229
5.22	229
5.225	230
5.23	230
5.235	230
5.24	230
5.245	230
5.25	231
5.255	231
5.26	231
5.265	231
5.27	231
5.275	232
5.28	232
5.285	232
5.29	232
5.295	232
5.3	233
5.305	233
5.31	233
5.315	233
5.32	233
5.325	234
5.33	234
5.335	234
5.34	234
5.345	234
5.35	235
5.355	235
5.36	235
5.365	235
5.37	235
5.375	235
5.38	236
5.385	236
5.39	236
5.395	236
5.4	236
5.405	237
5.41	237
5.415	237
5.42	237
5.425	237
5.43	238
5.435	238
5.44	238
5.445	238
5.45	238
5.455	239
5.46	239
5.465	239
5.47	239
5.475	239
5.48	239
5.485	240
5.49	240
5.495	240
5.5	240
5.505	240
5.51	241
5.515	241
5.52	241
5.525	241
5.53	241
5.535	242
5.54	242
5.545	242
5.55	242
5.555	242
5.56	243
5.565	243
5.57	243
5.575	243
5.58	243
5.585	243
5.59	244
5.595	244
5.6	244
5.605	244
5.61	244
5.615	245
5.62	245
5.625	245
5.63	245
5.635	245
5.64	246
5.645	246
5.65	246
5.655	246
5.66	246
5.665	246
5.67	247
5.675	247
5.68	247
5.685	247
5.69	247
5.695	248
5.7	248
5.705	248
5.71	248
5.715	248
5.72	249
5.725	249
5.73	249
5.735	249
5.74	249
5.745	249
5.75	250
5.755	250
5.76	250
5.765	250
5.77	250
5.775	251
5.78	251
5.785	251
5.79	251
5.795	251
5.8	251
5.805	252
5.81	252
5.815	252
5.82	252
5.825	252
5.83	253
5.835	253
5.84	253
5.845	253
5.85	253
5.855	254
5.86	254
5.865	254
5.87	254
5.875	254
5.88	254
5.885	255
5.89	255
5.895	255
5.9	255
5.905	255
5.91	256
5.915	256
5.92	256
5.925	256
5.93	256
5.935	257
5.94	257
5.945	257
5.95	257
5.955	257
5.96	257
5.965	258
5.97	258
5.975	258
5.98	258
5.985	258
5.99	259
5.995	259
6	259
6.005	259
6.01	259
6.015	259
6.02	260
6.025	260
6.03	260
6.035	260
6.04	260
6.045	261
6.05	261
6.055	261
6.06	261
6.065	261
6.07	262
6.075	262
6.08	262
6.085	262
6.09	262
6.095	263
6.1	263
6.105	263
6.11	263
6.115	263
6.12	263
6.125	264
6.13	264
6.135	264
6.14	264
6.145	264
6.15	265
6.155	265
6.16	265
6.165	265
6.17	265
6.175	265
6.18	266
6.185	266
6.19	266
6.195	266
6.2	266
6.205	267
6.21	267
6.215	267
6.22	267
6.225	267
6.23	267
6.235	268
6.24	268
6.245	268
6.25	268
6.255	268
6.26	269
6.265	269
6.27	269
6.275	269
6.28	269
6.285	269
6.29	270
6.295	270
6.3	270
6.305	270
6.31	270
6.315	271
6.32	271
6.325	271
6.33	271
6.335	271
6.34	271
6.345	272
6.35	272
6.355	272
6.36	272
6.365	272
6.37	273
6.375	273
6.38	273
6.385	273
6.39	273
6.395	273
6.4	274
6.405	274
6.41	274
6.415	274
6.42	274
6.425	274
6.43	275
6.435	275
6.44	275
6.445	275
6.45	275
6.455	276
6.46	276
6.465	276
6.47	276
6.475	276
6.48	276
6.485	277
6.49	277
6.495	277
6.5	277
6.505	277
6.51	278
6.515	278
6.52	278
6.525	278
6.53	278
6.535	278
6.54	279
6.545	279
6.55	279
6.555	279
6.56	279
6.565	280
6.57	280
6.575	280
6.58	280
6.585	280
6.59	280
6.595	281
6.6	281
6.605	281
6.61	281
6.615	281
6.62	282
6.625	282
6.63	282
6.635	282
6.64	282
6.645	282
6.65	283
6.655	283
6.66	283
6.665	283
6.67	283
6.675	284
6.68	284
6.685	284
6.69	284
6.695	284
6.7	284
6.705	285
6.71	285
6.715	285
6.72	285
6.725	285
6.73	285
6.735	286
6.74	286
6.745	286
6.75	286
6.755	286
6.76	287
6.765	287
6.77	287
6.775	287
6.78	287
6.785	287
6.79	288
6.795	288
6.8	288
6.805	288
6.81	288
6.815	289
6.82	289
6.825	289
6.83	289
6.835	289
6.84	289
6.845	290
6.85	290
6.855	290
6.86	290
6.865	290
6.87	290
6.875	291
6.88	291
6.885	291
6.89	291
6.895	291
6.9	292
6.905	292
6.91	292
6.915	292
6.92	292
6.925	293
6.93	293
6.935	293
6.94	293
6.945	293
6.95	293
6.955	294
6.96	294
6.965	294
6.97	294
6.975	294
6.98	294
6.985	295
6.99	295
6.995	295
7	295
7.005	295
7.01	296
7.015	296
7.02	296
7.025	296
7.03	296
7.035	296
7.04	297
7.045	297
7.05	297
7.055	297
7.06	297
7.065	297
7.07	298
7.075	298
7.08	298
7.085	298
7.09	298
7.095	299
7.1	299
7.105	299
7.11	299
7.115	299
7.12	299
7.125	300
7.13	300
7.135	300
7.14	300
7.145	300
7.15	301
7.155	301
7.16	301
7.165	301
7.17	301
7.175	301
7.18	302
7.185	302
7.19	302
7.195	302
7.2	302
7.205	302
7.21	303
7.215	303
7.22	303
7.225	303
7.23	303
7.235	303
7.24	304
7.245	304
7.25	304
7.255	304
7.26	304
7.265	305
7.27	305
7.275	305
7.28	305
7.285	305
7.29	305
7.295	306
7.3	306
7.305	306
7.31	306
7.315	306
7.32	306
7.325	307
7.33	307
7.335	307
7.34	307
7.345	307
7.35	307
7.355	308
7.36	308
7.365	308
7.37	308
7.375	308
7.38	309
7.385	309
7.39	309
7.395	309
7.4	309
7.405	309
7.41	310
7.415	310
7.42	310
7.425	310
7.43	310
7.435	310
7.44	311
7.445	311
7.45	311
7.455	311
7.46	311
7.465	311
7.47	312
7.475	312
7.48	312
7.485	312
7.49	312
7.495	313
7.5	313
7.505	313
7.51	313
7.515	313
7.52	313
7.525	314
7.53	314
7.535	314
7.54	314
7.545	314
7.55	314
7.555	315
7.56	315
7.565	315
7.57	315
7.575	315
7.58	315
7.585	316
7.59	316
7.595	316
7.6	316
7.605	316
7.61	317
7.615	317
7.62	317
7.625	317
7.63	317
7.635	317
7.64	318
7.645	318
7.65	318
7.655	318
7.66	318
7.665	318
7.67	319
7.675	319
7.68	319
7.685	319
7.69	319
7.695	319
7.7	320
7.705	320
7.71	320
7.715	320
7.72	320
7.725	320
7.73	321
7.735	321
7.74	321
7.745	321
7.75	321
7.755	321
7.76	322
7.765	322
7.77	322
7.775	322
7.78	322
7.785	323
7.79	323
7.795	323
7.8	323
7.805	323
7.81	323
7.815	324
7.82	324
7.825	324
7.83	324
7.835	324
7.84	324
7.845	325
7.85	325
7.855	325
7.86	325
7.865	325
7.87	325
7.875	326
7.88	326
7.885	326
7.89	326
7.895	326
7.9	326
7.905	327
7.91	327
7.915	327
7.92	327
7.925	327
7.93	327
7.935	328
7.94	328
7.945	328
7.95	328
7.955	328
7.96	328
7.965	329
7.97	329
7.975	329
7.98	329
7.985	329
7.99	330
7.995	330
8	330
8.005	330
8.01	330
8.015	330
8.02	331
8.025	331
8.03	331
8.035	331
8.04	331
8.045	331
8.05	332
8.055	332
8.06	332
8.065	332
8.07	332
8.075	332
8.08	333
8.085	333
8.09	333
8.095	333
8.1	333
8.105	333
8.11	334
8.115	334
8.12	334
8.125	334
8.13	334
8.135	334
8.14	335
8.145	335
8.15	335
8.155	335
8.16	335
8.165	335
8.17	336
8.175	336
8.18	336
8.185	336
8.19	336
8.195	336
8.2	337
8.205	337
8.21	337
8.215	337
8.22	337
8.225	337
8.23	338
8.235	338
8.24	338
8.245	338
8.25	338
8.255	339
8.26	339
8.265	339
8.27	339
8.275	339
8.28	339
8.285	340
8.29	340
8.295	340
8.3	340
8.305	340
8.31	340
8.315	341
8.32	341
8.325	341
8.33	341
8.335	341
8.34	341
8.345	342
8.35	342
8.355	342
8.36	342
8.365	342
8.37	342
8.375	343
8.38	343
8.385	343
8.39	343
8.395	343
8.4	343
8.405	344
8.41	344
8.415	344
8.42	344
8.425	344
8.43	344
8.435	345
8.44	345
8.445	345
8.45	345
8.455	345
8.46	345
8.465	346
8.47	346
8.475	346
8.48	346
8.485	346
8.49	346
8.495	347
8.5	347
8.505	347
8.51	347
8.515	347
8.52	347
8.525	348
8.53	348
8.535	348
8.54	348
8.545	348
8.55	349
8.555	349
8.56	349
8.565	349
8.57	349
8.575	349
8.58	350
8.585	350
8.59	350
8.595	350
8.6	350
8.605	350
8.61	351
8.615	351
8.62	351
8.625	351
8.63	351
8.635	351
8.64	352
8.645	352
8.65	352
8.655	352
8.66	352
8.665	352
8.67	353
8.675	353
8.68	353
8.685	353
8.69	353
8.695	353
8.7	354
8.705	354
8.71	354
8.715	354
8.72	354
8.725	354
8.73	355
8.735	355
8.74	355
8.745	355
8.75	355
8.755	355
8.76	356
8.765	356
8.77	356
8.775	356
8.78	356
8.785	356
8.79	357
8.795	357
8.8	357
8.805	357
8.81	357
8.815	357
8.82	358
8.825	358
8.83	358
8.835	358
8.84	358
8.845	358
8.85	359
8.855	359
8.86	359
8.865	359
8.87	359
8.875	359
8.88	360
8.885	360
8.89	360
8.895	360
8.9	360
8.905	360
8.91	361
8.915	361
8.92	361
8.925	361
8.93	361
8.935	362
8.94	362
8.945	362
8.95	362
8.955	362
8.96	362
8.965	363
8.97	363
8.975	363
8.98	363
8.985	363
8.99	363
8.995	364
9	364
9.005	364
9.01	364
9.015	364
9.02	364
9.025	365
9.03	365
9.035	365
9.04	365
9.045	365
9.05	365
9.055	366
9.06	366
9.065	366
9.07	366
9.075	366
9.08	366
9.085	367
9.09	367
9.095	367
9.1	367
9.105	367
9.11	367
9.115	368
9.12	368
9.125	368
9.13	368
9.135	368
9.14	368
9.145	369
9.15	369
9.155	369
9.16	369
9.165	369
9.17	369
9.175	370
9.18	370
9.185	370
9.19	370
9.195	370
9.2	370
9.205	371
9.21	371
9.215	371
9.22	371
9.225	371
9.23	371
9.235	372
9.24	372
9.245	372
9.25	372
9.255	372
9.26	372
9.265	373
9.27	373
9.275	373
9.28	373
9.285	373
9.29	373
9.295	374
9.3	374
9.305	374
9.31	374
9.315	374
9.32	374
9.325	375
9.33	375
9.335	375
9.34	375
9.345	375
9.35	375
9.355	376
9.36	376
9.365	376
9.37	376
9.375	376
9.38	376
9.385	377
9.39	377
9.395	377
9.4	377
9.405	377
9.41	377
9.415	378
9.42	378
9.425	378
9.43	378
9.435	378
9.44	378
9.445	379
9.45	379
9.455	379
9.46	379
9.465	379
9.47	379
9.475	380
9.48	380
9.485	380
9.49	380
9.495	380
9.5	380
9.505	381
9.51	381
9.515	381
9.52	381
9.525	381
9.53	381
9.535	382
9.54	382
9.545	382
9.55	382
9.555	382
9.56	382
9.565	383
9.57	383
9.575	383
9.58	383
9.585	383
9.59	383
9.595	384
9.6	384
9.605	384
9.61	384
9.615	384
9.62	384
9.625	385
9.63	385
9.635	385
9.64	385
9.645	385
9.65	385
9.655	386
9.66	386
9.665	386
9.67	386
9.675	386
9.68	386
9.685	387
9.69	387
9.695	387
9.7	387
9.705	387
9.71	387
9.715	388
9.72	388
9.725	388
9.73	388
9.735	388
9.74	388
9.745	389
9.75	389
9.755	389
9.76	389
9.765	389
9.77	389
9.775	390
9.78	390
9.785	390
9.79	390
9.795	390
9.8	390
9.805	391
9.81	391
9.815	391
9.82	391
9.825	391
9.83	392
9.835	392
9.84	392
9.845	392
9.85	392
9.855	392
9.86	393
9.865	393
9.87	393
9.875	393
9.88	393
9.885	393
9.89	394
9.895	394
9.9	394
9.905	394
9.91	394
9.915	394
9.92	395
9.925	395
9.93	395
9.935	395
9.94	395
9.945	395
9.95	396
9.955	396
9.96	396
9.965	396
9.97	396
9.975	396
9.98	397
9.985	397
9.99	397
9.995	397
10	397
