0.005	0.42
0.01	0.7
0.015	0.97
0.02	1.25
0.025	1.53
0.03	1.8
0.035	2.07
0.04	2.35
0.045	2.63
0.05	2.9
0.055	3.18
0.06	3.45
0.065	3.73
0.07	3.93
0.075	4.22
0.08	4.42
0.085	4.69
0.09	4.9
0.095	5.17
0.1	5.39
0.105	5.66
0.11	5.87
0.115	6.14
0.12	6.35
0.125	6.62
0.13	6.83
0.135	7.09
0.14	7.3
0.145	7.57
0.15	7.78
0.155	8.04
0.16	8.25
0.165	8.52
0.17	8.73
0.175	8.99
0.18	9.21
0.185	9.47
0.19	9.68
0.195	9.94
0.2	10.16
0.205	10.42
0.21	10.63
0.215	10.9
0.22	11.11
0.225	11.38
0.23	11.58
0.235	11.85
0.24	12.06
0.245	12.33
0.25	12.54
0.255	12.81
0.26	13.01
0.265	13.29
0.27	13.49
0.275	13.76
0.28	13.96
0.285	14.24
0.29	14.44
0.295	14.71
0.3	14.91
0.305	15.18
0.31	15.39
0.315	15.66
0.32	15.87
0.325	16.14
0.33	16.34
0.335	16.62
0.34	16.83
0.345	17.1
0.35	17.3
0.355	17.58
0.36	17.78
0.365	17.99
0.37	18.27
0.375	18.48
0.38	18.69
0.385	18.96
0.39	19.16
0.395	19.36
0.4	19.64
0.405	19.85
0.41	20.06
0.415	20.33
0.42	20.53
0.425	20.74
0.43	21.01
0.435	21.22
0.44	21.42
0.445	21.69
0.45	21.91
0.455	22.11
0.46	22.38
0.465	22.59
0.47	22.8
0.475	23.07
0.48	23.28
0.485	23.48
0.49	23.69
0.495	23.96
0.5	24.17
0.505	24.38
0.51	24.59
0.515	24.86
0.52	25.05
0.525	25.27
0.53	25.48
0.535	25.75
0.54	25.95
0.545	26.17
0.55	26.37
0.555	26.65
0.56	26.86
0.565	27.06
0.57	27.27
0.575	27.54
0.58	27.74
0.585	27.95
0.59	28.16
0.595	28.43
0.6	28.63
0.605	28.82
0.61	29.04
0.615	29.31
0.62	29.51
0.625	29.72
0.63	29.92
0.635	30.13
0.64	30.4
0.645	30.6
0.65	30.81
0.655	31.02
0.66	31.22
0.665	31.49
0.67	31.69
0.675	31.9
0.68	32.11
0.685	32.31
0.69	32.58
0.695	32.78
0.7	32.98
0.705	33.19
0.71	33.4
0.715	33.66
0.72	33.87
0.725	34.07
0.73	34.27
0.735	34.48
0.74	34.74
0.745	34.95
0.75	35.15
0.755	35.35
0.76	35.56
0.765	35.84
0.77	36.04
0.775	36.24
0.78	36.44
0.785	36.65
0.79	36.86
0.795	37.12
0.8	37.33
0.805	37.53
0.81	37.73
0.815	37.93
0.82	38.13
0.825	38.41
0.83	38.6
0.835	38.81
0.84	39.01
0.845	39.21
0.85	39.42
0.855	39.69
0.86	39.89
0.865	40.09
0.87	40.29
0.875	40.5
0.88	40.7
0.885	40.96
0.89	41.17
0.895	41.37
0.9	41.57
0.905	41.77
0.91	41.98
0.915	42.24
0.92	42.44
0.925	42.65
0.93	42.84
0.935	43.05
0.94	43.25
0.945	43.51
0.95	43.72
0.955	43.92
0.96	44.12
0.965	44.32
0.97	44.53
0.975	44.73
0.98	44.99
0.985	45.2
0.99	45.39
0.995	45.59
1	45.79
1.005	45.99
1.01	46.19
1.015	46.47
1.02	46.66
1.025	46.87
1.03	47.07
1.035	47.26
1.04	47.47
1.045	47.68
1.05	47.93
1.055	48.14
1.06	48.34
1.065	48.53
1.07	48.74
1.075	48.93
1.08	49.14
1.085	49.4
1.09	49.6
1.095	49.8
1.1	50
1.105	50.2
1.11	50.4
1.115	50.63
1.12	50.82
1.125	51.09
1.13	51.29
1.135	51.49
1.14	51.69
1.145	51.89
1.15	52.1
1.155	52.3
1.16	52.5
1.165	52.77
1.17	52.96
1.175	53.16
1.18	53.36
1.185	53.56
1.19	53.76
1.195	53.96
1.2	54.16
1.205	54.42
1.21	54.63
1.215	54.82
1.22	55.02
1.225	55.23
1.23	55.43
1.235	55.63
1.24	55.82
1.245	56.09
1.25	56.29
1.255	56.49
1.26	56.69
1.265	56.89
1.27	57.08
1.275	57.28
1.28	57.49
1.285	57.75
1.29	57.95
1.295	58.15
1.3	58.35
1.305	58.55
1.31	58.75
1.315	58.96
1.32	59.16
1.325	59.36
1.33	59.63
1.335	59.82
1.34	60.02
1.345	60.22
1.35	60.41
1.355	60.61
1.36	60.8
1.365	61
1.37	61.2
1.375	61.46
1.38	61.66
1.385	61.86
1.39	62.06
1.395	62.25
1.4	62.45
1.405	62.65
1.41	62.85
1.415	63.04
1.42	63.3
1.425	63.51
1.43	63.7
1.435	63.9
1.44	64.1
1.445	64.3
1.45	64.5
1.455	64.69
1.46	64.9
1.465	65.17
1.47	65.36
1.475	65.57
1.48	65.75
1.485	65.95
1.49	66.15
1.495	66.35
1.5	66.55
1.505	66.75
1.51	66.95
1.515	67.21
1.52	67.41
1.525	67.6
1.53	67.8
1.535	68
1.54	68.2
1.545	68.39
1.55	68.59
1.555	68.79
1.56	68.99
1.565	69.25
1.57	69.44
1.575	69.64
1.58	69.84
1.585	70.04
1.59	70.23
1.595	70.42
1.6	70.62
1.605	70.81
1.61	71.02
1.615	71.28
1.62	71.47
1.625	71.66
1.63	71.86
1.635	72.05
1.64	72.24
1.645	72.44
1.65	72.64
1.655	72.83
1.66	73.03
1.665	73.29
1.67	73.48
1.675	73.67
1.68	73.86
1.685	74.06
1.69	74.26
1.695	74.46
1.7	74.64
1.705	74.84
1.71	75.04
1.715	75.29
1.72	75.48
1.725	75.68
1.73	75.87
1.735	76.06
1.74	76.25
1.745	76.45
1.75	76.64
1.755	76.83
1.76	77.03
1.765	77.29
1.77	77.48
1.775	77.68
1.78	77.86
1.785	78.05
1.79	78.24
1.795	78.43
1.8	78.62
1.805	78.81
1.81	79.01
1.815	79.26
1.82	79.45
1.825	79.65
1.83	79.83
1.835	80.02
1.84	80.2
1.845	80.38
1.85	80.57
1.855	80.77
1.86	80.96
1.865	81.21
1.87	81.4
1.875	81.59
1.88	81.78
1.885	81.96
1.89	82.15
1.895	82.34
1.9	82.52
1.905	82.7
1.91	82.89
1.915	83.14
1.92	83.33
1.925	83.52
1.93	83.71
1.935	83.89
1.94	84.08
1.945	84.26
1.95	84.45
1.955	84.63
1.96	84.82
1.965	85.01
1.97	85.19
1.975	85.45
1.98	85.63
1.985	85.82
1.99	86
1.995	86.18
2	86.37
2.005	86.56
2.01	86.73
2.015	86.92
2.02	87.11
2.025	87.29
2.03	87.48
2.035	87.66
2.04	87.85
2.045	88.09
2.05	88.27
2.055	88.46
2.06	88.64
2.065	88.83
2.07	89.01
2.075	89.2
2.08	89.38
2.085	89.56
2.09	89.75
2.095	89.93
2.1	90.13
2.105	90.32
2.11	90.49
2.115	90.68
2.12	90.93
2.125	91.12
2.13	91.3
2.135	91.49
2.14	91.67
2.145	91.85
2.15	92.03
2.155	92.22
2.16	92.4
2.165	92.58
2.17	92.76
2.175	92.94
2.18	93.13
2.185	93.32
2.19	93.5
2.195	93.69
2.2	93.95
2.205	94.13
2.21	94.31
2.215	94.5
2.22	94.68
2.225	94.86
2.23	95.05
2.235	95.22
2.24	95.41
2.245	95.6
2.25	95.78
2.255	95.96
2.26	96.14
2.265	96.33
2.27	96.51
2.275	96.69
2.28	96.88
2.285	97.13
2.29	97.31
2.295	97.49
2.3	97.68
2.305	97.86
2.31	98.04
2.315	98.22
2.32	98.4
2.325	98.59
2.33	98.77
2.335	98.96
2.34	99.13
2.345	99.32
2.35	99.51
2.355	99.68
2.36	99.87
2.365	100.06
2.37	100.31
2.375	100.49
2.38	100.66
2.385	100.84
2.39	101.03
2.395	101.21
2.4	101.38
2.405	101.57
2.41	101.75
2.415	101.93
2.42	102.12
2.425	102.3
2.43	102.49
2.435	102.66
2.44	102.85
2.445	103.03
2.45	103.22
2.455	103.46
2.46	103.64
2.465	103.83
2.47	104
2.475	104.18
2.48	104.37
2.485	104.55
2.49	104.74
2.495	104.93
2.5	105.13
2.505	105.31
2.51	105.5
2.515	105.68
2.52	105.87
2.525	106.05
2.53	106.24
2.535	106.43
2.54	106.68
2.545	106.85
2.55	107.04
2.555	107.23
2.56	107.4
2.565	107.58
2.57	107.76
2.575	107.95
2.58	108.13
2.585	108.31
2.59	108.5
2.595	108.67
2.6	108.85
2.605	109.04
2.61	109.22
2.615	109.41
2.62	109.58
2.625	109.83
2.63	110.02
2.635	110.2
2.64	110.38
2.645	110.56
2.65	110.75
2.655	110.92
2.66	111.11
2.665	111.29
2.67	111.47
2.675	111.66
2.68	111.83
2.685	112.02
2.69	112.2
2.695	112.39
2.7	112.56
2.705	112.75
2.71	112.93
2.715	113.17
2.72	113.36
2.725	113.54
2.73	113.71
2.735	113.9
2.74	114.08
2.745	114.26
2.75	114.44
2.755	114.62
2.76	114.8
2.765	114.98
2.77	115.16
2.775	115.35
2.78	115.53
2.785	115.7
2.79	115.89
2.795	116.07
2.8	116.26
2.805	116.51
2.81	116.68
2.815	116.87
2.82	117.05
2.825	117.23
2.83	117.4
2.835	117.58
2.84	117.77
2.845	117.95
2.85	118.12
2.855	118.31
2.86	118.49
2.865	118.66
2.87	118.85
2.875	119.03
2.88	119.22
2.885	119.39
2.89	119.58
2.895	119.83
2.9	120.01
2.905	120.19
2.91	120.36
2.915	120.55
2.92	120.72
2.925	120.91
2.93	121.09
2.935	121.27
2.94	121.44
2.945	121.63
2.95	121.81
2.955	121.99
2.96	122.17
2.965	122.35
2.97	122.53
2.975	122.71
2.98	122.89
2.985	123.08
2.99	123.32
2.995	123.5
3	123.68
3.005	123.86
3.01	124.04
3.015	124.21
3.02	124.4
3.025	124.57
3.03	124.75
3.035	124.93
3.04	125.11
3.045	125.29
3.05	125.47
3.055	125.65
3.06	125.83
3.065	126.01
3.07	126.2
3.075	126.38
3.08	126.56
3.085	126.81
3.09	126.99
3.095	127.17
3.1	127.34
3.105	127.53
3.11	127.71
3.115	127.89
3.12	128.07
3.125	128.24
3.13	128.42
3.135	128.61
3.14	128.79
3.145	128.96
3.15	129.14
3.155	129.32
3.16	129.5
3.165	129.68
3.17	129.86
3.175	130.05
3.18	130.23
3.185	130.48
3.19	130.66
3.195	130.84
3.2	131.02
3.205	131.2
3.21	131.38
3.215	131.56
3.22	131.73
3.225	131.92
3.23	132.09
3.235	132.27
3.24	132.45
3.245	132.63
3.25	132.81
3.255	132.99
3.26	133.17
3.265	133.35
3.27	133.53
3.275	133.72
3.28	133.9
3.285	134.08
3.29	134.33
3.295	134.51
3.3	134.69
3.305	134.87
3.31	135.05
3.315	135.23
3.32	135.4
3.325	135.58
3.33	135.76
3.335	135.95
3.34	136.12
3.345	136.31
3.35	136.49
3.355	136.66
3.36	136.84
3.365	137.03
3.37	137.2
3.375	137.38
3.38	137.56
3.385	137.74
3.39	137.92
3.395	138.17
3.4	138.35
3.405	138.54
3.41	138.71
3.415	138.89
3.42	139.07
3.425	139.25
3.43	139.42
3.435	139.61
3.44	139.79
3.445	139.97
3.45	140.14
3.455	140.33
3.46	140.51
3.465	140.69
3.47	140.86
3.475	141.04
3.48	141.22
3.485	141.41
3.49	141.58
3.495	141.76
3.5	141.95
3.505	142.19
3.51	142.38
3.515	142.55
3.52	142.73
3.525	142.91
3.53	143.09
3.535	143.26
3.54	143.45
3.545	143.62
3.55	143.8
3.555	143.98
3.56	144.16
3.565	144.33
3.57	144.52
3.575	144.69
3.58	144.88
3.585	145.05
3.59	145.23
3.595	145.41
3.6	145.59
3.605	145.77
3.61	145.95
3.615	146.14
3.62	146.32
3.625	146.56
3.63	146.74
3.635	146.92
3.64	147.1
3.645	147.27
3.65	147.44
3.655	147.61
3.66	147.79
3.665	147.97
3.67	148.14
3.675	148.32
3.68	148.49
3.685	148.67
3.69	148.85
3.695	149.02
3.7	149.2
3.705	149.38
3.71	149.56
3.715	149.73
3.72	149.91
3.725	150.09
3.73	150.28
3.735	150.45
3.74	150.64
3.745	150.82
3.75	151.06
3.755	151.23
3.76	151.41
3.765	151.58
3.77	151.75
3.775	151.94
3.78	152.11
3.785	152.28
3.79	152.48
3.795	152.65
3.8	152.82
3.805	153
3.81	153.16
3.815	153.35
3.82	153.52
3.825	153.7
3.83	153.88
3.835	154.06
3.84	154.24
3.845	154.41
3.85	154.59
3.855	154.77
3.86	154.95
3.865	155.13
3.87	155.31
3.875	155.49
3.88	155.73
3.885	155.9
3.89	156.08
3.895	156.25
3.9	156.43
3.905	156.6
3.91	156.77
3.915	156.95
3.92	157.13
3.925	157.31
3.93	157.48
3.935	157.65
3.94	157.83
3.945	158
3.95	158.18
3.955	158.35
3.96	158.52
3.965	158.69
3.97	158.87
3.975	159.05
3.98	159.22
3.985	159.4
3.99	159.57
3.995	159.75
4	159.92
4.005	160.1
4.01	160.27
4.015	160.45
4.02	160.7
4.025	160.87
4.03	161.04
4.035	161.21
4.04	161.39
4.045	161.56
4.05	161.74
4.055	161.9
4.06	162.07
4.065	162.25
4.07	162.42
4.075	162.59
4.08	162.77
4.085	162.94
4.09	163.1
4.095	163.28
4.1	163.45
4.105	163.63
4.11	163.8
4.115	163.97
4.12	164.15
4.125	164.31
4.13	164.49
4.135	164.66
4.14	164.84
4.145	165.01
4.15	165.19
4.155	165.37
4.16	165.54
4.165	165.71
4.17	165.94
4.175	166.11
4.18	166.29
4.185	166.46
4.19	166.63
4.195	166.79
4.2	166.97
4.205	167.13
4.21	167.3
4.215	167.48
4.22	167.64
4.225	167.81
4.23	167.99
4.235	168.15
4.24	168.32
4.245	168.49
4.25	168.67
4.255	168.84
4.26	169.01
4.265	169.18
4.27	169.35
4.275	169.52
4.28	169.69
4.285	169.85
4.29	170.02
4.295	170.19
4.3	170.36
4.305	170.53
4.31	170.7
4.315	170.88
4.32	171.05
4.325	171.22
4.33	171.39
4.335	171.63
4.34	171.79
4.345	171.97
4.35	172.14
4.355	172.31
4.36	172.48
4.365	172.65
4.37	172.81
4.375	172.99
4.38	173.16
4.385	173.33
4.39	173.5
4.395	173.67
4.4	173.83
4.405	174
4.41	174.18
4.415	174.34
4.42	174.52
4.425	174.68
4.43	174.85
4.435	175.02
4.44	175.2
4.445	175.36
4.45	175.53
4.455	175.7
4.46	175.87
4.465	176.04
4.47	176.21
4.475	176.37
4.48	176.55
4.485	176.72
4.49	176.89
4.495	177.06
4.5	177.22
4.505	177.39
4.51	177.57
4.515	177.73
4.52	177.91
4.525	178.12
4.53	178.29
4.535	178.46
4.54	178.64
4.545	178.8
4.55	178.97
4.555	179.14
4.56	179.32
4.565	179.48
4.57	179.65
4.575	179.82
4.58	179.98
4.585	180.16
4.59	180.32
4.595	180.5
4.6	180.67
4.605	180.84
4.61	181.01
4.615	181.17
4.62	181.34
4.625	181.5
4.63	181.68
4.635	181.84
4.64	182.01
4.645	182.19
4.65	182.35
4.655	182.52
4.66	182.68
4.665	182.86
4.67	183.02
4.675	183.19
4.68	183.36
4.685	183.53
4.69	183.7
4.695	183.87
4.7	184.03
4.705	184.2
4.71	184.37
4.715	184.54
4.72	184.7
4.725	184.87
4.73	185.04
4.735	185.21
4.74	185.38
4.745	185.56
4.75	185.73
4.755	185.89
4.76	186.07
4.765	186.3
4.77	186.46
4.775	186.63
4.78	186.79
4.785	186.97
4.79	187.14
4.795	187.3
4.8	187.47
4.805	187.63
4.81	187.8
4.815	187.97
4.82	188.14
4.825	188.31
4.83	188.47
4.835	188.64
4.84	188.81
4.845	188.98
4.85	189.14
4.855	189.31
4.86	189.47
4.865	189.64
4.87	189.81
4.875	189.98
4.88	190.14
4.885	190.31
4.89	190.48
4.895	190.65
4.9	190.81
4.905	190.98
4.91	191.15
4.915	191.32
4.92	191.49
4.925	191.65
4.93	191.82
4.935	191.98
4.94	192.14
4.945	192.32
4.95	192.48
4.955	192.65
4.96	192.81
4.965	192.98
4.97	193.15
4.975	193.31
4.98	193.48
4.985	193.65
4.99	193.81
4.995	193.99
5	194.16
5.005	194.33
5.01	194.49
5.015	194.66
5.02	194.83
5.025	195
5.03	195.16
5.035	195.33
5.04	195.5
5.045	195.67
5.05	195.83
5.055	196
5.06	196.17
5.065	196.35
5.07	196.57
5.075	196.73
5.08	196.9
5.085	197.06
5.09	197.22
5.095	197.38
5.1	197.56
5.105	197.72
5.11	197.89
5.115	198.05
5.12	198.22
5.125	198.38
5.13	198.55
5.135	198.71
5.14	198.88
5.145	199.04
5.15	199.21
5.155	199.38
5.16	199.55
5.165	199.71
5.17	199.87
5.175	200.04
5.18	200.22
5.185	200.37
5.19	200.54
5.195	200.7
5.2	200.87
5.205	201.04
5.21	201.2
5.215	201.36
5.22	201.53
5.225	201.7
5.23	201.87
5.235	202.03
5.24	202.19
5.245	202.36
5.25	202.53
5.255	202.69
5.26	202.86
5.265	203.02
5.27	203.19
5.275	203.35
5.28	203.51
5.285	203.68
5.29	203.84
5.295	204.01
5.3	204.18
5.305	204.35
5.31	204.52
5.315	204.68
5.32	204.84
5.325	205.01
5.33	205.18
5.335	205.34
5.34	205.52
5.345	205.69
5.35	205.85
5.355	206.02
5.36	206.19
5.365	206.36
5.37	206.52
5.375	206.68
5.38	206.85
5.385	207.02
5.39	207.19
5.395	207.35
5.4	207.52
5.405	207.68
5.41	207.85
5.415	208
5.42	208.17
5.425	208.32
5.43	208.49
5.435	208.65
5.44	208.83
5.445	208.98
5.45	209.15
5.455	209.3
5.46	209.48
5.465	209.63
5.47	209.8
5.475	209.95
5.48	210.13
5.485	210.28
5.49	210.5
5.495	210.66
5.5	210.82
5.505	210.99
5.51	211.14
5.515	211.3
5.52	211.46
5.525	211.62
5.53	211.78
5.535	211.95
5.54	212.1
5.545	212.27
5.55	212.42
5.555	212.59
5.56	212.75
5.565	212.91
5.57	213.06
5.575	213.23
5.58	213.38
5.585	213.55
5.59	213.7
5.595	213.86
5.6	214.02
5.605	214.18
5.61	214.34
5.615	214.5
5.62	214.65
5.625	214.82
5.63	214.98
5.635	215.14
5.64	215.29
5.645	215.47
5.65	215.62
5.655	215.78
5.66	215.93
5.665	216.09
5.67	216.26
5.675	216.42
5.68	216.57
5.685	216.74
5.69	216.9
5.695	217.05
5.7	217.21
5.705	217.38
5.71	217.54
5.715	217.7
5.72	217.85
5.725	218.01
5.73	218.17
5.735	218.33
5.74	218.48
5.745	218.65
5.75	218.81
5.755	218.97
5.76	219.12
5.765	219.29
5.77	219.45
5.775	219.61
5.78	219.76
5.785	219.93
5.79	220.08
5.795	220.25
5.8	220.4
5.805	220.56
5.81	220.72
5.815	220.88
5.82	221.03
5.825	221.2
5.83	221.36
5.835	221.53
5.84	221.67
5.845	221.84
5.85	221.99
5.855	222.15
5.86	222.31
5.865	222.48
5.87	222.63
5.875	222.79
5.88	222.95
5.885	223.12
5.89	223.27
5.895	223.44
5.9	223.59
5.905	223.75
5.91	223.9
5.915	224.07
5.92	224.23
5.925	224.39
5.93	224.54
5.935	224.71
5.94	224.85
5.945	225.02
5.95	225.17
5.955	225.34
5.96	225.5
5.965	225.66
5.97	225.81
5.975	225.97
5.98	226.13
5.985	226.29
5.99	226.44
5.995	226.61
6	226.76
6.005	226.93
6.01	227.08
6.015	227.25
6.02	227.4
6.025	227.57
6.03	227.72
6.035	227.89
6.04	228.04
6.045	228.21
6.05	228.36
6.055	228.59
6.06	228.74
6.065	228.89
6.07	229.05
6.075	229.2
6.08	229.36
6.085	229.52
6.09	229.67
6.095	229.84
6.1	229.99
6.105	230.14
6.11	230.3
6.115	230.46
6.12	230.61
6.125	230.77
6.13	230.92
6.135	231.08
6.14	231.24
6.145	231.39
6.15	231.55
6.155	231.71
6.16	231.87
6.165	232.03
6.17	232.17
6.175	232.33
6.18	232.49
6.185	232.65
6.19	232.8
6.195	232.95
6.2	233.11
6.205	233.26
6.21	233.43
6.215	233.58
6.22	233.74
6.225	233.89
6.23	234.05
6.235	234.2
6.24	234.35
6.245	234.51
6.25	234.67
6.255	234.82
6.26	234.97
6.265	235.13
6.27	235.28
6.275	235.44
6.28	235.6
6.285	235.74
6.29	235.9
6.295	236.05
6.3	236.2
6.305	236.36
6.31	236.51
6.315	236.66
6.32	236.82
6.325	236.97
6.33	237.12
6.335	237.28
6.34	237.44
6.345	237.59
6.35	237.74
6.355	237.9
6.36	238.05
6.365	238.21
6.37	238.36
6.375	238.52
6.38	238.66
6.385	238.82
6.39	238.98
6.395	239.13
6.4	239.28
6.405	239.44
6.41	239.59
6.415	239.74
6.42	239.89
6.425	240.05
6.43	240.2
6.435	240.35
6.44	240.51
6.445	240.66
6.45	240.82
6.455	240.97
6.46	241.12
6.465	241.28
6.47	241.43
6.475	241.58
6.48	241.74
6.485	241.89
6.49	242.04
6.495	242.2
6.5	242.35
6.505	242.5
6.51	242.66
6.515	242.8
6.52	242.96
6.525	243.11
6.53	243.27
6.535	243.42
6.54	243.57
6.545	243.73
6.55	243.89
6.555	244.04
6.56	244.19
6.565	244.34
6.57	244.5
6.575	244.65
6.58	244.8
6.585	244.96
6.59	245.11
6.595	245.27
6.6	245.42
6.605	245.58
6.61	245.72
6.615	245.88
6.62	246.03
6.625	246.19
6.63	246.34
6.635	246.5
6.64	246.65
6.645	246.8
6.65	246.95
6.655	247.11
6.66	247.26
6.665	247.42
6.67	247.56
6.675	247.72
6.68	247.87
6.685	248.02
6.69	248.17
6.695	248.33
6.7	248.48
6.705	248.63
6.71	248.78
6.715	248.94
6.72	249.08
6.725	249.24
6.73	249.39
6.735	249.54
6.74	249.69
6.745	249.85
6.75	250
6.755	250.15
6.76	250.31
6.765	250.45
6.77	250.6
6.775	250.76
6.78	250.91
6.785	251.06
6.79	251.22
6.795	251.36
6.8	251.52
6.805	251.67
6.81	251.82
6.815	251.98
6.82	252.13
6.825	252.28
6.83	252.43
6.835	252.58
6.84	252.74
6.845	252.89
6.85	253.03
6.855	253.19
6.86	253.34
6.865	253.5
6.87	253.65
6.875	253.81
6.88	254.02
6.885	254.18
6.89	254.33
6.895	254.48
6.9	254.62
6.905	254.77
6.91	254.93
6.915	255.09
6.92	255.23
6.925	255.39
6.93	255.54
6.935	255.68
6.94	255.84
6.945	255.98
6.95	256.14
6.955	256.28
6.96	256.44
6.965	256.59
6.97	256.75
6.975	256.9
6.98	257.04
6.985	257.2
6.99	257.35
6.995	257.5
7	257.65
7.005	257.8
7.01	257.95
7.015	258.1
7.02	258.26
7.025	258.4
7.03	258.55
7.035	258.7
7.04	258.85
7.045	259
7.05	259.14
7.055	259.3
7.06	259.44
7.065	259.6
7.07	259.75
7.075	259.9
7.08	260.05
7.085	260.21
7.09	260.37
7.095	260.53
7.1	260.69
7.105	260.83
7.11	260.99
7.115	261.14
7.12	261.29
7.125	261.44
7.13	261.59
7.135	261.74
7.14	261.89
7.145	262.04
7.15	262.19
7.155	262.34
7.16	262.49
7.165	262.64
7.17	262.78
7.175	262.92
7.18	263.08
7.185	263.22
7.19	263.37
7.195	263.52
7.2	263.67
7.205	263.82
7.21	263.96
7.215	264.11
7.22	264.27
7.225	264.42
7.23	264.56
7.235	264.71
7.24	264.86
7.245	265.01
7.25	265.15
7.255	265.3
7.26	265.45
7.265	265.6
7.27	265.74
7.275	265.9
7.28	266.04
7.285	266.19
7.29	266.33
7.295	266.48
7.3	266.63
7.305	266.78
7.31	266.94
7.315	267.08
7.32	267.23
7.325	267.38
7.33	267.53
7.335	267.68
7.34	267.83
7.345	267.98
7.35	268.12
7.355	268.26
7.36	268.41
7.365	268.56
7.37	268.7
7.375	268.85
7.38	269
7.385	269.15
7.39	269.3
7.395	269.45
7.4	269.6
7.405	269.75
7.41	269.89
7.415	270.04
7.42	270.19
7.425	270.33
7.43	270.48
7.435	270.63
7.44	270.77
7.445	270.91
7.45	271.07
7.455	271.21
7.46	271.35
7.465	271.51
7.47	271.65
7.475	271.8
7.48	271.95
7.485	272.1
7.49	272.24
7.495	272.39
7.5	272.53
7.505	272.68
7.51	272.83
7.515	272.97
7.52	273.12
7.525	273.26
7.53	273.4
7.535	273.55
7.54	273.7
7.545	273.85
7.55	273.99
7.555	274.14
7.56	274.29
7.565	274.43
7.57	274.59
7.575	274.73
7.58	274.88
7.585	275.03
7.59	275.17
7.595	275.32
7.6	275.47
7.605	275.61
7.61	275.76
7.615	275.91
7.62	276.06
7.625	276.2
7.63	276.34
7.635	276.49
7.64	276.64
7.645	276.78
7.65	276.92
7.655	277.07
7.66	277.22
7.665	277.36
7.67	277.51
7.675	277.65
7.68	277.8
7.685	277.94
7.69	278.09
7.695	278.23
7.7	278.38
7.705	278.52
7.71	278.67
7.715	278.81
7.72	278.96
7.725	279.1
7.73	279.26
7.735	279.39
7.74	279.54
7.745	279.68
7.75	279.84
7.755	279.97
7.76	280.12
7.765	280.26
7.77	280.4
7.775	280.54
7.78	280.69
7.785	280.83
7.79	280.98
7.795	281.12
7.8	281.27
7.805	281.41
7.81	281.55
7.815	281.69
7.82	281.84
7.825	281.98
7.83	282.13
7.835	282.27
7.84	282.42
7.845	282.56
7.85	282.7
7.855	282.85
7.86	283
7.865	283.13
7.87	283.28
7.875	283.42
7.88	283.57
7.885	283.7
7.89	283.85
7.895	284
7.9	284.15
7.905	284.29
7.91	284.44
7.915	284.58
7.92	284.73
7.925	284.87
7.93	285.01
7.935	285.16
7.94	285.31
7.945	285.44
7.95	285.6
7.955	285.73
7.96	285.88
7.965	286.02
7.97	286.17
7.975	286.31
7.98	286.45
7.985	286.6
7.99	286.75
7.995	286.89
8	287.03
8.005	287.18
8.01	287.32
8.015	287.47
8.02	287.61
8.025	287.76
8.03	287.9
8.035	288.05
8.04	288.18
8.045	288.33
8.05	288.47
8.055	288.62
8.06	288.75
8.065	288.9
8.07	289.05
8.075	289.2
8.08	289.33
8.085	289.48
8.09	289.62
8.095	289.77
8.1	289.91
8.105	290.06
8.11	290.2
8.115	290.35
8.12	290.48
8.125	290.63
8.13	290.77
8.135	290.92
8.14	291.06
8.145	291.2
8.15	291.35
8.155	291.49
8.16	291.63
8.165	291.77
8.17	291.93
8.175	292.06
8.18	292.21
8.185	292.35
8.19	292.49
8.195	292.63
8.2	292.78
8.205	292.92
8.21	293.06
8.215	293.2
8.22	293.35
8.225	293.49
8.23	293.63
8.235	293.78
8.24	293.92
8.245	294.06
8.25	294.21
8.255	294.35
8.26	294.49
8.265	294.64
8.27	294.78
8.275	294.92
8.28	295.06
8.285	295.21
8.29	295.35
8.295	295.49
8.3	295.63
8.305	295.78
8.31	295.92
8.315	296.06
8.32	296.2
8.325	296.34
8.33	296.5
8.335	296.64
8.34	296.78
8.345	296.92
8.35	297.07
8.355	297.21
8.36	297.36
8.365	297.5
8.37	297.64
8.375	297.79
8.38	297.92
8.385	298.07
8.39	298.21
8.395	298.35
8.4	298.5
8.405	298.64
8.41	298.79
8.415	298.92
8.42	299.07
8.425	299.21
8.43	299.35
8.435	299.49
8.44	299.65
8.445	299.78
8.45	299.92
8.455	300.07
8.46	300.21
8.465	300.35
8.47	300.49
8.475	300.64
8.48	300.78
8.485	300.92
8.49	301.07
8.495	301.21
8.5	301.36
8.505	301.5
8.51	301.63
8.515	301.78
8.52	301.92
8.525	302.07
8.53	302.21
8.535	302.35
8.54	302.49
8.545	302.63
8.55	302.78
8.555	302.92
8.56	303.07
8.565	303.21
8.57	303.35
8.575	303.5
8.58	303.64
8.585	303.78
8.59	303.92
8.595	304.06
8.6	304.21
8.605	304.35
8.61	304.49
8.615	304.64
8.62	304.78
8.625	304.92
8.63	305.06
8.635	305.21
8.64	305.34
8.645	305.49
8.65	305.63
8.655	305.77
8.66	305.91
8.665	306.06
8.67	306.19
8.675	306.34
8.68	306.48
8.685	306.63
8.69	306.76
8.695	306.91
8.7	307.04
8.705	307.19
8.71	307.33
8.715	307.47
8.72	307.62
8.725	307.76
8.73	307.9
8.735	308.04
8.74	308.18
8.745	308.32
8.75	308.46
8.755	308.6
8.76	308.75
8.765	308.88
8.77	309.03
8.775	309.18
8.78	309.32
8.785	309.46
8.79	309.59
8.795	309.75
8.8	309.88
8.805	310.03
8.81	310.16
8.815	310.3
8.82	310.45
8.825	310.6
8.83	310.73
8.835	310.88
8.84	311.03
8.845	311.19
8.85	311.33
8.855	311.49
8.86	311.62
8.865	311.77
8.87	311.91
8.875	312.05
8.88	312.19
8.885	312.35
8.89	312.48
8.895	312.62
8.9	312.76
8.905	312.91
8.91	313.05
8.915	313.19
8.92	313.34
8.925	313.47
8.93	313.62
8.935	313.76
8.94	313.91
8.945	314.05
8.95	314.19
8.955	314.33
8.96	314.47
8.965	314.62
8.97	314.75
8.975	314.89
8.98	315.03
8.985	315.18
8.99	315.32
8.995	315.47
9	315.6
9.005	315.75
9.01	315.89
9.015	316.03
9.02	316.17
9.025	316.31
9.03	316.45
9.035	316.59
9.04	316.73
9.045	316.86
9.05	317
9.055	317.15
9.06	317.28
9.065	317.42
9.07	317.57
9.075	317.7
9.08	317.84
9.085	317.99
9.09	318.12
9.095	318.27
9.1	318.4
9.105	318.56
9.11	318.7
9.115	318.83
9.12	318.97
9.125	319.12
9.13	319.26
9.135	319.4
9.14	319.54
9.145	319.68
9.15	319.81
9.155	319.95
9.16	320.1
9.165	320.24
9.17	320.38
9.175	320.52
9.18	320.67
9.185	320.81
9.19	320.95
9.195	321.09
9.2	321.23
9.205	321.37
9.21	321.5
9.215	321.65
9.22	321.79
9.225	321.93
9.23	322.07
9.235	322.22
9.24	322.35
9.245	322.49
9.25	322.63
9.255	322.78
9.26	322.91
9.265	323.06
9.27	323.19
9.275	323.33
9.28	323.48
9.285	323.62
9.29	323.75
9.295	323.9
9.3	324.04
9.305	324.18
9.31	324.32
9.315	324.46
9.32	324.6
9.325	324.74
9.33	324.88
9.335	325.02
9.34	325.16
9.345	325.3
9.35	325.44
9.355	325.58
9.36	325.72
9.365	325.86
9.37	326
9.375	326.14
9.38	326.28
9.385	326.42
9.39	326.56
9.395	326.7
9.4	326.84
9.405	326.99
9.41	327.12
9.415	327.27
9.42	327.4
9.425	327.55
9.43	327.69
9.435	327.83
9.44	327.96
9.445	328.1
9.45	328.25
9.455	328.39
9.46	328.53
9.465	328.67
9.47	328.81
9.475	328.95
9.48	329.09
9.485	329.24
9.49	329.37
9.495	329.52
9.5	329.65
9.505	329.79
9.51	329.94
9.515	330.07
9.52	330.22
9.525	330.36
9.53	330.49
9.535	330.64
9.54	330.78
9.545	330.92
9.55	331.05
9.555	331.19
9.56	331.33
9.565	331.47
9.57	331.62
9.575	331.76
9.58	331.9
9.585	332.04
9.59	332.18
9.595	332.32
9.6	332.47
9.605	332.61
9.61	332.74
9.615	332.9
9.62	333.04
9.625	333.19
9.63	333.33
9.635	333.46
9.64	333.61
9.645	333.74
9.65	333.89
9.655	334.02
9.66	334.17
9.665	334.32
9.67	334.46
9.675	334.59
9.68	334.73
9.685	334.87
9.69	335.01
9.695	335.14
9.7	335.28
9.705	335.42
9.71	335.57
9.715	335.7
9.72	335.84
9.725	335.98
9.73	336.12
9.735	336.26
9.74	336.4
9.745	336.54
9.75	336.68
9.755	336.81
9.76	336.97
9.765	337.11
9.77	337.26
9.775	337.4
9.78	337.54
9.785	337.68
9.79	337.82
9.795	337.96
9.8	338.1
9.805	338.25
9.81	338.38
9.815	338.59
9.82	338.73
9.825	338.89
9.83	339.03
9.835	339.18
9.84	339.31
9.845	339.47
9.85	339.61
9.855	339.75
9.86	339.89
9.865	340.03
9.87	340.17
9.875	340.31
9.88	340.45
9.885	340.59
9.89	340.72
9.895	340.87
9.9	341
9.905	341.15
9.91	341.29
9.915	341.43
9.92	341.57
9.925	341.71
9.93	341.86
9.935	341.99
9.94	342.13
9.945	342.27
9.95	342.41
9.955	342.55
9.96	342.68
9.965	342.82
9.97	342.96
9.975	343.1
9.98	343.24
9.985	343.38
9.99	343.51
9.995	343.66
10	343.79
