0.005	1
0.01	0.219306
0.015	0.0803699
0.02	0.0516515
0.025	0.0402974
0.03	0.0311708
0.035	0.0240966
0.04	0.0188035
0.045	0.0151888
0.05	0.012696
0.055	0.0109458
0.06	0.00958632
0.065	0.00848994
0.07	0.0076179
0.075	0.00689103
0.08	0.00627203
0.085	0.00573076
0.09	0.00529345
0.095	0.00490569
0.1	0.00456362
0.105	0.00427536
0.11	0.00402982
0.115	0.00380405
0.12	0.00360314
0.125	0.00341876
0.13	0.00325827
0.135	0.00310829
0.14	0.00297097
0.145	0.00284506
0.15	0.00273061
0.155	0.00262162
0.16	0.00252349
0.165	0.00243171
0.17	0.00235005
0.175	0.00227085
0.18	0.00219712
0.185	0.00212575
0.19	0.00205989
0.195	0.00199689
0.2	0.00193808
0.205	0.00188076
0.21	0.00182726
0.215	0.00177617
0.22	0.00172937
0.225	0.00168405
0.23	0.00164217
0.235	0.00160108
0.24	0.00156285
0.245	0.00152715
0.25	0.00149367
0.255	0.00146049
0.26	0.00142944
0.265	0.00139896
0.27	0.0013706
0.275	0.00134278
0.28	0.00131712
0.285	0.00129145
0.29	0.00126719
0.295	0.0012431
0.3	0.00122031
0.305	0.00119742
0.31	0.00117566
0.315	0.00115416
0.32	0.00113401
0.325	0.00111397
0.33	0.00109489
0.335	0.00107596
0.34	0.00105819
0.345	0.00104092
0.35	0.00102489
0.355	0.00100891
0.36	0.000993551
0.365	0.000978317
0.37	0.000963908
0.375	0.000950455
0.38	0.000936694
0.385	0.000923581
0.39	0.000910964
0.395	0.000898232
0.4	0.000886067
0.405	0.000874356
0.41	0.000862402
0.415	0.000851018
0.42	0.000840168
0.425	0.000829174
0.43	0.000818624
0.435	0.000808438
0.44	0.000798087
0.445	0.000788181
0.45	0.00077882
0.455	0.000769447
0.46	0.000760158
0.465	0.000751287
0.47	0.000742108
0.475	0.000733353
0.48	0.000725
0.485	0.000716369
0.49	0.0007081
0.495	0.000699974
0.5	0.000692408
0.505	0.000684376
0.51	0.000676851
0.515	0.000669496
0.52	0.000662608
0.525	0.000655239
0.53	0.00064837
0.535	0.000641739
0.54	0.000635538
0.545	0.000628788
0.55	0.000622458
0.555	0.000616281
0.56	0.000610507
0.565	0.000604148
0.57	0.000598243
0.575	0.000592378
0.58	0.000586957
0.585	0.000580995
0.59	0.000575493
0.595	0.000570011
0.6	0.000565022
0.605	0.000559423
0.61	0.000554224
0.615	0.000549181
0.62	0.000544454
0.625	0.000539169
0.63	0.000534274
0.635	0.000529533
0.64	0.000524858
0.645	0.000520537
0.65	0.000515572
0.655	0.000510961
0.66	0.000506445
0.665	0.000502068
0.67	0.000498003
0.675	0.000493322
0.68	0.000489013
0.685	0.000484771
0.69	0.000480697
0.695	0.000477017
0.7	0.000472694
0.705	0.000468693
0.71	0.000464822
0.715	0.000461022
0.72	0.000457608
0.725	0.000453609
0.73	0.000449924
0.735	0.000446357
0.74	0.000442786
0.745	0.000439722
0.75	0.000435954
0.755	0.000432511
0.76	0.00042915
0.765	0.000425851
0.77	0.000422925
0.775	0.000419358
0.78	0.000416125
0.785	0.000412966
0.79	0.000409873
0.795	0.00040683
0.8	0.00040418
0.805	0.000400797
0.81	0.000397725
0.815	0.000394799
0.82	0.000391823
0.825	0.000388945
0.83	0.000386494
0.835	0.000383289
0.84	0.000380436
0.845	0.000377726
0.85	0.000374934
0.855	0.000372248
0.86	0.000369951
0.865	0.000366994
0.87	0.000364281
0.875	0.000361664
0.88	0.000359133
0.885	0.000356522
0.89	0.000354389
0.895	0.000351592
0.9	0.000349052
0.905	0.000346603
0.91	0.000344171
0.915	0.000341833
0.92	0.000339797
0.925	0.000337148
0.93	0.000334753
0.935	0.000332443
0.94	0.000330167
0.945	0.000327991
0.95	0.000326117
0.955	0.000323649
0.96	0.00032144
0.965	0.00031933
0.97	0.000317178
0.975	0.000315138
0.98	0.000313061
0.985	0.000311455
0.99	0.000309088
0.995	0.000306989
1	0.000304994
1.005	0.000302996
1.01	0.000301048
1.015	0.000299124
1.02	0.000297574
1.025	0.000295367
1.03	0.000293409
1.035	0.000291532
1.04	0.000289642
1.045	0.00028779
1.05	0.000285962
1.055	0.000284503
1.06	0.000282378
1.065	0.000280497
1.07	0.000278699
1.075	0.000276894
1.08	0.000275119
1.085	0.00027338
1.09	0.000272003
1.095	0.000270036
1.1	0.00026825
1.105	0.000266564
1.11	0.000264876
1.115	0.000263213
1.12	0.000261583
1.125	0.000259994
1.13	0.000258767
1.135	0.000256903
1.14	0.000255192
1.145	0.00025362
1.15	0.000252052
1.155	0.000250531
1.16	0.000248952
1.165	0.000247441
1.17	0.000246327
1.175	0.00024459
1.18	0.000242997
1.185	0.000241527
1.19	0.000240059
1.195	0.000238599
1.2	0.000237183
1.205	0.000235745
1.21	0.000234722
1.215	0.000233083
1.22	0.000231582
1.225	0.000230199
1.23	0.000228817
1.235	0.000227443
1.24	0.0002261
1.245	0.000224725
1.25	0.00022381
1.255	0.000222262
1.26	0.000220855
1.265	0.000219561
1.27	0.000218264
1.275	0.000216975
1.28	0.000215693
1.285	0.000214438
1.29	0.000213563
1.295	0.000212104
1.3	0.00021076
1.305	0.000209531
1.31	0.000208302
1.315	0.000207076
1.32	0.000205857
1.325	0.000204655
1.33	0.00020352
1.335	0.000202703
1.34	0.000201332
1.345	0.000200006
1.35	0.000198851
1.355	0.000197688
1.36	0.000196543
1.365	0.000195394
1.37	0.000194253
1.375	0.000193124
1.38	0.000192429
1.385	0.000191146
1.39	0.000189918
1.395	0.000188845
1.4	0.000187764
1.405	0.000186699
1.41	0.000185633
1.415	0.000184566
1.42	0.000183512
1.425	0.000182886
1.43	0.000181677
1.435	0.000180527
1.44	0.00017952
1.445	0.000178515
1.45	0.000177515
1.455	0.000176519
1.46	0.000175511
1.465	0.000174527
1.47	0.000173944
1.475	0.000172866
1.48	0.000171758
1.485	0.000170812
1.49	0.000169864
1.495	0.000168924
1.5	0.00016798
1.505	0.000167032
1.51	0.000166082
1.515	0.000165163
1.52	0.000164755
1.525	0.000163653
1.53	0.000162597
1.535	0.000161715
1.54	0.000160832
1.545	0.000159953
1.55	0.00015908
1.555	0.000158202
1.56	0.000157324
1.565	0.000156436
1.57	0.000156028
1.575	0.00015503
1.58	0.000154083
1.585	0.000153223
1.59	0.000152398
1.595	0.000151569
1.6	0.00015077
1.605	0.000149934
1.61	0.000149114
1.615	0.000148258
1.62	0.000147926
1.625	0.000146954
1.63	0.00014601
1.635	0.000145238
1.64	0.000144458
1.645	0.000143688
1.65	0.000142919
1.655	0.000142182
1.66	0.000141408
1.665	0.000140603
1.67	0.000140228
1.675	0.000139415
1.68	0.000138511
1.685	0.000137794
1.69	0.000137069
1.695	0.000136355
1.7	0.000135638
1.705	0.000134934
1.71	0.000134255
1.715	0.000133468
1.72	0.000133187
1.725	0.000132365
1.73	0.00013157
1.735	0.000130854
1.74	0.000130179
1.745	0.000129508
1.75	0.000128894
1.755	0.000128216
1.76	0.000127531
1.765	0.000126806
1.77	0.000126593
1.775	0.000125762
1.78	0.000125051
1.785	0.000124379
1.79	0.000123745
1.795	0.000123116
1.8	0.000122487
1.805	0.000121867
1.81	0.000121333
1.815	0.000120569
1.82	0.000120489
1.825	0.000119572
1.83	0.000118904
1.835	0.000118271
1.84	0.000117675
1.845	0.000117081
1.85	0.000116487
1.855	0.000115901
1.86	0.000115408
1.865	0.000114705
1.87	0.000114654
1.875	0.000113755
1.88	0.000113114
1.885	0.000112544
1.89	0.000111983
1.895	0.000111427
1.9	0.000110872
1.905	0.000110321
1.91	0.000109773
1.915	0.000109271
1.92	0.000109121
1.925	0.000108314
1.93	0.000107687
1.935	0.000107184
1.94	0.000106657
1.945	0.000106137
1.95	0.000105617
1.955	0.0001051
1.96	0.000104585
1.965	0.000104074
1.97	0.000103565
1.975	0.000103107
1.98	0.000103135
1.985	0.000102252
1.99	0.000101736
1.995	0.000101219
2	0.000100734
2.005	0.000100249
2.01	9.97699e-05
2.015	9.9289e-05
2.02	9.88161e-05
2.025	9.83411e-05
2.03	9.78497e-05
2.035	9.73721e-05
2.04	9.69087e-05
2.045	9.64484e-05
2.05	9.65845e-05
2.055	9.58076e-05
2.06	9.52619e-05
2.065	9.47867e-05
2.07	9.43382e-05
2.075	9.38974e-05
2.08	9.346e-05
2.085	9.30172e-05
2.09	9.2578e-05
2.095	9.21444e-05
2.1	9.17305e-05
2.105	9.12796e-05
2.11	9.08559e-05
2.115	9.04107e-05
2.12	8.99756e-05
2.125	9.0129e-05
2.13	8.94283e-05
2.135	8.8867e-05
2.14	8.84624e-05
2.145	8.8053e-05
2.15	8.76506e-05
2.155	8.72449e-05
2.16	8.68428e-05
2.165	8.64428e-05
2.17	8.60464e-05
2.175	8.56496e-05
2.18	8.52562e-05
2.185	8.48659e-05
2.19	8.44984e-05
2.195	8.40876e-05
2.2	8.36887e-05
2.205	8.39097e-05
2.21	8.31831e-05
2.215	8.26797e-05
2.22	8.22995e-05
2.225	8.19305e-05
2.23	8.15625e-05
2.235	8.11954e-05
2.24	8.08298e-05
2.245	8.04653e-05
2.25	8.01036e-05
2.255	7.97443e-05
2.26	7.93933e-05
2.265	7.9035e-05
2.27	7.86797e-05
2.275	7.833e-05
2.28	7.8002e-05
2.285	7.76196e-05
2.29	7.78541e-05
2.295	7.71794e-05
2.3	7.67147e-05
2.305	7.63659e-05
2.31	7.60319e-05
2.315	7.57253e-05
2.32	7.54e-05
2.325	7.50517e-05
2.33	7.47362e-05
2.335	7.43737e-05
2.34	7.40464e-05
2.345	7.37233e-05
2.35	7.33998e-05
2.355	7.30783e-05
2.36	7.27599e-05
2.365	7.24437e-05
2.37	7.21508e-05
2.375	7.23193e-05
2.38	7.16963e-05
2.385	7.12905e-05
2.39	7.09751e-05
2.395	7.06672e-05
2.4	7.03644e-05
2.405	7.00578e-05
2.41	6.97567e-05
2.415	6.94527e-05
2.42	6.91545e-05
2.425	6.89116e-05
2.43	6.8571e-05
2.435	6.82755e-05
2.44	6.79841e-05
2.445	6.7694e-05
2.45	6.74065e-05
2.455	6.71211e-05
2.46	6.73257e-05
2.465	6.67191e-05
2.47	6.63486e-05
2.475	6.60615e-05
2.48	6.57802e-05
2.485	6.55043e-05
2.49	6.52245e-05
2.495	6.49499e-05
2.5	6.46725e-05
2.505	6.44005e-05
2.51	6.41261e-05
2.515	6.38572e-05
2.52	6.36549e-05
2.525	6.33372e-05
2.53	6.307e-05
2.535	6.28073e-05
2.54	6.25453e-05
2.545	6.27349e-05
2.55	6.21799e-05
2.555	6.18359e-05
2.56	6.15754e-05
2.565	6.13166e-05
2.57	6.10643e-05
2.575	6.08075e-05
2.58	6.05557e-05
2.585	6.03012e-05
2.59	6.00517e-05
2.595	5.97998e-05
2.6	5.9553e-05
2.605	5.93038e-05
2.61	5.91298e-05
2.615	5.88323e-05
2.62	5.85888e-05
2.625	5.83491e-05
2.63	5.85278e-05
2.635	5.80223e-05
2.64	5.76994e-05
2.645	5.74606e-05
2.65	5.72251e-05
2.655	5.69905e-05
2.66	5.67585e-05
2.665	5.65243e-05
2.67	5.62944e-05
2.675	5.60622e-05
2.68	5.58347e-05
2.685	5.56048e-05
2.69	5.538e-05
2.695	5.52233e-05
2.7	5.49472e-05
2.705	5.47234e-05
2.71	5.45049e-05
2.715	5.4285e-05
2.72	5.44826e-05
2.725	5.40078e-05
2.73	5.36756e-05
2.735	5.34443e-05
2.74	5.32327e-05
2.745	5.30177e-05
2.75	5.28068e-05
2.755	5.25925e-05
2.76	5.23802e-05
2.765	5.217e-05
2.77	5.20529e-05
2.775	5.17819e-05
2.78	5.15715e-05
2.785	5.13665e-05
2.79	5.12301e-05
2.795	5.09724e-05
2.8	5.07682e-05
2.805	5.05683e-05
2.81	5.07391e-05
2.815	5.03143e-05
2.82	4.99951e-05
2.825	4.97936e-05
2.83	4.95954e-05
2.835	4.94005e-05
2.84	4.92055e-05
2.845	4.90065e-05
2.85	4.88153e-05
2.855	4.86166e-05
2.86	4.84247e-05
2.865	4.82307e-05
2.87	4.81395e-05
2.875	4.7881e-05
2.88	4.76929e-05
2.885	4.75801e-05
2.89	4.73346e-05
2.895	4.71482e-05
2.9	4.7314e-05
2.905	4.69288e-05
2.91	4.66191e-05
2.915	4.64376e-05
2.92	4.62547e-05
2.925	4.60756e-05
2.93	4.58954e-05
2.935	4.57129e-05
2.94	4.55361e-05
2.945	4.53538e-05
2.95	4.51757e-05
2.955	4.49987e-05
2.96	4.48207e-05
2.965	4.47493e-05
2.97	4.45023e-05
2.975	4.43985e-05
2.98	4.41687e-05
2.985	4.39979e-05
2.99	4.38284e-05
2.995	4.40085e-05
3	4.36515e-05
3.005	4.3336e-05
3.01	4.31458e-05
3.015	4.29855e-05
3.02	4.2911e-05
3.025	4.26771e-05
3.03	4.25665e-05
3.035	4.23419e-05
3.04	4.22335e-05
3.045	4.20156e-05
3.05	4.19092e-05
3.055	4.16971e-05
3.06	4.15309e-05
3.065	4.13707e-05
3.07	4.13105e-05
3.075	4.11522e-05
3.08	4.0937e-05
3.085	4.07805e-05
3.09	4.09359e-05
3.095	4.0566e-05
3.1	4.03032e-05
3.105	4.01576e-05
3.11	4.00027e-05
3.115	3.98512e-05
3.12	3.96975e-05
3.125	3.95444e-05
3.13	3.93914e-05
3.135	3.92386e-05
3.14	3.90862e-05
3.145	3.89342e-05
3.15	3.88745e-05
3.155	3.86563e-05
3.16	3.85618e-05
3.165	3.83691e-05
3.17	3.83223e-05
3.175	3.81686e-05
3.18	3.79689e-05
3.185	3.7824e-05
3.19	3.79945e-05
3.195	3.76522e-05
3.2	3.73914e-05
3.205	3.72554e-05
3.21	3.71106e-05
3.215	3.69731e-05
3.22	3.68315e-05
3.225	3.66918e-05
3.23	3.65505e-05
3.235	3.6411e-05
3.24	3.62703e-05
3.245	3.61316e-05
3.25	3.59916e-05
3.255	3.58537e-05
3.26	3.57146e-05
3.265	3.5669e-05
3.27	3.54731e-05
3.275	3.54803e-05
3.28	3.52995e-05
3.285	3.51078e-05
3.29	3.4976e-05
3.295	3.51764e-05
3.3	3.48481e-05
3.305	3.45831e-05
3.31	3.44592e-05
3.315	3.43273e-05
3.32	3.41995e-05
3.325	3.4071e-05
3.33	3.39415e-05
3.335	3.38131e-05
3.34	3.36838e-05
3.345	3.35559e-05
3.35	3.34272e-05
3.355	3.33e-05
3.36	3.31721e-05
3.365	3.30457e-05
3.37	3.29185e-05
3.375	3.28799e-05
3.38	3.26991e-05
3.385	3.26238e-05
3.39	3.26016e-05
3.395	3.23662e-05
3.4	3.25474e-05
3.405	3.22546e-05
3.41	3.2002e-05
3.415	3.18893e-05
3.42	3.17665e-05
3.425	3.16504e-05
3.43	3.15309e-05
3.435	3.14128e-05
3.44	3.12933e-05
3.445	3.11754e-05
3.45	3.10563e-05
3.455	3.0939e-05
3.46	3.08206e-05
3.465	3.07039e-05
3.47	3.05862e-05
3.475	3.04703e-05
3.48	3.03534e-05
3.485	3.02384e-05
3.49	3.02146e-05
3.495	3.003e-05
3.5	3.0072e-05
3.505	2.98497e-05
3.51	3.00426e-05
3.515	2.981e-05
3.52	2.95604e-05
3.525	2.94463e-05
3.53	2.93016e-05
3.535	2.91952e-05
3.54	2.91981e-05
3.545	2.90054e-05
3.55	2.89023e-05
3.555	2.8787e-05
3.56	2.86927e-05
3.565	2.85801e-05
3.57	2.84668e-05
3.575	2.83255e-05
3.58	2.82204e-05
3.585	2.81134e-05
3.59	2.80075e-05
3.595	2.79006e-05
3.6	2.77954e-05
3.605	2.76894e-05
3.61	2.76772e-05
3.615	2.76422e-05
3.62	2.74423e-05
3.625	2.73362e-05
3.63	2.75806e-05
3.635	2.74044e-05
3.64	2.71107e-05
3.645	2.70878e-05
3.65	2.69224e-05
3.655	2.68868e-05
3.66	2.66748e-05
3.665	2.65945e-05
3.67	2.64924e-05
3.675	2.63942e-05
3.68	2.62935e-05
3.685	2.61962e-05
3.69	2.60969e-05
3.695	2.60643e-05
3.7	2.60029e-05
3.705	2.57976e-05
3.71	2.58205e-05
3.715	2.56116e-05
3.72	2.54653e-05
3.725	2.5373e-05
3.73	2.5277e-05
3.735	2.51811e-05
3.74	2.52497e-05
3.745	2.50422e-05
3.75	2.49511e-05
3.755	2.52506e-05
3.76	2.4941e-05
3.765	2.47228e-05
3.77	2.46384e-05
3.775	2.45443e-05
3.78	2.44524e-05
3.785	2.44199e-05
3.79	2.43195e-05
3.795	2.41735e-05
3.8	2.41497e-05
3.805	2.40464e-05
3.81	2.39013e-05
3.815	2.38815e-05
3.82	2.37822e-05
3.825	2.36335e-05
3.83	2.35554e-05
3.835	2.34675e-05
3.84	2.33783e-05
3.845	2.32929e-05
3.85	2.32045e-05
3.855	2.31477e-05
3.86	2.31482e-05
3.865	2.29718e-05
3.87	2.28114e-05
3.875	2.29007e-05
3.88	2.26933e-05
3.885	2.29885e-05
3.89	2.27422e-05
3.895	2.25376e-05
3.9	2.24629e-05
3.905	2.23233e-05
3.91	2.22427e-05
3.915	2.21594e-05
3.92	2.20773e-05
3.925	2.19945e-05
3.93	2.1913e-05
3.935	2.18304e-05
3.94	2.17492e-05
3.945	2.16671e-05
3.95	2.15863e-05
3.955	2.15047e-05
3.96	2.14243e-05
3.965	2.13434e-05
3.97	2.12635e-05
3.975	2.11831e-05
3.98	2.11037e-05
3.985	2.1024e-05
3.99	2.10207e-05
3.995	2.08627e-05
4	2.07935e-05
4.005	2.07159e-05
4.01	2.07083e-05
4.015	2.06896e-05
4.02	2.06202e-05
4.025	2.07619e-05
4.03	2.07544e-05
4.035	2.03461e-05
4.04	2.03083e-05
4.045	2.01588e-05
4.05	2.0094e-05
4.055	2.00224e-05
4.06	1.9947e-05
4.065	1.98727e-05
4.07	1.97995e-05
4.075	1.98313e-05
4.08	1.96806e-05
4.085	1.96803e-05
4.09	1.95322e-05
4.095	1.95317e-05
4.1	1.93865e-05
4.105	1.92736e-05
4.11	1.92129e-05
4.115	1.91394e-05
4.12	1.90686e-05
4.125	1.89971e-05
4.13	1.89264e-05
4.135	1.89087e-05
4.14	1.88399e-05
4.145	1.87583e-05
4.15	1.86268e-05
4.155	1.856e-05
4.16	1.8581e-05
4.165	1.84226e-05
4.17	1.83638e-05
4.175	1.86901e-05
4.18	1.86745e-05
4.185	1.82624e-05
4.19	1.8345e-05
4.195	1.81318e-05
4.2	1.81672e-05
4.205	1.80011e-05
4.21	1.7946e-05
4.215	1.78826e-05
4.22	1.78147e-05
4.225	1.77466e-05
4.23	1.76814e-05
4.235	1.76146e-05
4.24	1.75492e-05
4.245	1.74833e-05
4.25	1.74183e-05
4.255	1.7353e-05
4.26	1.7288e-05
4.265	1.72235e-05
4.27	1.71591e-05
4.275	1.70951e-05
4.28	1.70312e-05
4.285	1.6968e-05
4.29	1.69042e-05
4.295	1.68424e-05
4.3	1.67786e-05
4.305	1.67182e-05
4.31	1.66538e-05
4.315	1.65753e-05
4.32	1.66859e-05
4.325	1.64458e-05
4.33	1.63121e-05
4.335	1.63784e-05
4.34	1.65926e-05
4.345	1.65914e-05
4.35	1.63109e-05
4.355	1.61391e-05
4.36	1.60954e-05
4.365	1.60368e-05
4.37	1.59766e-05
4.375	1.60452e-05
4.38	1.58852e-05
4.385	1.59199e-05
4.39	1.57638e-05
4.395	1.57972e-05
4.4	1.56451e-05
4.405	1.56814e-05
4.41	1.55288e-05
4.415	1.55631e-05
4.42	1.5413e-05
4.425	1.54502e-05
4.43	1.52996e-05
4.435	1.53355e-05
4.44	1.51873e-05
4.445	1.52248e-05
4.45	1.50756e-05
4.455	1.51116e-05
4.46	1.4952e-05
4.465	1.49268e-05
4.47	1.48198e-05
4.475	1.49125e-05
4.48	1.47551e-05
4.485	1.46491e-05
4.49	1.46084e-05
4.495	1.45505e-05
4.5	1.44993e-05
4.505	1.44437e-05
4.51	1.4391e-05
4.515	1.43371e-05
4.52	1.42841e-05
4.525	1.42314e-05
4.53	1.44647e-05
4.535	1.45097e-05
4.54	1.42671e-05
4.545	1.4086e-05
4.55	1.40429e-05
4.555	1.399e-05
4.56	1.39392e-05
4.565	1.38869e-05
4.57	1.38366e-05
4.575	1.37819e-05
4.58	1.3734e-05
4.585	1.36784e-05
4.59	1.36293e-05
4.595	1.35809e-05
4.6	1.35291e-05
4.605	1.34767e-05
4.61	1.34295e-05
4.615	1.33758e-05
4.62	1.33294e-05
4.625	1.32747e-05
4.63	1.32304e-05
4.635	1.31792e-05
4.64	1.31311e-05
4.645	1.3079e-05
4.65	1.3034e-05
4.655	1.29809e-05
4.66	1.29386e-05
4.665	1.28848e-05
4.67	1.28409e-05
4.675	1.27892e-05
4.68	1.27454e-05
4.685	1.26921e-05
4.69	1.26498e-05
4.695	1.26028e-05
4.7	1.25545e-05
4.705	1.25046e-05
4.71	1.2462e-05
4.715	1.24116e-05
4.72	1.23698e-05
4.725	1.23182e-05
4.73	1.22792e-05
4.735	1.22268e-05
4.74	1.22203e-05
4.745	1.21159e-05
4.75	1.20761e-05
4.755	1.2036e-05
4.76	1.19893e-05
4.765	1.19459e-05
4.77	1.2272e-05
4.775	1.23591e-05
4.78	1.2081e-05
4.785	1.18091e-05
4.79	1.17894e-05
4.795	1.17462e-05
4.8	1.1699e-05
4.805	1.1787e-05
4.81	1.16546e-05
4.815	1.15603e-05
4.82	1.15258e-05
4.825	1.16212e-05
4.83	1.14605e-05
4.835	1.1431e-05
4.84	1.13987e-05
4.845	1.13554e-05
4.85	1.13159e-05
4.855	1.12697e-05
4.86	1.12306e-05
4.865	1.11844e-05
4.87	1.11448e-05
4.875	1.10996e-05
4.88	1.10592e-05
4.885	1.10153e-05
4.89	1.09743e-05
4.895	1.09326e-05
4.9	1.08914e-05
4.905	1.08511e-05
4.91	1.08096e-05
4.915	1.07697e-05
4.92	1.07289e-05
4.925	1.06901e-05
4.93	1.06496e-05
4.935	1.06112e-05
4.94	1.05706e-05
4.945	1.05325e-05
4.95	1.04926e-05
4.955	1.04554e-05
4.96	1.04159e-05
4.965	1.03785e-05
4.97	1.0339e-05
4.975	1.03024e-05
4.98	1.02636e-05
4.985	1.02519e-05
4.99	1.01404e-05
4.995	1.01082e-05
5	1.00724e-05
5.005	1.00338e-05
5.01	9.99765e-06
5.015	9.96019e-06
5.02	9.92418e-06
5.025	9.88725e-06
5.03	9.85207e-06
5.035	9.816e-06
5.04	9.78303e-06
5.045	9.75025e-06
5.05	9.71399e-06
5.055	9.67413e-06
5.06	9.64188e-06
5.065	9.60149e-06
5.07	9.65872e-06
5.075	1.00153e-05
5.08	9.90351e-06
5.085	9.85474e-06
5.09	9.4433e-06
5.095	9.62562e-06
5.1	9.5039e-06
5.105	9.37533e-06
5.11	9.35707e-06
5.115	9.32344e-06
5.12	9.28615e-06
5.125	9.25152e-06
5.13	9.37783e-06
5.135	9.24684e-06
5.14	9.28222e-06
5.145	9.16719e-06
5.15	9.21189e-06
5.155	9.09598e-06
5.16	9.14007e-06
5.165	9.02608e-06
5.17	9.07472e-06
5.175	8.95735e-06
5.18	9.00812e-06
5.185	8.85205e-06
5.19	8.83495e-06
5.195	8.8044e-06
5.2	8.77218e-06
5.205	8.74202e-06
5.21	8.70603e-06
5.215	8.67951e-06
5.22	8.63969e-06
5.225	8.61322e-06
5.23	8.57834e-06
5.235	8.55137e-06
5.24	8.51151e-06
5.245	8.48665e-06
5.25	8.45048e-06
5.255	8.43034e-06
5.26	8.38741e-06
5.265	8.41405e-06
5.27	8.44119e-06
5.275	8.33594e-06
5.28	8.39089e-06
5.285	8.22108e-06
5.29	8.27244e-06
5.295	8.29896e-06
5.3	8.19197e-06
5.305	8.25117e-06
5.31	8.13068e-06
5.315	8.18343e-06
5.32	8.07907e-06
5.325	8.13175e-06
5.33	8.01573e-06
5.335	7.90688e-06
5.34	7.88758e-06
5.345	7.86567e-06
5.35	7.83213e-06
5.355	7.80888e-06
5.36	7.77447e-06
5.365	7.75307e-06
5.37	7.71743e-06
5.375	7.69723e-06
5.38	7.66059e-06
5.385	7.64111e-06
5.39	7.60395e-06
5.395	7.58538e-06
5.4	7.54807e-06
5.405	7.5941e-06
5.41	7.73604e-06
5.415	7.64532e-06
5.42	7.60148e-06
5.425	7.5406e-06
5.43	7.56959e-06
5.435	7.4972e-06
5.44	7.5091e-06
5.445	7.44951e-06
5.45	7.45851e-06
5.455	7.40389e-06
5.46	7.40757e-06
5.465	7.35649e-06
5.47	7.34668e-06
5.475	7.31114e-06
5.48	7.30767e-06
5.485	7.27631e-06
5.49	7.24684e-06
5.495	7.53673e-06
5.5	7.45957e-06
5.505	7.32114e-06
5.51	7.23433e-06
5.515	7.15742e-06
5.52	7.08882e-06
5.525	7.07629e-06
5.53	7.13125e-06
5.535	7.05761e-06
5.54	7.06989e-06
5.545	7.03459e-06
5.55	7.01998e-06
5.555	6.93444e-06
5.56	6.95956e-06
5.565	6.93924e-06
5.57	6.91474e-06
5.575	6.89379e-06
5.58	6.85524e-06
5.585	6.778e-06
5.59	6.79933e-06
5.595	6.72555e-06
5.6	6.75478e-06
5.605	6.67154e-06
5.61	6.69836e-06
5.615	6.68422e-06
5.62	6.65341e-06
5.625	6.64209e-06
5.63	6.59742e-06
5.635	6.59547e-06
5.64	6.5484e-06
5.645	6.54667e-06
5.65	6.49909e-06
5.655	6.50161e-06
5.66	6.5504e-06
5.665	6.45165e-06
5.67	6.4041e-06
5.675	6.3768e-06
5.68	6.35146e-06
5.685	6.35779e-06
5.69	6.31569e-06
5.695	6.3061e-06
5.7	6.36049e-06
5.705	6.26644e-06
5.71	6.2218e-06
5.715	6.18836e-06
5.72	6.17096e-06
5.725	6.16701e-06
5.73	6.13564e-06
5.735	6.11843e-06
5.74	6.19538e-06
5.745	6.07475e-06
5.75	6.05073e-06
5.755	6.01197e-06
5.76	6.10406e-06
5.765	5.99841e-06
5.77	6.08683e-06
5.775	5.92131e-06
5.78	6.02422e-06
5.785	5.894e-06
5.79	5.99211e-06
5.795	5.84496e-06
5.8	5.953e-06
5.805	5.80383e-06
5.81	5.91603e-06
5.815	5.7584e-06
5.82	5.77072e-06
5.825	5.71346e-06
5.83	5.72889e-06
5.835	5.68899e-06
5.84	5.69995e-06
5.845	5.73746e-06
5.85	5.76114e-06
5.855	5.6257e-06
5.86	5.64579e-06
5.865	5.64618e-06
5.87	5.55637e-06
5.875	5.61347e-06
5.88	5.51942e-06
5.885	5.55329e-06
5.89	5.48308e-06
5.895	5.51896e-06
5.9	5.45906e-06
5.905	5.47338e-06
5.91	5.41478e-06
5.915	5.44641e-06
5.92	5.39195e-06
5.925	5.39398e-06
5.93	5.35273e-06
5.935	5.35217e-06
5.94	5.33583e-06
5.945	5.33212e-06
5.95	5.30479e-06
5.955	5.27633e-06
5.96	5.27961e-06
5.965	5.23908e-06
5.97	5.24739e-06
5.975	5.20018e-06
5.98	5.21693e-06
5.985	5.16215e-06
5.99	5.19114e-06
5.995	5.1258e-06
6	5.17126e-06
6.005	5.08943e-06
6.01	5.13602e-06
6.015	5.06814e-06
6.02	5.07409e-06
6.025	5.04251e-06
6.03	5.07254e-06
6.035	4.99923e-06
6.04	4.96937e-06
6.045	4.96798e-06
6.05	4.95526e-06
6.055	4.93717e-06
6.06	5.18246e-06
6.065	5.04854e-06
6.07	4.75116e-06
6.075	5.07063e-06
6.08	4.95886e-06
6.085	4.93871e-06
6.09	4.82487e-06
6.095	4.88593e-06
6.1	4.9071e-06
6.105	4.79486e-06
6.11	4.8341e-06
6.115	4.48465e-06
6.12	4.78889e-06
6.125	4.53174e-06
6.13	4.68033e-06
6.135	4.8629e-06
6.14	4.72101e-06
6.145	4.74551e-06
6.15	4.70201e-06
6.155	4.55368e-06
6.16	4.74657e-06
6.165	4.65704e-06
6.17	4.6518e-06
6.175	4.60401e-06
6.18	4.4669e-06
6.185	4.6557e-06
6.19	4.57479e-06
6.195	4.5622e-06
6.2	4.4963e-06
6.205	4.39976e-06
6.21	4.58365e-06
6.215	4.57191e-06
6.22	4.49426e-06
6.225	4.50388e-06
6.23	4.26645e-06
6.235	4.49249e-06
6.24	4.46067e-06
6.245	4.37578e-06
6.25	4.31304e-06
6.255	4.31489e-06
6.26	4.0669e-06
6.265	4.31219e-06
6.27	4.29061e-06
6.275	4.00635e-06
6.28	4.28848e-06
6.285	4.21109e-06
6.29	3.97402e-06
6.295	4.22384e-06
6.3	4.19277e-06
6.305	3.91868e-06
6.31	4.19919e-06
6.315	4.38231e-06
6.32	4.17659e-06
6.325	4.18704e-06
6.33	4.05393e-06
6.335	4.08768e-06
6.34	4.2958e-06
6.345	4.05386e-06
6.35	4.04224e-06
6.355	4.212e-06
6.36	3.99734e-06
6.365	3.9916e-06
6.37	4.1798e-06
6.375	3.961e-06
6.38	3.95751e-06
6.385	4.12471e-06
6.39	3.91165e-06
6.395	3.91304e-06
6.4	4.08718e-06
6.405	3.8734e-06
6.41	3.87613e-06
6.415	4.0398e-06
6.42	3.70106e-06
6.425	4.01739e-06
6.43	3.97847e-06
6.435	3.65862e-06
6.44	3.95676e-06
6.445	3.93297e-06
6.45	3.61946e-06
6.455	3.91942e-06
6.46	3.88883e-06
6.465	3.57691e-06
6.47	3.87843e-06
6.475	3.85311e-06
6.48	3.53778e-06
6.485	3.8423e-06
6.49	3.8073e-06
6.495	3.48817e-06
6.5	3.72531e-06
6.505	3.67407e-06
6.51	3.41111e-06
6.515	3.63299e-06
6.52	3.65007e-06
6.525	3.4121e-06
6.53	3.63641e-06
6.535	3.60331e-06
6.54	3.33729e-06
6.545	3.5703e-06
6.55	3.57861e-06
6.555	3.34506e-06
6.56	3.57967e-06
6.565	3.53229e-06
6.57	3.27153e-06
6.575	3.51916e-06
6.58	3.51485e-06
6.585	3.28761e-06
6.59	3.52998e-06
6.595	3.46732e-06
6.6	3.20787e-06
6.605	3.47082e-06
6.61	3.45017e-06
6.615	3.22742e-06
6.62	3.47223e-06
6.625	3.40233e-06
6.63	3.14167e-06
6.635	3.41591e-06
6.64	3.38413e-06
6.645	3.1641e-06
6.65	3.41385e-06
6.655	3.33819e-06
6.66	3.0767e-06
6.665	3.36197e-06
6.67	3.31957e-06
6.675	3.10056e-06
6.68	3.3598e-06
6.685	3.01106e-06
6.69	3.47947e-06
6.695	3.45327e-06
6.7	2.9828e-06
6.705	3.36018e-06
6.71	3.41342e-06
6.715	2.96582e-06
6.72	3.33719e-06
6.725	3.39581e-06
6.73	2.93321e-06
6.735	3.2984e-06
6.74	3.35982e-06
6.745	2.90927e-06
6.75	3.27269e-06
6.755	3.33509e-06
6.76	2.87865e-06
6.765	3.24137e-06
6.77	3.30358e-06
6.775	2.85313e-06
6.78	3.21438e-06
6.785	3.27785e-06
6.79	2.82431e-06
6.795	3.18545e-06
6.8	3.24886e-06
6.805	2.79906e-06
6.81	3.15878e-06
6.815	3.22375e-06
6.82	2.77169e-06
6.825	3.13116e-06
6.83	3.19659e-06
6.835	2.74727e-06
6.84	3.10516e-06
6.845	3.17265e-06
6.85	2.72121e-06
6.855	3.07852e-06
6.86	3.14709e-06
6.865	2.69785e-06
6.87	3.05328e-06
6.875	3.12454e-06
6.88	2.6731e-06
6.885	3.17896e-06
6.89	3.13492e-06
6.895	2.95264e-06
6.9	3.24948e-06
6.905	2.74994e-06
6.91	3.07455e-06
6.915	3.06857e-06
6.92	3.00421e-06
6.925	2.66347e-06
6.93	2.92523e-06
6.935	2.85198e-06
6.94	2.5828e-06
6.945	2.80316e-06
6.95	2.84946e-06
6.955	2.53899e-06
6.96	2.82554e-06
6.965	2.83109e-06
6.97	2.52825e-06
6.975	2.76972e-06
6.98	2.79621e-06
6.985	2.4951e-06
6.99	2.78863e-06
6.995	2.77474e-06
7	2.49219e-06
7.005	2.85841e-06
7.01	2.51391e-06
7.015	2.83042e-06
7.02	2.87419e-06
7.025	2.43483e-06
7.03	2.73221e-06
7.035	2.81735e-06
7.04	2.42094e-06
7.045	2.70079e-06
7.05	2.79341e-06
7.055	2.376e-06
7.06	2.68387e-06
7.065	2.84905e-06
7.07	2.62842e-06
7.075	2.80846e-06
7.08	2.56869e-06
7.085	2.39268e-06
7.09	2.7618e-06
7.095	2.67007e-06
7.1	2.30924e-06
7.105	2.56962e-06
7.11	2.78038e-06
7.115	2.5493e-06
7.12	2.71619e-06
7.125	2.48341e-06
7.13	2.3221e-06
7.135	2.3937e-06
7.14	2.69654e-06
7.145	2.49491e-06
7.15	2.24597e-06
7.155	2.65789e-06
7.16	2.3097e-06
7.165	2.74884e-06
7.17	2.63174e-06
7.175	2.31362e-06
7.18	2.62548e-06
7.185	2.62453e-06
7.19	2.30455e-06
7.195	2.60349e-06
7.2	2.52193e-06
7.205	2.24874e-06
7.21	2.67031e-06
7.215	2.55622e-06
7.22	2.2641e-06
7.225	2.64739e-06
7.23	2.51652e-06
7.235	2.23389e-06
7.24	2.63204e-06
7.245	2.50805e-06
7.25	2.23201e-06
7.255	2.58568e-06
7.26	2.45835e-06
7.265	2.19405e-06
7.27	2.58055e-06
7.275	2.44729e-06
7.28	2.18306e-06
7.285	2.53927e-06
7.29	2.40917e-06
7.295	2.15191e-06
7.3	2.51084e-06
7.305	2.39277e-06
7.31	2.13506e-06
7.315	2.48853e-06
7.32	2.35804e-06
7.325	2.11023e-06
7.33	2.46142e-06
7.335	2.40995e-06
7.34	2.38271e-06
7.345	2.27409e-06
7.35	2.31142e-06
7.355	2.44508e-06
7.36	2.14362e-06
7.365	2.29118e-06
7.37	2.34166e-06
7.375	2.13028e-06
7.38	2.3223e-06
7.385	2.3393e-06
7.39	2.27845e-06
7.395	2.25322e-06
7.4	2.40753e-06
7.405	2.09433e-06
7.41	2.30751e-06
7.415	2.28963e-06
7.42	2.15157e-06
7.425	2.22065e-06
7.43	2.36255e-06
7.435	2.33236e-06
7.44	2.22736e-06
7.445	2.11678e-06
7.45	2.0413e-06
7.455	2.15446e-06
7.46	2.26867e-06
7.465	2.04169e-06
7.47	2.36511e-06
7.475	2.28524e-06
7.48	2.21585e-06
7.485	2.17938e-06
7.49	2.31476e-06
7.495	2.14786e-06
7.5	2.21345e-06
7.505	2.25499e-06
7.51	2.2712e-06
7.515	2.34881e-06
7.52	2.06045e-06
7.525	2.01667e-06
7.53	2.21618e-06
7.535	2.20704e-06
7.54	2.2236e-06
7.545	2.27693e-06
7.55	2.04319e-06
7.555	2.12348e-06
7.56	2.10812e-06
7.565	1.97506e-06
7.57	2.34032e-06
7.575	2.24703e-06
7.58	2.32522e-06
7.585	2.27787e-06
7.59	2.0803e-06
7.595	2.35843e-06
7.6	2.07471e-06
7.605	2.0857e-06
7.61	2.006e-06
7.615	1.89764e-06
7.62	2.25144e-06
7.625	2.13218e-06
7.63	2.19508e-06
7.635	2.16476e-06
7.64	2.21291e-06
7.645	2.19697e-06
7.65	2.18959e-06
7.655	1.99532e-06
7.66	2.069e-06
7.665	2.02629e-06
7.67	2.45212e-06
7.675	1.73458e-06
7.68	2.18597e-06
7.685	2.28357e-06
7.69	2.27169e-06
7.695	2.14037e-06
7.7	2.22486e-06
7.705	2.1877e-06
7.71	2.16497e-06
7.715	2.13152e-06
7.72	2.3681e-06
7.725	1.7792e-06
7.73	2.1886e-06
7.735	2.00111e-06
7.74	2.5228e-06
7.745	2.15464e-06
7.75	2.1409e-06
7.755	2.06677e-06
7.76	2.13994e-06
7.765	2.04289e-06
7.77	2.09227e-06
7.775	2.16724e-06
7.78	2.03761e-06
7.785	1.88638e-06
7.79	2.11108e-06
7.795	2.03679e-06
7.8	2.01612e-06
7.805	2.11321e-06
7.81	2.20293e-06
7.815	2.31275e-06
7.82	1.99449e-06
7.825	1.9398e-06
7.83	2.14515e-06
7.835	2.06205e-06
7.84	2.06143e-06
7.845	2.05702e-06
7.85	2.08937e-06
7.855	2.07747e-06
7.86	1.8918e-06
7.865	2.19261e-06
7.87	2.06297e-06
7.875	2.19465e-06
7.88	2.07828e-06
7.885	2.06484e-06
7.89	1.95894e-06
7.895	2.15706e-06
7.9	1.98761e-06
7.905	2.1743e-06
7.91	2.03908e-06
7.915	1.85182e-06
7.92	1.91941e-06
7.925	2.08996e-06
7.93	2.10087e-06
7.935	1.96758e-06
7.94	1.94403e-06
7.945	2.08536e-06
7.95	1.96006e-06
7.955	2.2013e-06
7.96	2.07708e-06
7.965	1.89777e-06
7.97	1.89881e-06
7.975	2.09846e-06
7.98	1.9797e-06
7.985	1.95303e-06
7.99	1.95257e-06
7.995	2.07868e-06
8	1.94103e-06
8.005	2.05987e-06
8.01	1.83127e-06
8.015	2.05859e-06
8.02	1.85663e-06
8.025	2.12998e-06
8.03	1.88762e-06
8.035	1.85462e-06
8.04	1.97693e-06
8.045	2.26723e-06
8.05	1.74058e-06
8.055	2.00903e-06
8.06	1.88694e-06
8.065	1.71166e-06
8.07	1.86405e-06
8.075	1.77859e-06
8.08	1.9748e-06
8.085	1.94504e-06
8.09	1.71664e-06
8.095	1.72296e-06
8.1	1.83952e-06
8.105	2.32114e-06
8.11	1.80004e-06
8.115	2.07014e-06
8.12	1.84829e-06
8.125	2.10881e-06
8.13	1.93453e-06
8.135	1.67755e-06
8.14	1.74971e-06
8.145	1.68844e-06
8.15	1.88473e-06
8.155	1.9732e-06
8.16	1.79502e-06
8.165	1.99122e-06
8.17	1.75899e-06
8.175	1.87085e-06
8.18	2.05236e-06
8.185	1.87085e-06
8.19	2.04938e-06
8.195	1.95021e-06
8.2	1.99098e-06
8.205	1.64684e-06
8.21	1.82299e-06
8.215	1.73077e-06
8.22	1.73604e-06
8.225	1.75167e-06
8.23	1.57904e-06
8.235	1.85122e-06
8.24	1.98566e-06
8.245	2.17765e-06
8.25	1.67204e-06
8.255	1.63661e-06
8.26	1.89272e-06
8.265	2.12049e-06
8.27	2.10974e-06
8.275	1.72693e-06
8.28	1.93799e-06
8.285	1.75436e-06
8.29	1.60546e-06
8.295	1.64658e-06
8.3	1.79754e-06
8.305	1.63612e-06
8.31	1.76661e-06
8.315	2.123e-06
8.32	1.86127e-06
8.325	1.82774e-06
8.33	1.55756e-06
8.335	1.80294e-06
8.34	1.80201e-06
8.345	1.82862e-06
8.35	1.92945e-06
8.355	1.53488e-06
8.36	1.73546e-06
8.365	2.04022e-06
8.37	1.55796e-06
8.375	1.74621e-06
8.38	1.68191e-06
8.385	1.74586e-06
8.39	1.59298e-06
8.395	1.74787e-06
8.4	1.50347e-06
8.405	1.46167e-06
8.41	1.99137e-06
8.415	1.58681e-06
8.42	1.70113e-06
8.425	1.44404e-06
8.43	2.08787e-06
8.435	1.6596e-06
8.44	1.62424e-06
8.445	1.59327e-06
8.45	1.85648e-06
8.455	1.56369e-06
8.46	1.9023e-06
8.465	1.56611e-06
8.47	1.71861e-06
8.475	1.88901e-06
8.48	1.76942e-06
8.485	1.65711e-06
8.49	1.81173e-06
8.495	1.59505e-06
8.5	1.96271e-06
8.505	1.58049e-06
8.51	1.84572e-06
8.515	1.55673e-06
8.52	1.51177e-06
8.525	1.90911e-06
8.53	1.60161e-06
8.535	2.0723e-06
8.54	1.39223e-06
8.545	1.61895e-06
8.55	1.73752e-06
8.555	1.90498e-06
8.56	1.61739e-06
8.565	1.56651e-06
8.57	1.84522e-06
8.575	1.7485e-06
8.58	1.50959e-06
8.585	2.00229e-06
8.59	1.91166e-06
8.595	1.42323e-06
8.6	1.38959e-06
8.605	1.60309e-06
8.61	1.88933e-06
8.615	1.67782e-06
8.62	1.51537e-06
8.625	1.90733e-06
8.63	1.68898e-06
8.635	1.62135e-06
8.64	1.37467e-06
8.645	1.7688e-06
8.65	1.48438e-06
8.655	1.66151e-06
8.66	1.68896e-06
8.665	1.56278e-06
8.67	1.81385e-06
8.675	1.36953e-06
8.68	1.61059e-06
8.685	1.62773e-06
8.69	1.76791e-06
8.695	1.8003e-06
8.7	1.48892e-06
8.705	1.70413e-06
8.71	1.80583e-06
8.715	1.59444e-06
8.72	1.72834e-06
8.725	1.59562e-06
8.73	1.84672e-06
8.735	1.82264e-06
8.74	1.70854e-06
8.745	1.51779e-06
8.75	1.76902e-06
8.755	1.97256e-06
8.76	1.3541e-06
8.765	1.41331e-06
8.77	1.53437e-06
8.775	1.49615e-06
8.78	1.46062e-06
8.785	1.57331e-06
8.79	1.44633e-06
8.795	1.55885e-06
8.8	1.41113e-06
8.805	1.8643e-06
8.81	1.76824e-06
8.815	1.42204e-06
8.82	1.66433e-06
8.825	2.01617e-06
8.83	1.55917e-06
8.835	1.72349e-06
8.84	1.28783e-06
8.845	1.73993e-06
8.85	1.96617e-06
8.855	1.38264e-06
8.86	1.40708e-06
8.865	1.73185e-06
8.87	1.74919e-06
8.875	1.54704e-06
8.88	1.33574e-06
8.885	1.70857e-06
8.89	1.63256e-06
8.895	1.8002e-06
8.9	1.81967e-06
8.905	1.53715e-06
8.91	1.79552e-06
8.915	1.53475e-06
8.92	1.70013e-06
8.925	1.46305e-06
8.93	1.90552e-06
8.935	1.75539e-06
8.94	1.57665e-06
8.945	1.58106e-06
8.95	1.74208e-06
8.955	1.31548e-06
8.96	1.77354e-06
8.965	1.79369e-06
8.97	1.46854e-06
8.975	1.68309e-06
8.98	1.8172e-06
8.985	1.83207e-06
8.99	1.64975e-06
8.995	1.32212e-06
9	1.61962e-06
9.005	1.45366e-06
9.01	1.71495e-06
9.015	1.84003e-06
9.02	2.05593e-06
9.025	1.60981e-06
9.03	1.67747e-06
9.035	1.92799e-06
9.04	1.63181e-06
9.045	1.51596e-06
9.05	1.59e-06
9.055	1.50907e-06
9.06	1.57353e-06
9.065	1.79315e-06
9.07	2.04762e-06
9.075	1.61601e-06
9.08	1.85656e-06
9.085	1.76152e-06
9.09	1.56491e-06
9.095	1.66577e-06
9.1	1.38264e-06
9.105	1.89433e-06
9.11	1.7707e-06
9.115	1.67409e-06
9.12	1.53948e-06
9.125	1.44514e-06
9.13	1.94775e-06
9.135	1.5612e-06
9.14	1.36258e-06
9.145	1.72274e-06
9.15	1.36324e-06
9.155	1.65295e-06
9.16	1.64407e-06
9.165	1.64883e-06
9.17	1.55199e-06
9.175	1.45612e-06
9.18	1.64327e-06
9.185	1.42919e-06
9.19	1.2422e-06
9.195	1.78427e-06
9.2	1.65484e-06
9.205	1.73719e-06
9.21	1.13754e-06
9.215	1.66659e-06
9.22	1.74245e-06
9.225	1.7311e-06
9.23	1.53499e-06
9.235	1.36058e-06
9.24	1.58077e-06
9.245	1.45313e-06
9.25	1.4709e-06
9.255	1.67221e-06
9.26	1.73588e-06
9.265	1.58983e-06
9.27	1.30259e-06
9.275	1.46547e-06
9.28	1.70794e-06
9.285	1.5165e-06
9.29	1.62782e-06
9.295	1.42734e-06
9.3	1.35473e-06
9.305	1.4768e-06
9.31	1.27854e-06
9.315	1.78885e-06
9.32	1.59863e-06
9.325	1.54005e-06
9.33	1.24896e-06
9.335	1.34735e-06
9.34	1.35836e-06
9.345	1.54778e-06
9.35	1.64106e-06
9.355	1.46726e-06
9.36	1.59353e-06
9.365	1.33049e-06
9.37	1.4998e-06
9.375	1.58197e-06
9.38	1.34753e-06
9.385	1.87761e-06
9.39	1.56699e-06
9.395	1.59458e-06
9.4	1.87477e-06
9.405	1.48773e-06
9.41	1.60023e-06
9.415	1.86208e-06
9.42	1.45014e-06
9.425	1.57143e-06
9.43	1.35729e-06
9.435	1.42107e-06
9.44	1.66603e-06
9.445	1.68138e-06
9.45	1.79194e-06
9.455	1.93081e-06
9.46	1.40485e-06
9.465	1.32186e-06
9.47	1.75556e-06
9.475	1.34471e-06
9.48	1.56342e-06
9.485	1.60303e-06
9.49	1.50237e-06
9.495	1.58145e-06
9.5	1.42476e-06
9.505	1.26288e-06
9.51	1.60569e-06
9.515	1.50561e-06
9.52	1.67481e-06
9.525	1.34412e-06
9.53	1.81135e-06
9.535	1.41715e-06
9.54	1.3972e-06
9.545	1.65553e-06
9.55	1.42651e-06
9.555	1.4585e-06
9.56	1.81368e-06
9.565	1.52289e-06
9.57	1.60262e-06
9.575	1.51735e-06
9.58	1.56794e-06
9.585	1.70396e-06
9.59	1.43491e-06
9.595	1.61128e-06
9.6	1.95111e-06
9.605	1.43801e-06
9.61	1.61982e-06
9.615	1.83926e-06
9.62	1.56884e-06
9.625	1.45832e-06
9.63	1.6487e-06
9.635	1.46844e-06
9.64	1.68496e-06
9.645	1.51187e-06
9.65	1.60613e-06
9.655	1.46211e-06
9.66	1.72066e-06
9.665	1.65362e-06
9.67	1.59804e-06
9.675	1.41728e-06
9.68	1.70527e-06
9.685	1.72524e-06
9.69	1.69066e-06
9.695	1.7435e-06
9.7	1.69618e-06
9.705	1.63718e-06
9.71	1.80939e-06
9.715	1.44883e-06
9.72	1.68087e-06
9.725	1.10818e-06
9.73	1.2257e-06
9.735	1.43619e-06
9.74	1.70278e-06
9.745	1.55572e-06
9.75	1.49549e-06
9.755	1.15674e-06
9.76	1.50796e-06
9.765	1.40035e-06
9.77	1.55101e-06
9.775	1.46912e-06
9.78	1.51615e-06
9.785	1.46425e-06
9.79	1.7852e-06
9.795	1.45663e-06
9.8	1.61399e-06
9.805	1.31618e-06
9.81	1.30992e-06
9.815	1.62894e-06
9.82	1.86679e-06
9.825	1.67823e-06
9.83	1.7055e-06
9.835	1.84915e-06
9.84	1.98056e-06
9.845	1.94036e-06
9.85	1.6525e-06
9.855	1.90958e-06
9.86	1.88705e-06
9.865	1.64175e-06
9.87	1.48311e-06
9.875	1.6263e-06
9.88	1.64404e-06
9.885	1.3272e-06
9.89	1.09761e-06
9.895	1.28992e-06
9.9	1.57676e-06
9.905	1.31368e-06
9.91	1.43937e-06
9.915	1.88365e-06
9.92	1.37214e-06
9.925	1.33928e-06
9.93	1.80788e-06
9.935	1.31047e-06
9.94	1.63796e-06
9.945	1.6636e-06
9.95	1.61641e-06
9.955	1.51192e-06
9.96	1.90086e-06
9.965	2.01244e-06
9.97	1.39929e-06
9.975	1.29365e-06
9.98	1.36976e-06
9.985	1.50737e-06
9.99	1.53974e-06
9.995	1.68993e-06
10	1.48045e-06
