0.005	0
0.01	1
0.015	2
0.02	3
0.025	3
0.03	4
0.035	4
0.04	5
0.045	6
0.05	6
0.055	7
0.06	8
0.065	8
0.07	9
0.075	9
0.08	10
0.085	10
0.09	11
0.095	12
0.1	12
0.105	13
0.11	13
0.115	14
0.12	14
0.125	15
0.13	15
0.135	16
0.14	16
0.145	17
0.15	17
0.155	18
0.16	19
0.165	20
0.17	20
0.175	21
0.18	21
0.185	22
0.19	22
0.195	23
0.2	23
0.205	24
0.21	24
0.215	25
0.22	26
0.225	26
0.23	27
0.235	27
0.24	28
0.245	28
0.25	29
0.255	29
0.26	30
0.265	31
0.27	31
0.275	32
0.28	33
0.285	33
0.29	34
0.295	34
0.3	35
0.305	35
0.31	36
0.315	36
0.32	37
0.325	37
0.33	38
0.335	39
0.34	39
0.345	40
0.35	40
0.355	41
0.36	42
0.365	42
0.37	43
0.375	43
0.38	44
0.385	44
0.39	45
0.395	45
0.4	46
0.405	46
0.41	47
0.415	47
0.42	48
0.425	48
0.43	49
0.435	49
0.44	50
0.445	50
0.45	51
0.455	51
0.46	52
0.465	52
0.47	53
0.475	53
0.48	54
0.485	55
0.49	55
0.495	56
0.5	56
0.505	57
0.51	57
0.515	58
0.52	58
0.525	59
0.53	59
0.535	60
0.54	61
0.545	61
0.55	61
0.555	62
0.56	63
0.565	63
0.57	64
0.575	64
0.58	65
0.585	65
0.59	66
0.595	66
0.6	67
0.605	67
0.61	68
0.615	68
0.62	69
0.625	69
0.63	70
0.635	70
0.64	71
0.645	71
0.65	72
0.655	72
0.66	73
0.665	73
0.67	74
0.675	75
0.68	75
0.685	76
0.69	76
0.695	77
0.7	78
0.705	78
0.71	79
0.715	79
0.72	80
0.725	80
0.73	81
0.735	81
0.74	82
0.745	82
0.75	83
0.755	83
0.76	84
0.765	85
0.77	85
0.775	86
0.78	86
0.785	87
0.79	87
0.795	88
0.8	89
0.805	89
0.81	90
0.815	90
0.82	91
0.825	91
0.83	92
0.835	92
0.84	93
0.845	93
0.85	94
0.855	94
0.86	95
0.865	95
0.87	96
0.875	96
0.88	97
0.885	97
0.89	98
0.895	98
0.9	99
0.905	99
0.91	100
0.915	100
0.92	101
0.925	102
0.93	102
0.935	103
0.94	103
0.945	103
0.95	104
0.955	104
0.96	105
0.965	105
0.97	106
0.975	106
0.98	107
0.985	107
0.99	108
0.995	108
1	109
1.005	109
1.01	110
1.015	110
1.02	111
1.025	111
1.03	112
1.035	112
1.04	112
1.045	113
1.05	113
1.055	114
1.06	115
1.065	115
1.07	115
1.075	116
1.08	116
1.085	117
1.09	117
1.095	118
1.1	118
1.105	119
1.11	119
1.115	120
1.12	120
1.125	120
1.13	121
1.135	121
1.14	122
1.145	122
1.15	123
1.155	123
1.16	123
1.165	124
1.17	125
1.175	125
1.18	125
1.185	126
1.19	126
1.195	127
1.2	127
1.205	128
1.21	128
1.215	129
1.22	129
1.225	130
1.23	130
1.235	130
1.24	131
1.245	131
1.25	132
1.255	132
1.26	133
1.265	133
1.27	134
1.275	134
1.28	135
1.285	135
1.29	136
1.295	136
1.3	137
1.305	137
1.31	138
1.315	138
1.32	139
1.325	139
1.33	140
1.335	140
1.34	141
1.345	141
1.35	141
1.355	142
1.36	142
1.365	143
1.37	143
1.375	144
1.38	145
1.385	145
1.39	146
1.395	146
1.4	147
1.405	147
1.41	148
1.415	148
1.42	149
1.425	150
1.43	150
1.435	150
1.44	151
1.445	151
1.45	152
1.455	152
1.46	153
1.465	153
1.47	154
1.475	155
1.48	155
1.485	156
1.49	156
1.495	156
1.5	157
1.505	157
1.51	158
1.515	158
1.52	159
1.525	159
1.53	160
1.535	160
1.54	161
1.545	161
1.55	162
1.555	162
1.56	163
1.565	163
1.57	164
1.575	164
1.58	165
1.585	165
1.59	165
1.595	166
1.6	166
1.605	167
1.61	167
1.615	168
1.62	168
1.625	169
1.63	169
1.635	170
1.64	170
1.645	171
1.65	171
1.655	171
1.66	172
1.665	172
1.67	173
1.675	173
1.68	174
1.685	174
1.69	175
1.695	175
1.7	176
1.705	176
1.71	177
1.715	177
1.72	178
1.725	178
1.73	179
1.735	179
1.74	179
1.745	180
1.75	180
1.755	181
1.76	181
1.765	182
1.77	182
1.775	183
1.78	183
1.785	184
1.79	184
1.795	185
1.8	185
1.805	186
1.81	186
1.815	186
1.82	187
1.825	187
1.83	188
1.835	188
1.84	189
1.845	189
1.85	190
1.855	190
1.86	190
1.865	191
1.87	191
1.875	192
1.88	192
1.885	193
1.89	193
1.895	194
1.9	194
1.905	195
1.91	195
1.915	196
1.92	196
1.925	197
1.93	197
1.935	197
1.94	198
1.945	198
1.95	199
1.955	199
1.96	200
1.965	200
1.97	201
1.975	201
1.98	201
1.985	202
1.99	202
1.995	203
2	203
2.005	204
2.01	204
2.015	204
2.02	205
2.025	205
2.03	206
2.035	206
2.04	206
2.045	207
2.05	207
2.055	208
2.06	208
2.065	208
2.07	209
2.075	209
2.08	210
2.085	210
2.09	211
2.095	211
2.1	211
2.105	212
2.11	212
2.115	212
2.12	213
2.125	213
2.13	214
2.135	214
2.14	215
2.145	215
2.15	216
2.155	216
2.16	216
2.165	217
2.17	217
2.175	218
2.18	218
2.185	218
2.19	219
2.195	219
2.2	220
2.205	220
2.21	221
2.215	221
2.22	221
2.225	222
2.23	222
2.235	223
2.24	223
2.245	224
2.25	224
2.255	224
2.26	225
2.265	225
2.27	226
2.275	226
2.28	227
2.285	227
2.29	227
2.295	228
2.3	228
2.305	229
2.31	229
2.315	229
2.32	230
2.325	230
2.33	231
2.335	231
2.34	232
2.345	232
2.35	232
2.355	233
2.36	233
2.365	234
2.37	234
2.375	235
2.38	236
2.385	236
2.39	236
2.395	237
2.4	237
2.405	238
2.41	238
2.415	239
2.42	239
2.425	240
2.43	240
2.435	240
2.44	241
2.445	241
2.45	242
2.455	242
2.46	242
2.465	243
2.47	243
2.475	244
2.48	244
2.485	245
2.49	245
2.495	245
2.5	246
2.505	246
2.51	247
2.515	247
2.52	247
2.525	248
2.53	248
2.535	249
2.54	249
2.545	249
2.55	250
2.555	250
2.56	251
2.565	251
2.57	251
2.575	252
2.58	252
2.585	253
2.59	253
2.595	254
2.6	254
2.605	254
2.61	255
2.615	255
2.62	256
2.625	256
2.63	256
2.635	257
2.64	257
2.645	258
2.65	258
2.655	259
2.66	259
2.665	260
2.67	260
2.675	261
2.68	261
2.685	262
2.69	262
2.695	263
2.7	263
2.705	263
2.71	264
2.715	264
2.72	265
2.725	266
2.73	266
2.735	267
2.74	267
2.745	268
2.75	268
2.755	269
2.76	269
2.765	269
2.77	270
2.775	270
2.78	270
2.785	271
2.79	271
2.795	272
2.8	272
2.805	272
2.81	273
2.815	273
2.82	274
2.825	274
2.83	275
2.835	275
2.84	275
2.845	276
2.85	276
2.855	276
2.86	277
2.865	277
2.87	278
2.875	278
2.88	279
2.885	279
2.89	279
2.895	280
2.9	281
2.905	281
2.91	281
2.915	282
2.92	282
2.925	283
2.93	283
2.935	283
2.94	284
2.945	284
2.95	285
2.955	285
2.96	286
2.965	286
2.97	287
2.975	287
2.98	288
2.985	289
2.99	289
2.995	290
3	291
3.005	291
3.01	291
3.015	292
3.02	292
3.025	293
3.03	293
3.035	293
3.04	294
3.045	294
3.05	295
3.055	295
3.06	296
3.065	296
3.07	297
3.075	297
3.08	297
3.085	298
3.09	298
3.095	299
3.1	299
3.105	300
3.11	300
3.115	300
3.12	301
3.125	301
3.13	302
3.135	302
3.14	302
3.145	303
3.15	303
3.155	304
3.16	304
3.165	305
3.17	305
3.175	306
3.18	306
3.185	307
3.19	308
3.195	308
3.2	309
3.205	309
3.21	310
3.215	310
3.22	310
3.225	311
3.23	311
3.235	312
3.24	312
3.245	312
3.25	313
3.255	313
3.26	313
3.265	314
3.27	314
3.275	315
3.28	315
3.285	315
3.29	316
3.295	316
3.3	317
3.305	317
3.31	318
3.315	318
3.32	318
3.325	319
3.33	319
3.335	319
3.34	320
3.345	320
3.35	321
3.355	321
3.36	321
3.365	322
3.37	322
3.375	323
3.38	323
3.385	324
3.39	324
3.395	325
3.4	325
3.405	325
3.41	326
3.415	326
3.42	326
3.425	327
3.43	327
3.435	328
3.44	328
3.445	328
3.45	329
3.455	329
3.46	330
3.465	330
3.47	330
3.475	331
3.48	331
3.485	332
3.49	332
3.495	332
3.5	333
3.505	333
3.51	334
3.515	334
3.52	334
3.525	335
3.53	335
3.535	336
3.54	336
3.545	336
3.55	337
3.555	337
3.56	338
3.565	338
3.57	338
3.575	339
3.58	339
3.585	339
3.59	340
3.595	340
3.6	341
3.605	341
3.61	341
3.615	342
3.62	342
3.625	343
3.63	343
3.635	343
3.64	344
3.645	344
3.65	345
3.655	345
3.66	345
3.665	346
3.67	346
3.675	346
3.68	347
3.685	347
3.69	348
3.695	348
3.7	348
3.705	349
3.71	349
3.715	350
3.72	350
3.725	350
3.73	351
3.735	351
3.74	352
3.745	352
3.75	353
3.755	353
3.76	353
3.765	354
3.77	354
3.775	355
3.78	355
3.785	355
3.79	356
3.795	356
3.8	357
3.805	357
3.81	357
3.815	358
3.82	358
3.825	359
3.83	359
3.835	359
3.84	360
3.845	360
3.85	360
3.855	361
3.86	361
3.865	362
3.87	363
3.875	363
3.88	363
3.885	364
3.89	364
3.895	365
3.9	365
3.905	365
3.91	366
3.915	366
3.92	366
3.925	367
3.93	367
3.935	368
3.94	368
3.945	368
3.95	369
3.955	369
3.96	370
3.965	370
3.97	371
3.975	371
3.98	371
3.985	372
3.99	372
3.995	373
4	373
4.005	373
4.01	374
4.015	374
4.02	375
4.025	375
4.03	376
4.035	376
4.04	376
4.045	377
4.05	377
4.055	377
4.06	378
4.065	378
4.07	379
4.075	379
4.08	379
4.085	380
4.09	380
4.095	381
4.1	381
4.105	382
4.11	382
4.115	382
4.12	383
4.125	383
4.13	384
4.135	384
4.14	384
4.145	385
4.15	385
4.155	386
4.16	386
4.165	386
4.17	387
4.175	387
4.18	388
4.185	388
4.19	388
4.195	389
4.2	389
4.205	389
4.21	390
4.215	390
4.22	391
4.225	391
4.23	392
4.235	392
4.24	392
4.245	393
4.25	393
4.255	394
4.26	394
4.265	394
4.27	395
4.275	395
4.28	395
4.285	396
4.29	396
4.295	396
4.3	397
4.305	397
4.31	398
4.315	398
4.32	398
4.325	399
4.33	399
4.335	400
4.34	400
4.345	401
4.35	401
4.355	402
4.36	402
4.365	403
4.37	403
4.375	404
4.38	404
4.385	404
4.39	405
4.395	405
4.4	405
4.405	406
4.41	406
4.415	407
4.42	407
4.425	407
4.43	408
4.435	408
4.44	408
4.445	409
4.45	409
4.455	409
4.46	410
4.465	410
4.47	411
4.475	411
4.48	411
4.485	412
4.49	412
4.495	413
4.5	413
4.505	413
4.51	414
4.515	414
4.52	415
4.525	415
4.53	415
4.535	416
4.54	416
4.545	416
4.55	417
4.555	417
4.56	418
4.565	418
4.57	419
4.575	419
4.58	419
4.585	420
4.59	420
4.595	421
4.6	421
4.605	421
4.61	422
4.615	422
4.62	422
4.625	423
4.63	423
4.635	423
4.64	424
4.645	424
4.65	424
4.655	425
4.66	425
4.665	426
4.67	426
4.675	427
4.68	427
4.685	427
4.69	428
4.695	428
4.7	428
4.705	429
4.71	429
4.715	430
4.72	430
4.725	430
4.73	431
4.735	431
4.74	431
4.745	432
4.75	432
4.755	433
4.76	433
4.765	434
4.77	434
4.775	434
4.78	435
4.785	435
4.79	435
4.795	436
4.8	436
4.805	436
4.81	437
4.815	437
4.82	438
4.825	438
4.83	438
4.835	439
4.84	439
4.845	439
4.85	440
4.855	440
4.86	440
4.865	441
4.87	441
4.875	442
4.88	442
4.885	442
4.89	443
4.895	443
4.9	443
4.905	444
4.91	444
4.915	444
4.92	445
4.925	445
4.93	446
4.935	446
4.94	446
4.945	447
4.95	447
4.955	447
4.96	448
4.965	448
4.97	448
4.975	449
4.98	449
4.985	450
4.99	450
4.995	450
5	451
5.005	451
5.01	451
5.015	452
5.02	452
5.025	452
5.03	453
5.035	453
5.04	454
5.045	454
5.05	454
5.055	455
5.06	455
5.065	456
5.07	456
5.075	456
5.08	457
5.085	457
5.09	457
5.095	458
5.1	458
5.105	458
5.11	459
5.115	459
5.12	460
5.125	460
5.13	460
5.135	461
5.14	461
5.145	461
5.15	462
5.155	462
5.16	463
5.165	463
5.17	464
5.175	464
5.18	465
5.185	465
5.19	466
5.195	466
5.2	467
5.205	467
5.21	468
5.215	468
5.22	468
5.225	469
5.23	469
5.235	469
5.24	470
5.245	470
5.25	471
5.255	471
5.26	471
5.265	472
5.27	472
5.275	472
5.28	473
5.285	473
5.29	473
5.295	474
5.3	474
5.305	475
5.31	475
5.315	475
5.32	476
5.325	476
5.33	476
5.335	477
5.34	477
5.345	477
5.35	478
5.355	478
5.36	479
5.365	479
5.37	479
5.375	480
5.38	480
5.385	480
5.39	481
5.395	481
5.4	482
5.405	482
5.41	483
5.415	483
5.42	483
5.425	484
5.43	485
5.435	485
5.44	486
5.445	486
5.45	486
5.455	487
5.46	487
5.465	487
5.47	488
5.475	488
5.48	488
5.485	489
5.49	489
5.495	489
5.5	490
5.505	490
5.51	490
5.515	491
5.52	491
5.525	492
5.53	492
5.535	492
5.54	493
5.545	493
5.55	493
5.555	494
5.56	494
5.565	494
5.57	495
5.575	495
5.58	496
5.585	496
5.59	496
5.595	497
5.6	497
5.605	497
5.61	498
5.615	498
5.62	498
5.625	499
5.63	499
5.635	499
5.64	500
5.645	500
5.65	501
5.655	501
5.66	501
5.665	502
5.67	502
5.675	502
5.68	503
5.685	503
5.69	503
5.695	504
5.7	504
5.705	504
5.71	505
5.715	505
5.72	505
5.725	506
5.73	506
5.735	506
5.74	507
5.745	507
5.75	507
5.755	508
5.76	508
5.765	509
5.77	509
5.775	509
5.78	510
5.785	510
5.79	510
5.795	511
5.8	511
5.805	511
5.81	512
5.815	512
5.82	513
5.825	513
5.83	514
5.835	514
5.84	515
5.845	515
5.85	515
5.855	516
5.86	516
5.865	516
5.87	517
5.875	517
5.88	517
5.885	518
5.89	518
5.895	519
5.9	519
5.905	519
5.91	520
5.915	520
5.92	521
5.925	521
5.93	521
5.935	522
5.94	522
5.945	522
5.95	523
5.955	523
5.96	523
5.965	524
5.97	524
5.975	525
5.98	525
5.985	525
5.99	526
5.995	526
6	526
6.005	527
6.01	527
6.015	527
6.02	528
6.025	528
6.03	528
6.035	529
6.04	529
6.045	530
6.05	530
6.055	530
6.06	531
6.065	531
6.07	531
6.075	532
6.08	532
6.085	532
6.09	533
6.095	533
6.1	533
6.105	534
6.11	534
6.115	535
6.12	535
6.125	535
6.13	536
6.135	536
6.14	536
6.145	537
6.15	537
6.155	537
6.16	538
6.165	538
6.17	538
6.175	539
6.18	539
6.185	539
6.19	540
6.195	540
6.2	540
6.205	541
6.21	541
6.215	541
6.22	542
6.225	542
6.23	542
6.235	543
6.24	543
6.245	543
6.25	544
6.255	544
6.26	544
6.265	545
6.27	545
6.275	545
6.28	546
6.285	546
6.29	546
6.295	547
6.3	547
6.305	547
6.31	548
6.315	548
6.32	548
6.325	549
6.33	549
6.335	549
6.34	550
6.345	550
6.35	550
6.355	551
6.36	551
6.365	551
6.37	552
6.375	552
6.38	552
6.385	553
6.39	553
6.395	553
6.4	554
6.405	554
6.41	554
6.415	555
6.42	555
6.425	555
6.43	556
6.435	556
6.44	556
6.445	557
6.45	557
6.455	557
6.46	558
6.465	558
6.47	558
6.475	559
6.48	559
6.485	559
6.49	560
6.495	560
6.5	560
6.505	561
6.51	561
6.515	561
6.52	562
6.525	562
6.53	562
6.535	563
6.54	563
6.545	563
6.55	564
6.555	564
6.56	564
6.565	565
6.57	565
6.575	565
6.58	566
6.585	566
6.59	566
6.595	567
6.6	567
6.605	567
6.61	568
6.615	568
6.62	568
6.625	569
6.63	569
6.635	569
6.64	570
6.645	570
6.65	570
6.655	571
6.66	571
6.665	571
6.67	572
6.675	572
6.68	572
6.685	573
6.69	573
6.695	573
6.7	574
6.705	574
6.71	574
6.715	575
6.72	575
6.725	575
6.73	576
6.735	576
6.74	576
6.745	577
6.75	577
6.755	577
6.76	578
6.765	578
6.77	578
6.775	579
6.78	579
6.785	579
6.79	580
6.795	580
6.8	580
6.805	581
6.81	581
6.815	582
6.82	582
6.825	583
6.83	584
6.835	584
6.84	585
6.845	586
6.85	587
6.855	588
6.86	588
6.865	589
6.87	589
6.875	590
6.88	591
6.885	591
6.89	592
6.895	593
6.9	594
6.905	594
6.91	595
6.915	596
6.92	596
6.925	596
6.93	597
6.935	598
6.94	598
6.945	599
6.95	600
6.955	601
6.96	601
6.965	602
6.97	603
6.975	603
6.98	604
6.985	604
6.99	605
6.995	605
7	606
7.005	606
7.01	607
7.015	608
7.02	609
7.025	609
7.03	610
7.035	610
7.04	611
7.045	611
7.05	612
7.055	613
7.06	614
7.065	614
7.07	615
7.075	616
7.08	616
7.085	617
7.09	617
7.095	618
7.1	618
7.105	619
7.11	620
7.115	620
7.12	621
7.125	622
7.13	622
7.135	623
7.14	624
7.145	624
7.15	625
7.155	625
7.16	626
7.165	626
7.17	627
7.175	627
7.18	628
7.185	629
7.19	629
7.195	630
7.2	631
7.205	632
7.21	632
7.215	633
7.22	633
7.225	634
7.23	634
7.235	634
7.24	635
7.245	635
7.25	635
7.255	636
7.26	636
7.265	636
7.27	637
7.275	637
7.28	637
7.285	638
7.29	638
7.295	638
7.3	638
7.305	639
7.31	639
7.315	639
7.32	640
7.325	640
7.33	640
7.335	641
7.34	641
7.345	641
7.35	642
7.355	642
7.36	642
7.365	643
7.37	643
7.375	643
7.38	644
7.385	644
7.39	644
7.395	645
7.4	645
7.405	645
7.41	645
7.415	646
7.42	646
7.425	646
7.43	647
7.435	647
7.44	647
7.445	648
7.45	648
7.455	648
7.46	649
7.465	649
7.47	649
7.475	650
7.48	650
7.485	650
7.49	651
7.495	651
7.5	651
7.505	652
7.51	652
7.515	652
7.52	653
7.525	653
7.53	653
7.535	654
7.54	654
7.545	654
7.55	655
7.555	655
7.56	655
7.565	656
7.57	656
7.575	656
7.58	656
7.585	657
7.59	657
7.595	657
7.6	658
7.605	658
7.61	658
7.615	659
7.62	659
7.625	659
7.63	660
7.635	660
7.64	660
7.645	661
7.65	661
7.655	661
7.66	662
7.665	662
7.67	662
7.675	663
7.68	663
7.685	663
7.69	664
7.695	664
7.7	664
7.705	665
7.71	665
7.715	665
7.72	666
7.725	666
7.73	667
7.735	667
7.74	667
7.745	668
7.75	668
7.755	668
7.76	669
7.765	669
7.77	669
7.775	670
7.78	670
7.785	670
7.79	671
7.795	671
7.8	671
7.805	672
7.81	672
7.815	672
7.82	673
7.825	673
7.83	673
7.835	674
7.84	674
7.845	674
7.85	675
7.855	675
7.86	675
7.865	676
7.87	676
7.875	676
7.88	677
7.885	677
7.89	677
7.895	677
7.9	678
7.905	678
7.91	678
7.915	679
7.92	679
7.925	679
7.93	680
7.935	680
7.94	680
7.945	681
7.95	681
7.955	681
7.96	682
7.965	682
7.97	682
7.975	683
7.98	683
7.985	684
7.99	684
7.995	684
8	684
8.005	685
8.01	685
8.015	685
8.02	686
8.025	686
8.03	687
8.035	687
8.04	688
8.045	688
8.05	688
8.055	689
8.06	689
8.065	689
8.07	690
8.075	690
8.08	690
8.085	691
8.09	691
8.095	691
8.1	692
8.105	692
8.11	692
8.115	693
8.12	693
8.125	693
8.13	694
8.135	694
8.14	694
8.145	695
8.15	695
8.155	695
8.16	695
8.165	696
8.17	696
8.175	696
8.18	697
8.185	697
8.19	698
8.195	698
8.2	698
8.205	699
8.21	699
8.215	699
8.22	700
8.225	700
8.23	700
8.235	701
8.24	701
8.245	702
8.25	702
8.255	702
8.26	702
8.265	703
8.27	703
8.275	703
8.28	704
8.285	704
8.29	704
8.295	705
8.3	705
8.305	705
8.31	706
8.315	706
8.32	706
8.325	707
8.33	707
8.335	707
8.34	707
8.345	708
8.35	708
8.355	708
8.36	709
8.365	709
8.37	709
8.375	710
8.38	710
8.385	710
8.39	711
8.395	711
8.4	711
8.405	711
8.41	712
8.415	712
8.42	712
8.425	713
8.43	713
8.435	713
8.44	714
8.445	714
8.45	714
8.455	715
8.46	715
8.465	715
8.47	716
8.475	716
8.48	716
8.485	717
8.49	717
8.495	717
8.5	718
8.505	718
8.51	718
8.515	718
8.52	719
8.525	719
8.53	719
8.535	720
8.54	720
8.545	720
8.55	721
8.555	721
8.56	721
8.565	722
8.57	722
8.575	722
8.58	723
8.585	723
8.59	723
8.595	723
8.6	724
8.605	724
8.61	724
8.615	725
8.62	725
8.625	725
8.63	726
8.635	726
8.64	726
8.645	727
8.65	727
8.655	727
8.66	727
8.665	728
8.67	728
8.675	728
8.68	729
8.685	729
8.69	729
8.695	730
8.7	730
8.705	730
8.71	730
8.715	731
8.72	731
8.725	732
8.73	732
8.735	732
8.74	732
8.745	733
8.75	733
8.755	733
8.76	734
8.765	734
8.77	734
8.775	735
8.78	735
8.785	735
8.79	736
8.795	736
8.8	736
8.805	737
8.81	737
8.815	737
8.82	738
8.825	738
8.83	738
8.835	739
8.84	739
8.845	739
8.85	739
8.855	740
8.86	740
8.865	740
8.87	741
8.875	741
8.88	741
8.885	742
8.89	742
8.895	742
8.9	743
8.905	743
8.91	743
8.915	743
8.92	744
8.925	744
8.93	745
8.935	745
8.94	745
8.945	746
8.95	746
8.955	746
8.96	747
8.965	747
8.97	747
8.975	748
8.98	748
8.985	748
8.99	749
8.995	749
9	750
9.005	750
9.01	750
9.015	751
9.02	751
9.025	751
9.03	752
9.035	752
9.04	752
9.045	753
9.05	753
9.055	753
9.06	754
9.065	754
9.07	754
9.075	755
9.08	755
9.085	755
9.09	756
9.095	756
9.1	756
9.105	757
9.11	757
9.115	757
9.12	758
9.125	758
9.13	758
9.135	759
9.14	759
9.145	759
9.15	760
9.155	760
9.16	760
9.165	761
9.17	761
9.175	761
9.18	762
9.185	762
9.19	762
9.195	763
9.2	763
9.205	763
9.21	764
9.215	764
9.22	764
9.225	765
9.23	765
9.235	765
9.24	766
9.245	766
9.25	766
9.255	767
9.26	767
9.265	767
9.27	768
9.275	768
9.28	768
9.285	769
9.29	769
9.295	770
9.3	770
9.305	770
9.31	771
9.315	771
9.32	771
9.325	772
9.33	772
9.335	772
9.34	773
9.345	773
9.35	773
9.355	774
9.36	774
9.365	774
9.37	775
9.375	775
9.38	775
9.385	776
9.39	776
9.395	776
9.4	777
9.405	777
9.41	777
9.415	778
9.42	778
9.425	778
9.43	778
9.435	779
9.44	779
9.445	780
9.45	780
9.455	780
9.46	781
9.465	781
9.47	781
9.475	782
9.48	782
9.485	782
9.49	783
9.495	783
9.5	784
9.505	784
9.51	784
9.515	785
9.52	785
9.525	785
9.53	786
9.535	786
9.54	786
9.545	787
9.55	787
9.555	787
9.56	788
9.565	788
9.57	788
9.575	789
9.58	789
9.585	789
9.59	790
9.595	790
9.6	790
9.605	791
9.61	791
9.615	791
9.62	792
9.625	792
9.63	792
9.635	793
9.64	793
9.645	793
9.65	794
9.655	794
9.66	794
9.665	795
9.67	795
9.675	795
9.68	796
9.685	796
9.69	796
9.695	797
9.7	797
9.705	797
9.71	798
9.715	798
9.72	798
9.725	799
9.73	799
9.735	799
9.74	800
9.745	800
9.75	801
9.755	801
9.76	801
9.765	802
9.77	802
9.775	802
9.78	803
9.785	803
9.79	803
9.795	804
9.8	804
9.805	804
9.81	805
9.815	805
9.82	806
9.825	806
9.83	806
9.835	807
9.84	807
9.845	807
9.85	808
9.855	808
9.86	808
9.865	809
9.87	809
9.875	810
9.88	810
9.885	810
9.89	811
9.895	811
9.9	812
9.905	812
9.91	812
9.915	813
9.92	813
9.925	813
9.93	813
9.935	814
9.94	814
9.945	814
9.95	815
9.955	815
9.96	815
9.965	816
9.97	816
9.975	816
9.98	817
9.985	817
9.99	817
9.995	818
10	818
