	0
0.005	0.00301528
0.01	0.00504416
0.015	0.00665298
0.02	0.00794973
0.025	0.00901832
0.03	0.00992197
0.035	0.0107386
0.04	0.0114839
0.045	0.0121655
0.05	0.0127916
0.055	0.0133697
0.06	0.0139068
0.065	0.0144065
0.07	0.0148741
0.075	0.0153238
0.08	0.0157577
0.085	0.0161744
0.09	0.0165748
0.095	0.0169592
0.1	0.017328
0.105	0.0176821
0.11	0.0180224
0.115	0.0183499
0.12	0.0186653
0.125	0.0189693
0.13	0.019263
0.135	0.0195472
0.14	0.0198227
0.145	0.0200943
0.15	0.0203605
0.155	0.0206209
0.16	0.0208758
0.165	0.0211247
0.17	0.0213677
0.175	0.0216048
0.18	0.0218363
0.185	0.0220623
0.19	0.0222833
0.195	0.0224994
0.2	0.0227109
0.205	0.0229178
0.21	0.0231202
0.215	0.0233181
0.22	0.0235115
0.225	0.0237012
0.23	0.0238869
0.235	0.0240686
0.24	0.0242464
0.245	0.0244206
0.25	0.0245932
0.255	0.0247642
0.26	0.024933
0.265	0.0250995
0.27	0.0252635
0.275	0.025425
0.28	0.0255841
0.285	0.0257413
0.29	0.0258965
0.295	0.0260492
0.3	0.0261997
0.305	0.026348
0.31	0.026494
0.315	0.0266379
0.32	0.0267797
0.325	0.0269194
0.33	0.027057
0.335	0.0271926
0.34	0.0273264
0.345	0.0274584
0.35	0.0275885
0.355	0.0277168
0.36	0.0278434
0.365	0.0279684
0.37	0.0280917
0.375	0.0282132
0.38	0.0283331
0.385	0.0284513
0.39	0.0285679
0.395	0.028683
0.4	0.0287968
0.405	0.0289092
0.41	0.0290206
0.415	0.0291313
0.42	0.0292411
0.425	0.02935
0.43	0.0294579
0.435	0.0295647
0.44	0.0296705
0.445	0.0297752
0.45	0.0298792
0.455	0.0299821
0.46	0.030084
0.465	0.030185
0.47	0.0302851
0.475	0.0303841
0.48	0.0304821
0.485	0.0305792
0.49	0.0306754
0.495	0.0307706
0.5	0.0308648
0.505	0.030958
0.51	0.0310503
0.515	0.0311418
0.52	0.0312324
0.525	0.0313221
0.53	0.031411
0.535	0.031499
0.54	0.0315863
0.545	0.0316728
0.55	0.0317585
0.555	0.0318434
0.56	0.0319275
0.565	0.0320108
0.57	0.0320933
0.575	0.0321751
0.58	0.032256
0.585	0.0323362
0.59	0.0324158
0.595	0.0324947
0.6	0.0325728
0.605	0.0326503
0.61	0.0327271
0.615	0.0328032
0.62	0.0328786
0.625	0.0329534
0.63	0.0330274
0.635	0.0331009
0.64	0.0331738
0.645	0.0332464
0.65	0.0333185
0.655	0.0333903
0.66	0.0334617
0.665	0.0335327
0.67	0.0336033
0.675	0.0336734
0.68	0.0337431
0.685	0.0338123
0.69	0.0338811
0.695	0.0339495
0.7	0.0340174
0.705	0.0340849
0.71	0.0341519
0.715	0.0342184
0.72	0.0342845
0.725	0.03435
0.73	0.0344152
0.735	0.0344799
0.74	0.0345442
0.745	0.034608
0.75	0.0346714
0.755	0.0347344
0.76	0.0347969
0.765	0.034859
0.77	0.0349207
0.775	0.0349821
0.78	0.0350431
0.785	0.0351037
0.79	0.0351638
0.795	0.0352236
0.8	0.0352829
0.805	0.0353418
0.81	0.0354002
0.815	0.0354583
0.82	0.0355161
0.825	0.0355734
0.83	0.0356303
0.835	0.035687
0.84	0.0357433
0.845	0.0357993
0.85	0.0358548
0.855	0.03591
0.86	0.0359649
0.865	0.0360193
0.87	0.0360735
0.875	0.0361272
0.88	0.0361806
0.885	0.0362337
0.89	0.0362864
0.895	0.0363388
0.9	0.0363908
0.905	0.0364425
0.91	0.0364939
0.915	0.036545
0.92	0.0365958
0.925	0.0366463
0.93	0.0366965
0.935	0.0367463
0.94	0.0367959
0.945	0.0368452
0.95	0.0368942
0.955	0.0369429
0.96	0.0369914
0.965	0.0370398
0.97	0.0370878
0.975	0.0371357
0.98	0.0371834
0.985	0.0372308
0.99	0.037278
0.995	0.0373249
1	0.0373717
1.005	0.0374182
1.01	0.0374644
1.015	0.0375105
1.02	0.0375563
1.025	0.0376018
1.03	0.0376471
1.035	0.0376923
1.04	0.0377372
1.045	0.0377819
1.05	0.0378263
1.055	0.0378706
1.06	0.0379146
1.065	0.0379585
1.07	0.0380021
1.075	0.0380455
1.08	0.0380886
1.085	0.0381316
1.09	0.0381744
1.095	0.038217
1.1	0.0382593
1.105	0.0383014
1.11	0.0383434
1.115	0.0383851
1.12	0.0384266
1.125	0.0384679
1.13	0.0385089
1.135	0.0385498
1.14	0.0385905
1.145	0.0386309
1.15	0.0386711
1.155	0.0387112
1.16	0.038751
1.165	0.0387907
1.17	0.0388302
1.175	0.0388695
1.18	0.0389086
1.185	0.0389474
1.19	0.0389861
1.195	0.0390246
1.2	0.039063
1.205	0.0391011
1.21	0.039139
1.215	0.0391767
1.22	0.0392142
1.225	0.0392516
1.23	0.0392887
1.235	0.0393257
1.24	0.0393625
1.245	0.0393991
1.25	0.0394355
1.255	0.0394717
1.26	0.0395078
1.265	0.0395437
1.27	0.0395794
1.275	0.039615
1.28	0.0396504
1.285	0.0396856
1.29	0.0397207
1.295	0.0397557
1.3	0.0397904
1.305	0.039825
1.31	0.0398594
1.315	0.0398937
1.32	0.0399278
1.325	0.0399618
1.33	0.0399956
1.335	0.0400292
1.34	0.0400626
1.345	0.0400959
1.35	0.0401291
1.355	0.040162
1.36	0.0401949
1.365	0.0402276
1.37	0.0402601
1.375	0.0402925
1.38	0.0403247
1.385	0.0403568
1.39	0.0403887
1.395	0.0404205
1.4	0.0404523
1.405	0.0404839
1.41	0.0405153
1.415	0.0405467
1.42	0.0405779
1.425	0.040609
1.43	0.04064
1.435	0.0406708
1.44	0.0407016
1.445	0.0407321
1.45	0.0407626
1.455	0.0407929
1.46	0.0408232
1.465	0.0408533
1.47	0.0408833
1.475	0.0409132
1.48	0.0409429
1.485	0.0409726
1.49	0.0410021
1.495	0.0410314
1.5	0.0410607
1.505	0.0410898
1.51	0.0411189
1.515	0.0411478
1.52	0.0411765
1.525	0.0412052
1.53	0.0412338
1.535	0.0412622
1.54	0.0412905
1.545	0.0413187
1.55	0.0413468
1.555	0.0413748
1.56	0.0414027
1.565	0.0414304
1.57	0.0414581
1.575	0.0414856
1.58	0.041513
1.585	0.0415403
1.59	0.0415675
1.595	0.0415946
1.6	0.0416216
1.605	0.0416484
1.61	0.0416752
1.615	0.0417018
1.62	0.0417283
1.625	0.0417547
1.63	0.0417811
1.635	0.0418073
1.64	0.0418334
1.645	0.0418595
1.65	0.0418854
1.655	0.0419112
1.66	0.0419369
1.665	0.0419625
1.67	0.041988
1.675	0.0420134
1.68	0.0420387
1.685	0.0420639
1.69	0.042089
1.695	0.0421141
1.7	0.042139
1.705	0.0421638
1.71	0.0421885
1.715	0.0422131
1.72	0.0422376
1.725	0.042262
1.73	0.0422863
1.735	0.0423105
1.74	0.0423346
1.745	0.0423586
1.75	0.0423825
1.755	0.0424064
1.76	0.0424301
1.765	0.0424537
1.77	0.0424773
1.775	0.0425007
1.78	0.0425241
1.785	0.0425473
1.79	0.0425705
1.795	0.0425936
1.8	0.0426166
1.805	0.0426395
1.81	0.0426623
1.815	0.0426851
1.82	0.0427078
1.825	0.0427303
1.83	0.0427528
1.835	0.0427752
1.84	0.0427976
1.845	0.0428198
1.85	0.0428419
1.855	0.042864
1.86	0.0428859
1.865	0.0429078
1.87	0.0429296
1.875	0.0429513
1.88	0.0429729
1.885	0.0429944
1.89	0.0430159
1.895	0.0430372
1.9	0.0430585
1.905	0.0430797
1.91	0.0431008
1.915	0.0431218
1.92	0.0431428
1.925	0.0431637
1.93	0.0431845
1.935	0.0432052
1.94	0.0432258
1.945	0.0432464
1.95	0.0432668
1.955	0.0432872
1.96	0.0433075
1.965	0.0433278
1.97	0.0433479
1.975	0.043368
1.98	0.043388
1.985	0.0434079
1.99	0.0434278
1.995	0.0434476
2	0.0434672
2.005	0.0434869
2.01	0.0435064
2.015	0.0435258
2.02	0.0435452
2.025	0.0435645
2.03	0.0435838
2.035	0.0436029
2.04	0.043622
2.045	0.043641
2.05	0.04366
2.055	0.0436788
2.06	0.0436976
2.065	0.0437164
2.07	0.043735
2.075	0.0437536
2.08	0.0437721
2.085	0.0437906
2.09	0.043809
2.095	0.0438273
2.1	0.0438456
2.105	0.0438638
2.11	0.0438819
2.115	0.0439
2.12	0.043918
2.125	0.043936
2.13	0.0439538
2.135	0.0439717
2.14	0.0439894
2.145	0.0440071
2.15	0.0440248
2.155	0.0440423
2.16	0.0440598
2.165	0.0440773
2.17	0.0440947
2.175	0.044112
2.18	0.0441293
2.185	0.0441465
2.19	0.0441636
2.195	0.0441807
2.2	0.0441977
2.205	0.0442146
2.21	0.0442315
2.215	0.0442483
2.22	0.0442651
2.225	0.0442818
2.23	0.0442984
2.235	0.044315
2.24	0.0443315
2.245	0.044348
2.25	0.0443644
2.255	0.0443807
2.26	0.044397
2.265	0.0444132
2.27	0.0444294
2.275	0.0444455
2.28	0.0444615
2.285	0.0444775
2.29	0.0444934
2.295	0.0445093
2.3	0.0445251
2.305	0.0445409
2.31	0.0445566
2.315	0.0445722
2.32	0.0445878
2.325	0.0446033
2.33	0.0446188
2.335	0.0446342
2.34	0.0446496
2.345	0.0446649
2.35	0.0446801
2.355	0.0446953
2.36	0.0447104
2.365	0.0447255
2.37	0.0447405
2.375	0.0447555
2.38	0.0447704
2.385	0.0447853
2.39	0.0448001
2.395	0.0448148
2.4	0.0448295
2.405	0.0448442
2.41	0.0448588
2.415	0.0448733
2.42	0.0448878
2.425	0.0449023
2.43	0.0449167
2.435	0.044931
2.44	0.0449453
2.445	0.0449595
2.45	0.0449737
2.455	0.0449879
2.46	0.045002
2.465	0.045016
2.47	0.04503
2.475	0.045044
2.48	0.0450579
2.485	0.0450717
2.49	0.0450855
2.495	0.0450992
2.5	0.0451129
2.505	0.0451266
2.51	0.0451402
2.515	0.0451537
2.52	0.0451672
2.525	0.0451806
2.53	0.045194
2.535	0.0452074
2.54	0.0452207
2.545	0.0452339
2.55	0.0452471
2.555	0.0452603
2.56	0.0452734
2.565	0.0452865
2.57	0.0452995
2.575	0.0453125
2.58	0.0453254
2.585	0.0453383
2.59	0.0453511
2.595	0.0453639
2.6	0.0453767
2.605	0.0453894
2.61	0.045402
2.615	0.0454146
2.62	0.0454272
2.625	0.0454397
2.63	0.0454522
2.635	0.0454646
2.64	0.045477
2.645	0.0454894
2.65	0.0455017
2.655	0.045514
2.66	0.0455262
2.665	0.0455384
2.67	0.0455505
2.675	0.0455626
2.68	0.0455747
2.685	0.0455867
2.69	0.0455986
2.695	0.0456105
2.7	0.0456224
2.705	0.0456343
2.71	0.0456461
2.715	0.0456578
2.72	0.0456695
2.725	0.0456812
2.73	0.0456928
2.735	0.0457044
2.74	0.0457159
2.745	0.0457274
2.75	0.0457389
2.755	0.0457503
2.76	0.0457617
2.765	0.045773
2.77	0.0457843
2.775	0.0457956
2.78	0.0458068
2.785	0.045818
2.79	0.0458292
2.795	0.0458403
2.8	0.0458513
2.805	0.0458624
2.81	0.0458734
2.815	0.0458843
2.82	0.0458952
2.825	0.0459061
2.83	0.0459169
2.835	0.0459277
2.84	0.0459385
2.845	0.0459492
2.85	0.0459599
2.855	0.0459705
2.86	0.0459811
2.865	0.0459917
2.87	0.0460022
2.875	0.0460127
2.88	0.0460232
2.885	0.0460336
2.89	0.046044
2.895	0.0460543
2.9	0.0460646
2.905	0.0460749
2.91	0.0460851
2.915	0.0460953
2.92	0.0461055
2.925	0.0461156
2.93	0.0461257
2.935	0.0461357
2.94	0.0461457
2.945	0.0461557
2.95	0.0461657
2.955	0.0461756
2.96	0.0461854
2.965	0.0461953
2.97	0.0462051
2.975	0.0462148
2.98	0.0462246
2.985	0.0462343
2.99	0.0462439
2.995	0.0462535
3	0.0462631
3.005	0.0462727
3.01	0.0462822
3.015	0.0462917
3.02	0.0463012
3.025	0.0463106
3.03	0.04632
3.035	0.0463293
3.04	0.0463386
3.045	0.0463479
3.05	0.0463572
3.055	0.0463664
3.06	0.0463756
3.065	0.0463847
3.07	0.0463938
3.075	0.0464029
3.08	0.046412
3.085	0.046421
3.09	0.04643
3.095	0.0464389
3.1	0.0464479
3.105	0.0464567
3.11	0.0464656
3.115	0.0464744
3.12	0.0464832
3.125	0.046492
3.13	0.0465007
3.135	0.0465094
3.14	0.0465181
3.145	0.0465267
3.15	0.0465353
3.155	0.0465439
3.16	0.0465525
3.165	0.046561
3.17	0.0465694
3.175	0.0465779
3.18	0.0465863
3.185	0.0465947
3.19	0.0466031
3.195	0.0466114
3.2	0.0466197
3.205	0.046628
3.21	0.0466362
3.215	0.0466444
3.22	0.0466526
3.225	0.0466608
3.23	0.0466689
3.235	0.046677
3.24	0.0466851
3.245	0.0466931
3.25	0.0467011
3.255	0.0467091
3.26	0.046717
3.265	0.0467249
3.27	0.0467328
3.275	0.0467407
3.28	0.0467485
3.285	0.0467564
3.29	0.0467641
3.295	0.0467719
3.3	0.0467796
3.305	0.0467873
3.31	0.046795
3.315	0.0468026
3.32	0.0468102
3.325	0.0468178
3.33	0.0468254
3.335	0.0468329
3.34	0.0468404
3.345	0.0468479
3.35	0.0468554
3.355	0.0468628
3.36	0.0468702
3.365	0.0468776
3.37	0.0468849
3.375	0.0468923
3.38	0.0468996
3.385	0.0469068
3.39	0.0469141
3.395	0.0469213
3.4	0.0469285
3.405	0.0469357
3.41	0.0469428
3.415	0.0469499
3.42	0.046957
3.425	0.0469641
3.43	0.0469711
3.435	0.0469782
3.44	0.0469852
3.445	0.0469921
3.45	0.0469991
3.455	0.047006
3.46	0.0470129
3.465	0.0470197
3.47	0.0470266
3.475	0.0470334
3.48	0.0470402
3.485	0.0470469
3.49	0.0470537
3.495	0.0470604
3.5	0.0470671
3.505	0.0470737
3.51	0.0470804
3.515	0.047087
3.52	0.0470936
3.525	0.0471002
3.53	0.0471067
3.535	0.0471132
3.54	0.0471197
3.545	0.0471262
3.55	0.0471327
3.555	0.0471391
3.56	0.0471455
3.565	0.0471519
3.57	0.0471582
3.575	0.0471646
3.58	0.0471709
3.585	0.0471772
3.59	0.0471834
3.595	0.0471897
3.6	0.0471959
3.605	0.0472021
3.61	0.0472083
3.615	0.0472144
3.62	0.0472206
3.625	0.0472267
3.63	0.0472328
3.635	0.0472389
3.64	0.0472449
3.645	0.0472509
3.65	0.0472569
3.655	0.0472629
3.66	0.0472689
3.665	0.0472748
3.67	0.0472807
3.675	0.0472866
3.68	0.0472925
3.685	0.0472984
3.69	0.0473042
3.695	0.04731
3.7	0.0473158
3.705	0.0473216
3.71	0.0473273
3.715	0.047333
3.72	0.0473387
3.725	0.0473444
3.73	0.0473501
3.735	0.0473557
3.74	0.0473614
3.745	0.047367
3.75	0.0473726
3.755	0.0473781
3.76	0.0473837
3.765	0.0473892
3.77	0.0473947
3.775	0.0474002
3.78	0.0474056
3.785	0.0474111
3.79	0.0474165
3.795	0.0474219
3.8	0.0474273
3.805	0.0474327
3.81	0.047438
3.815	0.0474434
3.82	0.0474487
3.825	0.0474539
3.83	0.0474592
3.835	0.0474645
3.84	0.0474697
3.845	0.0474749
3.85	0.0474801
3.855	0.0474853
3.86	0.0474904
3.865	0.0474956
3.87	0.0475007
3.875	0.0475058
3.88	0.0475109
3.885	0.0475159
3.89	0.047521
3.895	0.047526
3.9	0.047531
3.905	0.047536
3.91	0.047541
3.915	0.0475459
3.92	0.0475509
3.925	0.0475558
3.93	0.0475607
3.935	0.0475655
3.94	0.0475704
3.945	0.0475752
3.95	0.0475801
3.955	0.0475849
3.96	0.0475897
3.965	0.0475945
3.97	0.0475992
3.975	0.0476039
3.98	0.0476087
3.985	0.0476134
3.99	0.0476181
3.995	0.0476227
4	0.0476274
4.005	0.047632
4.01	0.0476366
4.015	0.0476412
4.02	0.0476458
4.025	0.0476504
4.03	0.047655
4.035	0.0476595
4.04	0.047664
4.045	0.0476685
4.05	0.047673
4.055	0.0476775
4.06	0.0476819
4.065	0.0476864
4.07	0.0476908
4.075	0.0476952
4.08	0.0476996
4.085	0.0477039
4.09	0.0477083
4.095	0.0477126
4.1	0.047717
4.105	0.0477213
4.11	0.0477256
4.115	0.0477298
4.12	0.0477341
4.125	0.0477383
4.13	0.0477426
4.135	0.0477468
4.14	0.047751
4.145	0.0477552
4.15	0.0477593
4.155	0.0477635
4.16	0.0477676
4.165	0.0477717
4.17	0.0477758
4.175	0.0477799
4.18	0.047784
4.185	0.0477881
4.19	0.0477921
4.195	0.0477962
4.2	0.0478002
4.205	0.0478042
4.21	0.0478082
4.215	0.0478121
4.22	0.0478161
4.225	0.04782
4.23	0.047824
4.235	0.0478279
4.24	0.0478318
4.245	0.0478357
4.25	0.0478395
4.255	0.0478434
4.26	0.0478473
4.265	0.0478511
4.27	0.0478549
4.275	0.0478587
4.28	0.0478625
4.285	0.0478663
4.29	0.04787
4.295	0.0478738
4.3	0.0478775
4.305	0.0478812
4.31	0.0478849
4.315	0.0478886
4.32	0.0478923
4.325	0.047896
4.33	0.0478996
4.335	0.0479033
4.34	0.0479069
4.345	0.0479105
4.35	0.0479141
4.355	0.0479177
4.36	0.0479213
4.365	0.0479248
4.37	0.0479284
4.375	0.0479319
4.38	0.0479354
4.385	0.0479389
4.39	0.0479424
4.395	0.0479459
4.4	0.0479494
4.405	0.0479528
4.41	0.0479563
4.415	0.0479597
4.42	0.0479631
4.425	0.0479665
4.43	0.0479699
4.435	0.0479733
4.44	0.0479767
4.445	0.04798
4.45	0.0479834
4.455	0.0479867
4.46	0.04799
4.465	0.0479933
4.47	0.0479966
4.475	0.0479999
4.48	0.0480032
4.485	0.0480064
4.49	0.0480097
4.495	0.0480129
4.5	0.0480161
4.505	0.0480193
4.51	0.0480225
4.515	0.0480257
4.52	0.0480289
4.525	0.0480321
4.53	0.0480352
4.535	0.0480384
4.54	0.0480415
4.545	0.0480446
4.55	0.0480477
4.555	0.0480508
4.56	0.0480539
4.565	0.048057
4.57	0.04806
4.575	0.0480631
4.58	0.0480661
4.585	0.0480691
4.59	0.0480721
4.595	0.0480751
4.6	0.0480781
4.605	0.0480811
4.61	0.0480841
4.615	0.048087
4.62	0.04809
4.625	0.0480929
4.63	0.0480959
4.635	0.0480988
4.64	0.0481017
4.645	0.0481046
4.65	0.0481075
4.655	0.0481103
4.66	0.0481132
4.665	0.048116
4.67	0.0481189
4.675	0.0481217
4.68	0.0481245
4.685	0.0481273
4.69	0.0481301
4.695	0.0481329
4.7	0.0481357
4.705	0.0481385
4.71	0.0481412
4.715	0.048144
4.72	0.0481467
4.725	0.0481494
4.73	0.0481522
4.735	0.0481549
4.74	0.0481576
4.745	0.0481602
4.75	0.0481629
4.755	0.0481656
4.76	0.0481683
4.765	0.0481709
4.77	0.0481735
4.775	0.0481762
4.78	0.0481788
4.785	0.0481814
4.79	0.048184
4.795	0.0481866
4.8	0.0481892
4.805	0.0481917
4.81	0.0481943
4.815	0.0481968
4.82	0.0481994
4.825	0.0482019
4.83	0.0482044
4.835	0.0482069
4.84	0.0482094
4.845	0.0482119
4.85	0.0482144
4.855	0.0482169
4.86	0.0482194
4.865	0.0482218
4.87	0.0482243
4.875	0.0482267
4.88	0.0482291
4.885	0.0482316
4.89	0.048234
4.895	0.0482364
4.9	0.0482388
4.905	0.0482412
4.91	0.0482435
4.915	0.0482459
4.92	0.0482483
4.925	0.0482506
4.93	0.0482529
4.935	0.0482553
4.94	0.0482576
4.945	0.0482599
4.95	0.0482622
4.955	0.0482645
4.96	0.0482668
4.965	0.0482691
4.97	0.0482714
4.975	0.0482736
4.98	0.0482759
4.985	0.0482781
4.99	0.0482804
4.995	0.0482826
5	0.0482848
5.005	0.048287
5.01	0.0482892
5.015	0.0482914
5.02	0.0482936
5.025	0.0482958
5.03	0.048298
5.035	0.0483001
5.04	0.0483023
5.045	0.0483044
5.05	0.0483066
5.055	0.0483087
5.06	0.0483108
5.065	0.048313
5.07	0.0483151
5.075	0.0483172
5.08	0.0483193
5.085	0.0483213
5.09	0.0483234
5.095	0.0483255
5.1	0.0483276
5.105	0.0483296
5.11	0.0483317
5.115	0.0483337
5.12	0.0483357
5.125	0.0483378
5.13	0.0483398
5.135	0.0483418
5.14	0.0483438
5.145	0.0483458
5.15	0.0483478
5.155	0.0483497
5.16	0.0483517
5.165	0.0483537
5.17	0.0483556
5.175	0.0483576
5.18	0.0483595
5.185	0.0483615
5.19	0.0483634
5.195	0.0483653
5.2	0.0483672
5.205	0.0483691
5.21	0.048371
5.215	0.0483729
5.22	0.0483748
5.225	0.0483767
5.23	0.0483786
5.235	0.0483804
5.24	0.0483823
5.245	0.0483842
5.25	0.048386
5.255	0.0483878
5.26	0.0483897
5.265	0.0483915
5.27	0.0483933
5.275	0.0483951
5.28	0.0483969
5.285	0.0483987
5.29	0.0484005
5.295	0.0484023
5.3	0.0484041
5.305	0.0484059
5.31	0.0484076
5.315	0.0484094
5.32	0.0484111
5.325	0.0484129
5.33	0.0484146
5.335	0.0484163
5.34	0.0484181
5.345	0.0484198
5.35	0.0484215
5.355	0.0484232
5.36	0.0484249
5.365	0.0484266
5.37	0.0484283
5.375	0.04843
5.38	0.0484316
5.385	0.0484333
5.39	0.048435
5.395	0.0484366
5.4	0.0484383
5.405	0.0484399
5.41	0.0484415
5.415	0.0484432
5.42	0.0484448
5.425	0.0484464
5.43	0.048448
5.435	0.0484496
5.44	0.0484512
5.445	0.0484528
5.45	0.0484544
5.455	0.048456
5.46	0.0484576
5.465	0.0484592
5.47	0.0484607
5.475	0.0484623
5.48	0.0484638
5.485	0.0484654
5.49	0.0484669
5.495	0.0484685
5.5	0.04847
5.505	0.0484715
5.51	0.048473
5.515	0.0484745
5.52	0.048476
5.525	0.0484776
5.53	0.048479
5.535	0.0484805
5.54	0.048482
5.545	0.0484835
5.55	0.048485
5.555	0.0484864
5.56	0.0484879
5.565	0.0484894
5.57	0.0484908
5.575	0.0484923
5.58	0.0484937
5.585	0.0484951
5.59	0.0484966
5.595	0.048498
5.6	0.0484994
5.605	0.0485008
5.61	0.0485022
5.615	0.0485036
5.62	0.048505
5.625	0.0485064
5.63	0.0485078
5.635	0.0485092
5.64	0.0485106
5.645	0.048512
5.65	0.0485133
5.655	0.0485147
5.66	0.048516
5.665	0.0485174
5.67	0.0485187
5.675	0.0485201
5.68	0.0485214
5.685	0.0485228
5.69	0.0485241
5.695	0.0485254
5.7	0.0485267
5.705	0.048528
5.71	0.0485293
5.715	0.0485306
5.72	0.0485319
5.725	0.0485332
5.73	0.0485345
5.735	0.0485358
5.74	0.0485371
5.745	0.0485384
5.75	0.0485396
5.755	0.0485409
5.76	0.0485422
5.765	0.0485434
5.77	0.0485447
5.775	0.0485459
5.78	0.0485471
5.785	0.0485484
5.79	0.0485496
5.795	0.0485508
5.8	0.0485521
5.805	0.0485533
5.81	0.0485545
5.815	0.0485557
5.82	0.0485569
5.825	0.0485581
5.83	0.0485593
5.835	0.0485605
5.84	0.0485617
5.845	0.0485629
5.85	0.048564
5.855	0.0485652
5.86	0.0485664
5.865	0.0485675
5.87	0.0485687
5.875	0.0485699
5.88	0.048571
5.885	0.0485722
5.89	0.0485733
5.895	0.0485744
5.9	0.0485756
5.905	0.0485767
5.91	0.0485778
5.915	0.048579
5.92	0.0485801
5.925	0.0485812
5.93	0.0485823
5.935	0.0485834
5.94	0.0485845
5.945	0.0485856
5.95	0.0485867
5.955	0.0485878
5.96	0.0485889
5.965	0.0485899
5.97	0.048591
5.975	0.0485921
5.98	0.0485932
5.985	0.0485942
5.99	0.0485953
5.995	0.0485963
6	0.0485974
6.005	0.0485984
6.01	0.0485995
6.015	0.0486005
6.02	0.0486016
6.025	0.0486026
6.03	0.0486036
6.035	0.0486047
6.04	0.0486057
6.045	0.0486067
6.05	0.0486077
6.055	0.0486087
6.06	0.0486097
6.065	0.0486107
6.07	0.0486117
6.075	0.0486127
6.08	0.0486137
6.085	0.0486147
6.09	0.0486157
6.095	0.0486167
6.1	0.0486176
6.105	0.0486186
6.11	0.0486196
6.115	0.0486205
6.12	0.0486215
6.125	0.0486225
6.13	0.0486234
6.135	0.0486244
6.14	0.0486253
6.145	0.0486263
6.15	0.0486272
6.155	0.0486281
6.16	0.0486291
6.165	0.04863
6.17	0.0486309
6.175	0.0486319
6.18	0.0486328
6.185	0.0486337
6.19	0.0486346
6.195	0.0486355
6.2	0.0486364
6.205	0.0486373
6.21	0.0486382
6.215	0.0486391
6.22	0.04864
6.225	0.0486409
6.23	0.0486418
6.235	0.0486427
6.24	0.0486435
6.245	0.0486444
6.25	0.0486453
6.255	0.0486462
6.26	0.048647
6.265	0.0486479
6.27	0.0486488
6.275	0.0486496
6.28	0.0486505
6.285	0.0486513
6.29	0.0486522
6.295	0.048653
6.3	0.0486538
6.305	0.0486547
6.31	0.0486555
6.315	0.0486563
6.32	0.0486572
6.325	0.048658
6.33	0.0486588
6.335	0.0486596
6.34	0.0486605
6.345	0.0486613
6.35	0.0486621
6.355	0.0486629
6.36	0.0486637
6.365	0.0486645
6.37	0.0486653
6.375	0.0486661
6.38	0.0486669
6.385	0.0486677
6.39	0.0486685
6.395	0.0486692
6.4	0.04867
6.405	0.0486708
6.41	0.0486716
6.415	0.0486723
6.42	0.0486731
6.425	0.0486739
6.43	0.0486746
6.435	0.0486754
6.44	0.0486762
6.445	0.0486769
6.45	0.0486777
6.455	0.0486784
6.46	0.0486792
6.465	0.0486799
6.47	0.0486806
6.475	0.0486814
6.48	0.0486821
6.485	0.0486828
6.49	0.0486836
6.495	0.0486843
6.5	0.048685
6.505	0.0486857
6.51	0.0486865
6.515	0.0486872
6.52	0.0486879
6.525	0.0486886
6.53	0.0486893
6.535	0.04869
6.54	0.0486907
6.545	0.0486914
6.55	0.0486921
6.555	0.0486928
6.56	0.0486935
6.565	0.0486942
6.57	0.0486949
6.575	0.0486956
6.58	0.0486963
6.585	0.0486969
6.59	0.0486976
6.595	0.0486983
6.6	0.048699
6.605	0.0486996
6.61	0.0487003
6.615	0.048701
6.62	0.0487016
6.625	0.0487023
6.63	0.0487029
6.635	0.0487036
6.64	0.0487042
6.645	0.0487049
6.65	0.0487055
6.655	0.0487062
6.66	0.0487068
6.665	0.0487075
6.67	0.0487081
6.675	0.0487087
6.68	0.0487094
6.685	0.04871
6.69	0.0487106
6.695	0.0487113
6.7	0.0487119
6.705	0.0487125
6.71	0.0487131
6.715	0.0487137
6.72	0.0487144
6.725	0.048715
6.73	0.0487156
6.735	0.0487162
6.74	0.0487168
6.745	0.0487174
6.75	0.048718
6.755	0.0487186
6.76	0.0487192
6.765	0.0487198
6.77	0.0487204
6.775	0.048721
6.78	0.0487216
6.785	0.0487221
6.79	0.0487227
6.795	0.0487233
6.8	0.0487239
6.805	0.0487245
6.81	0.048725
6.815	0.0487256
6.82	0.0487262
6.825	0.0487267
6.83	0.0487273
6.835	0.0487279
6.84	0.0487284
6.845	0.048729
6.85	0.0487296
6.855	0.0487301
6.86	0.0487307
6.865	0.0487312
6.87	0.0487318
6.875	0.0487323
6.88	0.0487329
6.885	0.0487334
6.89	0.0487339
6.895	0.0487345
6.9	0.048735
6.905	0.0487356
6.91	0.0487361
6.915	0.0487366
6.92	0.0487372
6.925	0.0487377
6.93	0.0487382
6.935	0.0487387
6.94	0.0487393
6.945	0.0487398
6.95	0.0487403
6.955	0.0487408
6.96	0.0487413
6.965	0.0487418
6.97	0.0487423
6.975	0.0487429
6.98	0.0487434
6.985	0.0487439
6.99	0.0487444
6.995	0.0487449
7	0.0487454
7.005	0.0487459
7.01	0.0487464
7.015	0.0487469
7.02	0.0487473
7.025	0.0487478
7.03	0.0487483
7.035	0.0487488
7.04	0.0487493
7.045	0.0487498
7.05	0.0487503
7.055	0.0487507
7.06	0.0487512
7.065	0.0487517
7.07	0.0487522
7.075	0.0487526
7.08	0.0487531
7.085	0.0487536
7.09	0.048754
7.095	0.0487545
7.1	0.048755
7.105	0.0487554
7.11	0.0487559
7.115	0.0487564
7.12	0.0487568
7.125	0.0487573
7.13	0.0487577
7.135	0.0487582
7.14	0.0487586
7.145	0.0487591
7.15	0.0487595
7.155	0.04876
7.16	0.0487604
7.165	0.0487608
7.17	0.0487613
7.175	0.0487617
7.18	0.0487622
7.185	0.0487626
7.19	0.048763
7.195	0.0487635
7.2	0.0487639
7.205	0.0487643
7.21	0.0487647
7.215	0.0487652
7.22	0.0487656
7.225	0.048766
7.23	0.0487664
7.235	0.0487669
7.24	0.0487673
7.245	0.0487677
7.25	0.0487681
7.255	0.0487685
7.26	0.0487689
7.265	0.0487693
7.27	0.0487697
7.275	0.0487702
7.28	0.0487706
7.285	0.048771
7.29	0.0487714
7.295	0.0487718
7.3	0.0487722
7.305	0.0487726
7.31	0.048773
7.315	0.0487734
7.32	0.0487738
7.325	0.0487741
7.33	0.0487745
7.335	0.0487749
7.34	0.0487753
7.345	0.0487757
7.35	0.0487761
7.355	0.0487765
7.36	0.0487769
7.365	0.0487772
7.37	0.0487776
7.375	0.048778
7.38	0.0487784
7.385	0.0487787
7.39	0.0487791
7.395	0.0487795
7.4	0.0487799
7.405	0.0487802
7.41	0.0487806
7.415	0.048781
7.42	0.0487813
7.425	0.0487817
7.43	0.0487821
7.435	0.0487824
7.44	0.0487828
7.445	0.0487831
7.45	0.0487835
7.455	0.0487839
7.46	0.0487842
7.465	0.0487846
7.47	0.0487849
7.475	0.0487853
7.48	0.0487856
7.485	0.048786
7.49	0.0487863
7.495	0.0487867
7.5	0.048787
7.505	0.0487873
7.51	0.0487877
7.515	0.048788
7.52	0.0487884
7.525	0.0487887
7.53	0.048789
7.535	0.0487894
7.54	0.0487897
7.545	0.04879
7.55	0.0487904
7.555	0.0487907
7.56	0.048791
7.565	0.0487914
7.57	0.0487917
7.575	0.048792
7.58	0.0487923
7.585	0.0487927
7.59	0.048793
7.595	0.0487933
7.6	0.0487936
7.605	0.0487939
7.61	0.0487943
7.615	0.0487946
7.62	0.0487949
7.625	0.0487952
7.63	0.0487955
7.635	0.0487958
7.64	0.0487961
7.645	0.0487965
7.65	0.0487968
7.655	0.0487971
7.66	0.0487974
7.665	0.0487977
7.67	0.048798
7.675	0.0487983
7.68	0.0487986
7.685	0.0487989
7.69	0.0487992
7.695	0.0487995
7.7	0.0487998
7.705	0.0488001
7.71	0.0488004
7.715	0.0488007
7.72	0.048801
7.725	0.0488013
7.73	0.0488015
7.735	0.0488018
7.74	0.0488021
7.745	0.0488024
7.75	0.0488027
7.755	0.048803
7.76	0.0488033
7.765	0.0488036
7.77	0.0488038
7.775	0.0488041
7.78	0.0488044
7.785	0.0488047
7.79	0.048805
7.795	0.0488052
7.8	0.0488055
7.805	0.0488058
7.81	0.0488061
7.815	0.0488063
7.82	0.0488066
7.825	0.0488069
7.83	0.0488071
7.835	0.0488074
7.84	0.0488077
7.845	0.048808
7.85	0.0488082
7.855	0.0488085
7.86	0.0488087
7.865	0.048809
7.87	0.0488093
7.875	0.0488095
7.88	0.0488098
7.885	0.0488101
7.89	0.0488103
7.895	0.0488106
7.9	0.0488108
7.905	0.0488111
7.91	0.0488113
7.915	0.0488116
7.92	0.0488118
7.925	0.0488121
7.93	0.0488123
7.935	0.0488126
7.94	0.0488128
7.945	0.0488131
7.95	0.0488133
7.955	0.0488136
7.96	0.0488138
7.965	0.0488141
7.97	0.0488143
7.975	0.0488146
7.98	0.0488148
7.985	0.048815
7.99	0.0488153
7.995	0.0488155
8	0.0488158
8.005	0.048816
8.01	0.0488162
8.015	0.0488165
8.02	0.0488167
8.025	0.0488169
8.03	0.0488172
8.035	0.0488174
8.04	0.0488176
8.045	0.0488179
8.05	0.0488181
8.055	0.0488183
8.06	0.0488186
8.065	0.0488188
8.07	0.048819
8.075	0.0488192
8.08	0.0488195
8.085	0.0488197
8.09	0.0488199
8.095	0.0488201
8.1	0.0488204
8.105	0.0488206
8.11	0.0488208
8.115	0.048821
8.12	0.0488212
8.125	0.0488214
8.13	0.0488217
8.135	0.0488219
8.14	0.0488221
8.145	0.0488223
8.15	0.0488225
8.155	0.0488227
8.16	0.0488229
8.165	0.0488232
8.17	0.0488234
8.175	0.0488236
8.18	0.0488238
8.185	0.048824
8.19	0.0488242
8.195	0.0488244
8.2	0.0488246
8.205	0.0488248
8.21	0.048825
8.215	0.0488252
8.22	0.0488254
8.225	0.0488256
8.23	0.0488258
8.235	0.048826
8.24	0.0488262
8.245	0.0488264
8.25	0.0488266
8.255	0.0488268
8.26	0.048827
8.265	0.0488272
8.27	0.0488274
8.275	0.0488276
8.28	0.0488278
8.285	0.048828
8.29	0.0488282
8.295	0.0488284
8.3	0.0488286
8.305	0.0488288
8.31	0.048829
8.315	0.0488291
8.32	0.0488293
8.325	0.0488295
8.33	0.0488297
8.335	0.0488299
8.34	0.0488301
8.345	0.0488303
8.35	0.0488304
8.355	0.0488306
8.36	0.0488308
8.365	0.048831
8.37	0.0488312
8.375	0.0488314
8.38	0.0488315
8.385	0.0488317
8.39	0.0488319
8.395	0.0488321
8.4	0.0488323
8.405	0.0488324
8.41	0.0488326
8.415	0.0488328
8.42	0.048833
8.425	0.0488331
8.43	0.0488333
8.435	0.0488335
8.44	0.0488337
8.445	0.0488338
8.45	0.048834
8.455	0.0488342
8.46	0.0488343
8.465	0.0488345
8.47	0.0488347
8.475	0.0488348
8.48	0.048835
8.485	0.0488352
8.49	0.0488353
8.495	0.0488355
8.5	0.0488357
8.505	0.0488358
8.51	0.048836
8.515	0.0488362
8.52	0.0488363
8.525	0.0488365
8.53	0.0488367
8.535	0.0488368
8.54	0.048837
8.545	0.0488371
8.55	0.0488373
8.555	0.0488374
8.56	0.0488376
8.565	0.0488378
8.57	0.0488379
8.575	0.0488381
8.58	0.0488382
8.585	0.0488384
8.59	0.0488385
8.595	0.0488387
8.6	0.0488389
8.605	0.048839
8.61	0.0488392
8.615	0.0488393
8.62	0.0488395
8.625	0.0488396
8.63	0.0488398
8.635	0.0488399
8.64	0.0488401
8.645	0.0488402
8.65	0.0488404
8.655	0.0488405
8.66	0.0488406
8.665	0.0488408
8.67	0.0488409
8.675	0.0488411
8.68	0.0488412
8.685	0.0488414
8.69	0.0488415
8.695	0.0488417
8.7	0.0488418
8.705	0.0488419
8.71	0.0488421
8.715	0.0488422
8.72	0.0488424
8.725	0.0488425
8.73	0.0488426
8.735	0.0488428
8.74	0.0488429
8.745	0.0488431
8.75	0.0488432
8.755	0.0488433
8.76	0.0488435
8.765	0.0488436
8.77	0.0488437
8.775	0.0488439
8.78	0.048844
8.785	0.0488442
8.79	0.0488443
8.795	0.0488444
8.8	0.0488445
8.805	0.0488447
8.81	0.0488448
8.815	0.0488449
8.82	0.0488451
8.825	0.0488452
8.83	0.0488453
8.835	0.0488455
8.84	0.0488456
8.845	0.0488457
8.85	0.0488458
8.855	0.048846
8.86	0.0488461
8.865	0.0488462
8.87	0.0488464
8.875	0.0488465
8.88	0.0488466
8.885	0.0488467
8.89	0.0488469
8.895	0.048847
8.9	0.0488471
8.905	0.0488472
8.91	0.0488473
8.915	0.0488475
8.92	0.0488476
8.925	0.0488477
8.93	0.0488478
8.935	0.0488479
8.94	0.0488481
8.945	0.0488482
8.95	0.0488483
8.955	0.0488484
8.96	0.0488485
8.965	0.0488487
8.97	0.0488488
8.975	0.0488489
8.98	0.048849
8.985	0.0488491
8.99	0.0488492
8.995	0.0488494
9	0.0488495
9.005	0.0488496
9.01	0.0488497
9.015	0.0488498
9.02	0.0488499
9.025	0.04885
9.03	0.0488501
9.035	0.0488503
9.04	0.0488504
9.045	0.0488505
9.05	0.0488506
9.055	0.0488507
9.06	0.0488508
9.065	0.0488509
9.07	0.048851
9.075	0.0488511
9.08	0.0488512
9.085	0.0488514
9.09	0.0488515
9.095	0.0488516
9.1	0.0488517
9.105	0.0488518
9.11	0.0488519
9.115	0.048852
9.12	0.0488521
9.125	0.0488522
9.13	0.0488523
9.135	0.0488524
9.14	0.0488525
9.145	0.0488526
9.15	0.0488527
9.155	0.0488528
9.16	0.0488529
9.165	0.048853
9.17	0.0488531
9.175	0.0488532
9.18	0.0488533
9.185	0.0488534
9.19	0.0488535
9.195	0.0488536
9.2	0.0488537
9.205	0.0488538
9.21	0.0488539
9.215	0.048854
9.22	0.0488541
9.225	0.0488542
9.23	0.0488543
9.235	0.0488544
9.24	0.0488545
9.245	0.0488546
9.25	0.0488547
9.255	0.0488548
9.26	0.0488549
9.265	0.048855
9.27	0.0488551
9.275	0.0488552
9.28	0.0488553
9.285	0.0488553
9.29	0.0488554
9.295	0.0488555
9.3	0.0488556
9.305	0.0488557
9.31	0.0488558
9.315	0.0488559
9.32	0.048856
9.325	0.0488561
9.33	0.0488562
9.335	0.0488563
9.34	0.0488563
9.345	0.0488564
9.35	0.0488565
9.355	0.0488566
9.36	0.0488567
9.365	0.0488568
9.37	0.0488569
9.375	0.048857
9.38	0.0488571
9.385	0.0488571
9.39	0.0488572
9.395	0.0488573
9.4	0.0488574
9.405	0.0488575
9.41	0.0488576
9.415	0.0488577
9.42	0.0488577
9.425	0.0488578
9.43	0.0488579
9.435	0.048858
9.44	0.0488581
9.445	0.0488582
9.45	0.0488582
9.455	0.0488583
9.46	0.0488584
9.465	0.0488585
9.47	0.0488586
9.475	0.0488586
9.48	0.0488587
9.485	0.0488588
9.49	0.0488589
9.495	0.048859
9.5	0.048859
9.505	0.0488591
9.51	0.0488592
9.515	0.0488593
9.52	0.0488594
9.525	0.0488594
9.53	0.0488595
9.535	0.0488596
9.54	0.0488597
9.545	0.0488597
9.55	0.0488598
9.555	0.0488599
9.56	0.04886
9.565	0.04886
9.57	0.0488601
9.575	0.0488602
9.58	0.0488603
9.585	0.0488603
9.59	0.0488604
9.595	0.0488605
9.6	0.0488606
9.605	0.0488606
9.61	0.0488607
9.615	0.0488608
9.62	0.0488609
9.625	0.0488609
9.63	0.048861
9.635	0.0488611
9.64	0.0488611
9.645	0.0488612
9.65	0.0488613
9.655	0.0488614
9.66	0.0488614
9.665	0.0488615
9.67	0.0488616
9.675	0.0488616
9.68	0.0488617
9.685	0.0488618
9.69	0.0488619
9.695	0.0488619
9.7	0.048862
9.705	0.0488621
9.71	0.0488621
9.715	0.0488622
9.72	0.0488623
9.725	0.0488623
9.73	0.0488624
9.735	0.0488625
9.74	0.0488625
9.745	0.0488626
9.75	0.0488627
9.755	0.0488627
9.76	0.0488628
9.765	0.0488629
9.77	0.0488629
9.775	0.048863
9.78	0.0488631
9.785	0.0488631
9.79	0.0488632
9.795	0.0488632
9.8	0.0488633
9.805	0.0488634
9.81	0.0488634
9.815	0.0488635
9.82	0.0488636
9.825	0.0488636
9.83	0.0488637
9.835	0.0488637
9.84	0.0488638
9.845	0.0488639
9.85	0.0488639
9.855	0.048864
9.86	0.0488641
9.865	0.0488641
9.87	0.0488642
9.875	0.0488642
9.88	0.0488643
9.885	0.0488644
9.89	0.0488644
9.895	0.0488645
9.9	0.0488645
9.905	0.0488646
9.91	0.0488647
9.915	0.0488647
9.92	0.0488648
9.925	0.0488648
9.93	0.0488649
9.935	0.0488649
9.94	0.048865
9.945	0.0488651
9.95	0.0488651
9.955	0.0488652
9.96	0.0488652
9.965	0.0488653
9.97	0.0488653
9.975	0.0488654
9.98	0.0488655
9.985	0.0488655
9.99	0.0488656
9.995	0.0488656
