0.005	0.87
0.01	1.52
0.015	2.15
0.02	2.72
0.025	3.31
0.03	3.88
0.035	4.41
0.04	5.07
0.045	5.69
0.05	6.32
0.055	6.99
0.06	7.69
0.065	8.21
0.07	8.61
0.075	9.13
0.08	9.58
0.085	10.04
0.09	10.45
0.095	11.18
0.1	11.5
0.105	12.05
0.11	12.42
0.115	12.94
0.12	13.45
0.125	14.07
0.13	14.53
0.135	15.18
0.14	15.55
0.145	16.08
0.15	16.47
0.155	17.22
0.16	17.68
0.165	18.31
0.17	18.74
0.175	19.29
0.18	19.68
0.185	20.26
0.19	20.67
0.195	21.2
0.2	21.61
0.205	22.3
0.21	22.78
0.215	23.3
0.22	23.74
0.225	24.29
0.23	24.75
0.235	25.33
0.24	25.68
0.245	26.25
0.25	26.63
0.255	27.28
0.26	27.79
0.265	28.47
0.27	29.05
0.275	29.77
0.28	30.26
0.285	30.79
0.29	31.23
0.295	31.83
0.3	32.25
0.305	32.78
0.31	33.18
0.315	33.63
0.32	34.15
0.325	34.69
0.33	35.1
0.335	35.76
0.34	36.2
0.345	36.79
0.35	37.41
0.355	38
0.36	38.52
0.365	38.94
0.37	39.32
0.375	39.97
0.38	40.41
0.385	40.84
0.39	41.42
0.395	41.78
0.4	42.19
0.405	42.75
0.41	43.19
0.415	43.62
0.42	44.34
0.425	44.74
0.43	45.14
0.435	45.68
0.44	46.05
0.445	46.48
0.45	47.02
0.455	47.46
0.46	47.83
0.465	48.37
0.47	48.73
0.475	49.16
0.48	49.81
0.485	50.33
0.49	50.78
0.495	51.31
0.5	51.92
0.505	52.27
0.51	52.68
0.515	53.18
0.52	53.83
0.525	54.23
0.53	54.66
0.535	55.16
0.54	55.81
0.545	56.22
0.55	56.63
0.555	57.26
0.56	57.8
0.565	58.21
0.57	58.64
0.575	59.02
0.58	59.64
0.585	60.02
0.59	60.42
0.595	60.88
0.6	61.42
0.605	61.86
0.61	62.31
0.615	62.74
0.62	63.42
0.625	63.79
0.63	64.22
0.635	64.66
0.64	65.07
0.645	65.64
0.65	66.14
0.655	66.59
0.66	67.1
0.665	67.54
0.67	68.39
0.675	68.8
0.68	69.26
0.685	69.7
0.69	70.16
0.695	70.81
0.7	71.23
0.705	71.69
0.71	72.19
0.715	72.7
0.72	73.32
0.725	73.72
0.73	74.13
0.735	74.6
0.74	75.07
0.745	75.69
0.75	76.17
0.755	76.6
0.76	77.08
0.765	77.52
0.77	78.12
0.775	78.65
0.78	79.2
0.785	79.77
0.79	80.24
0.795	80.59
0.8	81.24
0.805	81.75
0.81	82.14
0.815	82.74
0.82	83.15
0.825	83.58
0.83	84.08
0.835	84.5
0.84	84.87
0.845	85.27
0.85	85.72
0.855	86.13
0.86	86.73
0.865	87.19
0.87	87.63
0.875	88.02
0.88	88.49
0.885	88.89
0.89	89.47
0.895	89.88
0.9	90.47
0.905	90.98
0.91	91.39
0.915	91.86
0.92	92.49
0.925	92.91
0.93	93.32
0.935	93.79
0.94	94.18
0.945	94.6
0.95	95.17
0.955	95.61
0.96	95.98
0.965	96.32
0.97	96.7
0.975	97.12
0.98	97.5
0.985	98.13
0.99	98.45
0.995	98.86
1	99.25
1.005	99.69
1.01	100.17
1.015	100.57
1.02	101.12
1.025	101.52
1.03	101.95
1.035	102.34
1.04	102.82
1.045	103.19
1.05	103.57
1.055	104.17
1.06	104.62
1.065	105.07
1.07	105.54
1.075	105.91
1.08	106.35
1.085	106.8
1.09	107.29
1.095	107.73
1.1	108.04
1.105	108.37
1.11	108.75
1.115	109.13
1.12	109.57
1.125	110
1.13	110.48
1.135	110.91
1.14	111.26
1.145	111.57
1.15	111.89
1.155	112.28
1.16	112.66
1.165	113.07
1.17	113.66
1.175	114.05
1.18	114.5
1.185	114.91
1.19	115.35
1.195	115.72
1.2	116.1
1.205	116.54
1.21	117.09
1.215	117.45
1.22	117.81
1.225	118.13
1.23	118.5
1.235	118.95
1.24	119.34
1.245	119.73
1.25	120.4
1.255	120.77
1.26	121.19
1.265	121.58
1.27	121.98
1.275	122.38
1.28	122.75
1.285	123.2
1.29	123.77
1.295	124.15
1.3	124.58
1.305	124.94
1.31	125.4
1.315	125.78
1.32	126.21
1.325	126.63
1.33	127.11
1.335	127.63
1.34	128.03
1.345	128.35
1.35	128.77
1.355	129.18
1.36	129.56
1.365	130.06
1.37	130.5
1.375	130.9
1.38	131.77
1.385	132.41
1.39	132.87
1.395	133.34
1.4	133.81
1.405	134.26
1.41	134.69
1.415	135.08
1.42	135.57
1.425	136.25
1.43	136.58
1.435	137
1.44	137.37
1.445	137.7
1.45	138.12
1.455	138.54
1.46	139.03
1.465	139.41
1.47	140.15
1.475	140.75
1.48	141.18
1.485	141.61
1.49	141.96
1.495	142.41
1.5	142.81
1.505	143.27
1.51	143.68
1.515	144.16
1.52	144.72
1.525	145.1
1.53	145.57
1.535	145.9
1.54	146.39
1.545	146.72
1.55	147.15
1.555	147.53
1.56	147.9
1.565	148.36
1.57	148.91
1.575	149.24
1.58	149.64
1.585	150.04
1.59	150.4
1.595	150.84
1.6	151.23
1.605	151.68
1.61	152.12
1.615	152.53
1.62	153.07
1.625	153.42
1.63	153.82
1.635	154.19
1.64	154.59
1.645	155.01
1.65	155.33
1.655	155.77
1.66	156.17
1.665	156.55
1.67	157.15
1.675	157.56
1.68	157.96
1.685	158.4
1.69	158.79
1.695	159.25
1.7	159.66
1.705	160.11
1.71	160.56
1.715	160.97
1.72	161.56
1.725	161.89
1.73	162.26
1.735	162.66
1.74	163.04
1.745	163.48
1.75	163.83
1.755	164.28
1.76	164.6
1.765	165.02
1.77	165.73
1.775	166.05
1.78	166.52
1.785	166.86
1.79	167.32
1.795	167.73
1.8	168.15
1.805	168.5
1.81	168.92
1.815	169.34
1.82	169.8
1.825	170.2
1.83	170.56
1.835	171.03
1.84	171.39
1.845	171.75
1.85	172.12
1.855	172.48
1.86	172.81
1.865	173.2
1.87	173.7
1.875	174.08
1.88	174.46
1.885	174.89
1.89	175.25
1.895	175.71
1.9	176.23
1.905	176.68
1.91	177.01
1.915	177.39
1.92	177.82
1.925	178.38
1.93	178.73
1.935	179.15
1.94	179.59
1.945	179.94
1.95	180.42
1.955	180.8
1.96	181.18
1.965	181.59
1.97	181.93
1.975	182.21
1.98	182.54
1.985	183.04
1.99	183.38
1.995	183.8
2	184.18
2.005	184.55
2.01	184.93
2.015	185.25
2.02	185.55
2.025	185.9
2.03	186.29
2.035	186.6
2.04	186.93
2.045	187.28
2.05	187.69
2.055	188.18
2.06	188.56
2.065	188.9
2.07	189.24
2.075	189.59
2.08	189.91
2.085	190.29
2.09	190.67
2.095	190.99
2.1	191.3
2.105	191.68
2.11	192.07
2.115	192.4
2.12	192.7
2.125	192.99
2.13	193.52
2.135	193.85
2.14	194.27
2.145	194.62
2.15	195.09
2.155	195.44
2.16	195.82
2.165	196.24
2.17	196.56
2.175	196.85
2.18	197.13
2.185	197.48
2.19	197.87
2.195	198.22
2.2	198.53
2.205	198.89
2.21	199.5
2.215	199.88
2.22	200.19
2.225	200.5
2.23	200.86
2.235	201.25
2.24	201.67
2.245	202.13
2.25	202.47
2.255	202.82
2.26	203.22
2.265	203.56
2.27	203.94
2.275	204.29
2.28	204.67
2.285	204.97
2.29	205.26
2.295	205.74
2.3	206.28
2.305	206.64
2.31	206.94
2.315	207.29
2.32	207.65
2.325	208.05
2.33	208.35
2.335	208.71
2.34	209.11
2.345	209.45
2.35	209.74
2.355	210.1
2.36	210.58
2.365	211.05
2.37	211.6
2.375	212.21
2.38	212.87
2.385	213.18
2.39	213.53
2.395	213.92
2.4	214.27
2.405	214.61
2.41	215.04
2.415	215.41
2.42	215.85
2.425	216.2
2.43	216.61
2.435	216.97
2.44	217.36
2.445	217.7
2.45	218.07
2.455	218.46
2.46	218.76
2.465	219.24
2.47	219.58
2.475	219.96
2.48	220.28
2.485	220.64
2.49	220.94
2.495	221.26
2.5	221.74
2.505	222.05
2.51	222.35
2.515	222.7
2.52	223.12
2.525	223.47
2.53	223.87
2.535	224.26
2.54	224.56
2.545	224.86
2.55	225.37
2.555	225.69
2.56	226.06
2.565	226.41
2.57	226.71
2.575	227.01
2.58	227.41
2.585	227.79
2.59	228.15
2.595	228.51
2.6	228.9
2.605	229.21
2.61	229.51
2.615	229.87
2.62	230.25
2.625	230.59
2.63	231
2.635	231.48
2.64	231.87
2.645	232.24
2.65	232.61
2.655	233.05
2.66	233.42
2.665	233.88
2.67	234.36
2.675	234.78
2.68	235.17
2.685	235.65
2.69	236.05
2.695	236.48
2.7	236.82
2.705	237.19
2.71	237.62
2.715	238
2.72	238.81
2.725	239.24
2.73	239.65
2.735	240.07
2.74	240.41
2.745	240.76
2.75	241.12
2.755	241.63
2.76	241.95
2.765	242.25
2.77	242.57
2.775	242.9
2.78	243.32
2.785	243.66
2.79	244
2.795	244.39
2.8	244.75
2.805	245.1
2.81	245.63
2.815	245.95
2.82	246.28
2.825	246.68
2.83	247
2.835	247.32
2.84	247.67
2.845	247.99
2.85	248.31
2.855	248.63
2.86	249.08
2.865	249.52
2.87	249.98
2.875	250.39
2.88	250.71
2.885	251.04
2.89	251.38
2.895	251.78
2.9	252.42
2.905	252.75
2.91	253.12
2.915	253.44
2.92	253.8
2.925	254.2
2.93	254.55
2.935	254.87
2.94	255.23
2.945	255.61
2.95	255.98
2.955	256.41
2.96	256.97
2.965	257.5
2.97	257.96
2.975	258.54
2.98	259.1
2.985	259.64
2.99	260.37
2.995	260.91
3	261.31
3.005	261.75
3.01	262.09
3.015	262.51
3.02	262.85
3.025	263.25
3.03	263.62
3.035	263.91
3.04	264.21
3.045	264.6
3.05	265.02
3.055	265.43
3.06	265.95
3.065	266.34
3.07	266.7
3.075	267.08
3.08	267.46
3.085	267.96
3.09	268.3
3.095	268.58
3.1	268.88
3.105	269.4
3.11	269.68
3.115	270.12
3.12	270.45
3.125	270.76
3.13	271.09
3.135	271.48
3.14	271.85
3.145	272.25
3.15	272.65
3.155	272.96
3.16	273.49
3.165	274.01
3.17	274.35
3.175	274.85
3.18	275.32
3.185	276.08
3.19	276.59
3.195	277.02
3.2	277.4
3.205	277.73
3.21	278.17
3.215	278.52
3.22	278.93
3.225	279.3
3.23	279.6
3.235	279.91
3.24	280.23
3.245	280.6
3.25	280.91
3.255	281.21
3.26	281.49
3.265	281.82
3.27	282.2
3.275	282.56
3.28	283.01
3.285	283.41
3.29	283.93
3.295	284.29
3.3	284.69
3.305	284.99
3.31	285.28
3.315	285.57
3.32	285.95
3.325	286.31
3.33	286.62
3.335	286.9
3.34	287.23
3.345	287.59
3.35	287.93
3.355	288.26
3.36	288.68
3.365	289.1
3.37	289.56
3.375	289.94
3.38	290.36
3.385	290.71
3.39	291.01
3.395	291.5
3.4	291.82
3.405	292.12
3.41	292.49
3.415	292.86
3.42	293.19
3.425	293.48
3.43	293.77
3.435	294.09
3.44	294.5
3.445	294.81
3.45	295.22
3.455	295.62
3.46	295.95
3.465	296.29
3.47	296.61
3.475	296.97
3.48	297.28
3.485	297.72
3.49	298.07
3.495	298.38
3.5	298.67
3.505	299.18
3.51	299.5
3.515	299.85
3.52	300.21
3.525	300.51
3.53	300.86
3.535	301.19
3.54	301.52
3.545	301.86
3.55	302.2
3.555	302.61
3.56	302.9
3.565	303.2
3.57	303.52
3.575	303.88
3.58	304.22
3.585	304.54
3.59	304.9
3.595	305.28
3.6	305.58
3.605	305.88
3.61	306.23
3.615	306.59
3.62	307.1
3.625	307.46
3.63	307.79
3.635	308.1
3.64	308.45
3.645	308.8
3.65	309.11
3.655	309.43
3.66	309.81
3.665	310.19
3.67	310.48
3.675	310.81
3.68	311.18
3.685	311.53
3.69	311.87
3.695	312.19
3.7	312.53
3.705	312.86
3.71	313.21
3.715	313.55
3.72	313.99
3.725	314.37
3.73	314.78
3.735	315.2
3.74	315.51
3.745	315.95
3.75	316.3
3.755	316.61
3.76	316.92
3.765	317.31
3.77	317.71
3.775	318.04
3.78	318.32
3.785	318.68
3.79	319.03
3.795	319.35
3.8	319.69
3.805	320.04
3.81	320.44
3.815	320.78
3.82	321.18
3.825	321.53
3.83	321.86
3.835	322.16
3.84	322.47
3.845	322.86
3.85	323.19
3.855	323.66
3.86	324.08
3.865	324.62
3.87	325.08
3.875	325.57
3.88	325.88
3.885	326.25
3.89	326.61
3.895	326.92
3.9	327.2
3.905	327.5
3.91	327.91
3.915	328.28
3.92	328.59
3.925	328.91
3.93	329.27
3.935	329.58
3.94	329.95
3.945	330.3
3.95	330.75
3.955	331.08
3.96	331.42
3.965	331.8
3.97	332.12
3.975	332.46
3.98	332.81
3.985	333.2
3.99	333.58
3.995	333.88
4	334.21
4.005	334.57
4.01	334.92
4.015	335.46
4.02	335.76
4.025	336.13
4.03	336.53
4.035	336.89
4.04	337.19
4.045	337.52
4.05	337.84
4.055	338.2
4.06	338.54
4.065	338.91
4.07	339.31
4.075	339.61
4.08	339.93
4.085	340.26
4.09	340.63
4.095	340.97
4.1	341.38
4.105	341.75
4.11	342.06
4.115	342.35
4.12	342.71
4.125	343.08
4.13	343.45
4.135	343.88
4.14	344.25
4.145	344.55
4.15	344.87
4.155	345.24
4.16	345.62
4.165	346.09
4.17	346.47
4.175	346.81
4.18	347.18
4.185	347.53
4.19	347.84
4.195	348.16
4.2	348.45
4.205	348.76
4.21	349.06
4.215	349.43
4.22	349.78
4.225	350.22
4.23	350.64
4.235	351.02
4.24	351.37
4.245	351.71
4.25	352.02
4.255	352.33
4.26	352.67
4.265	352.96
4.27	353.27
4.275	353.58
4.28	353.93
4.285	354.23
4.29	354.54
4.295	354.85
4.3	355.21
4.305	355.58
4.31	355.96
4.315	356.24
4.32	356.55
4.325	356.9
4.33	357.4
4.335	357.78
4.34	358.24
4.345	358.7
4.35	359.17
4.355	359.66
4.36	360.1
4.365	360.49
4.37	360.8
4.375	361.08
4.38	361.35
4.385	361.71
4.39	362.1
4.395	362.4
4.4	362.69
4.405	362.97
4.41	363.31
4.415	363.7
4.42	363.99
4.425	364.29
4.43	364.61
4.435	364.91
4.44	365.27
4.445	365.6
4.45	365.88
4.455	366.18
4.46	366.51
4.465	366.86
4.47	367.23
4.475	367.55
4.48	367.87
4.485	368.18
4.49	368.54
4.495	368.85
4.5	369.18
4.505	369.52
4.51	369.8
4.515	370.15
4.52	370.65
4.525	370.98
4.53	371.29
4.535	371.58
4.54	371.85
4.545	372.17
4.55	372.62
4.555	373.05
4.56	373.55
4.565	373.99
4.57	374.33
4.575	374.61
4.58	374.96
4.585	375.3
4.59	375.58
4.595	375.92
4.6	376.24
4.605	376.57
4.61	376.88
4.615	377.14
4.62	377.43
4.625	377.74
4.63	378.11
4.635	378.46
4.64	378.74
4.645	379.04
4.65	379.33
4.655	379.67
4.66	380.07
4.665	380.52
4.67	380.86
4.675	381.23
4.68	381.6
4.685	381.89
4.69	382.19
4.695	382.51
4.7	382.87
4.705	383.24
4.71	383.53
4.715	383.87
4.72	384.15
4.725	384.51
4.73	384.81
4.735	385.1
4.74	385.42
4.745	385.77
4.75	386.14
4.755	386.46
4.76	386.94
4.765	387.3
4.77	387.58
4.775	387.89
4.78	388.22
4.785	388.58
4.79	388.91
4.795	389.17
4.8	389.48
4.805	389.78
4.81	390.2
4.815	390.5
4.82	390.82
4.825	391.1
4.83	391.42
4.835	391.76
4.84	392.16
4.845	392.48
4.85	392.81
4.855	393.09
4.86	393.45
4.865	393.74
4.87	394.01
4.875	394.31
4.88	394.62
4.885	394.99
4.89	395.33
4.895	395.64
4.9	395.94
4.905	396.23
4.91	396.63
4.915	396.93
4.92	397.2
4.925	397.48
4.93	397.82
4.935	398.18
4.94	398.5
4.945	398.77
4.95	399.06
4.955	399.35
4.96	399.67
4.965	399.97
4.97	400.26
4.975	400.64
4.98	400.95
4.985	401.34
4.99	401.67
4.995	401.96
5	402.25
5.005	402.54
5.01	402.9
5.015	403.29
5.02	403.57
5.025	403.86
5.03	404.21
5.035	404.57
5.04	404.9
5.045	405.2
5.05	405.51
5.055	405.8
5.06	406.26
5.065	406.59
5.07	406.96
5.075	407.3
5.08	407.57
5.085	407.84
5.09	408.17
5.095	408.52
5.1	408.89
5.105	409.17
5.11	409.48
5.115	409.81
5.12	410.21
5.125	410.54
5.13	410.82
5.135	411.09
5.14	411.39
5.145	411.78
5.15	412.18
5.155	412.64
5.16	413.12
5.165	413.52
5.17	413.86
5.175	414.25
5.18	414.62
5.185	415
5.19	415.35
5.195	415.86
5.2	416.3
5.205	416.77
5.21	417.22
5.215	417.51
5.22	417.8
5.225	418.14
5.23	418.49
5.235	418.82
5.24	419.12
5.245	419.46
5.25	419.8
5.255	420.13
5.26	420.41
5.265	420.69
5.27	421.08
5.275	421.43
5.28	421.74
5.285	422.05
5.29	422.32
5.295	422.62
5.3	422.97
5.305	423.36
5.31	423.68
5.315	423.99
5.32	424.29
5.325	424.62
5.33	424.94
5.335	425.22
5.34	425.52
5.345	425.83
5.35	426.15
5.355	426.46
5.36	426.77
5.365	427.07
5.37	427.37
5.375	427.73
5.38	428.06
5.385	428.41
5.39	428.78
5.395	429.12
5.4	429.43
5.405	429.75
5.41	430.21
5.415	430.51
5.42	430.91
5.425	431.33
5.43	432.08
5.435	432.47
5.44	432.83
5.445	433.1
5.45	433.37
5.455	433.65
5.46	434
5.465	434.32
5.47	434.65
5.475	434.96
5.48	435.28
5.485	435.6
5.49	435.93
5.495	436.19
5.5	436.5
5.505	436.79
5.51	437.05
5.515	437.3
5.52	437.62
5.525	437.94
5.53	438.29
5.535	438.58
5.54	438.9
5.545	439.17
5.55	439.55
5.555	439.86
5.56	440.14
5.565	440.42
5.57	440.76
5.575	441.13
5.58	441.47
5.585	441.81
5.59	442.13
5.595	442.39
5.6	442.73
5.605	443.03
5.61	443.33
5.615	443.61
5.62	443.96
5.625	444.29
5.63	444.6
5.635	444.88
5.64	445.18
5.645	445.47
5.65	445.84
5.655	446.12
5.66	446.47
5.665	446.73
5.67	447.03
5.675	447.37
5.68	447.67
5.685	447.94
5.69	448.24
5.695	448.54
5.7	448.91
5.705	449.24
5.71	449.52
5.715	449.78
5.72	450.06
5.725	450.34
5.73	450.61
5.735	450.9
5.74	451.23
5.745	451.56
5.75	451.84
5.755	452.12
5.76	452.46
5.765	452.78
5.77	453.13
5.775	453.41
5.78	453.69
5.785	453.96
5.79	454.26
5.795	454.56
5.8	454.87
5.805	455.13
5.81	455.42
5.815	455.68
5.82	456.21
5.825	456.69
5.83	457.16
5.835	457.61
5.84	458.1
5.845	458.45
5.85	458.75
5.855	459.02
5.86	459.3
5.865	459.61
5.87	459.98
5.875	460.27
5.88	460.59
5.885	460.89
5.89	461.24
5.895	461.57
5.9	461.87
5.905	462.31
5.91	462.79
5.915	463.13
5.92	463.43
5.925	463.69
5.93	464.03
5.935	464.35
5.94	464.71
5.945	464.97
5.95	465.25
5.955	465.53
5.96	465.9
5.965	466.2
5.97	466.48
5.975	466.74
5.98	467.21
5.985	467.48
5.99	467.73
5.995	468.02
6	468.28
6.005	468.58
6.01	468.86
6.015	469.16
6.02	469.43
6.025	469.73
6.03	470
6.035	470.28
6.04	470.68
6.045	471.16
6.05	471.51
6.055	471.79
6.06	472.08
6.065	472.39
6.07	472.72
6.075	473.1
6.08	473.38
6.085	473.64
6.09	473.91
6.095	474.28
6.1	474.55
6.105	474.88
6.11	475.2
6.115	475.5
6.12	475.86
6.125	476.2
6.13	476.48
6.135	476.75
6.14	477.03
6.145	477.31
6.15	477.6
6.155	477.84
6.16	478.17
6.165	478.47
6.17	478.74
6.175	479.02
6.18	479.29
6.185	479.61
6.19	479.96
6.195	480.23
6.2	480.55
6.205	480.82
6.21	481.1
6.215	481.39
6.22	481.67
6.225	481.99
6.23	482.29
6.235	482.56
6.24	482.86
6.245	483.17
6.25	483.44
6.255	483.72
6.26	483.99
6.265	484.27
6.27	484.54
6.275	484.83
6.28	485.15
6.285	485.45
6.29	485.72
6.295	485.99
6.3	486.25
6.305	486.6
6.31	486.91
6.315	487.16
6.32	487.46
6.325	487.74
6.33	488
6.335	488.27
6.34	488.54
6.345	488.85
6.35	489.12
6.355	489.35
6.36	489.66
6.365	490
6.37	490.25
6.375	490.52
6.38	490.8
6.385	491.07
6.39	491.35
6.395	491.66
6.4	491.98
6.405	492.3
6.41	492.57
6.415	492.83
6.42	493.11
6.425	493.41
6.43	493.7
6.435	494
6.44	494.32
6.445	494.63
6.45	494.95
6.455	495.23
6.46	495.47
6.465	495.76
6.47	496.08
6.475	496.37
6.48	496.67
6.485	496.95
6.49	497.26
6.495	497.59
6.5	497.85
6.505	498.11
6.51	498.39
6.515	498.69
6.52	498.98
6.525	499.26
6.53	499.57
6.535	499.85
6.54	500.11
6.545	500.37
6.55	500.66
6.555	500.96
6.56	501.33
6.565	501.62
6.57	501.89
6.575	502.17
6.58	502.43
6.585	502.7
6.59	502.97
6.595	503.26
6.6	503.56
6.605	503.84
6.61	504.11
6.615	504.38
6.62	504.65
6.625	504.93
6.63	505.19
6.635	505.49
6.64	505.77
6.645	506.03
6.65	506.35
6.655	506.65
6.66	506.97
6.665	507.3
6.67	507.53
6.675	507.82
6.68	508.18
6.685	508.45
6.69	508.71
6.695	509
6.7	509.35
6.705	509.68
6.71	509.97
6.715	510.25
6.72	510.53
6.725	510.84
6.73	511.14
6.735	511.43
6.74	511.72
6.745	512
6.75	512.27
6.755	512.54
6.76	512.83
6.765	513.16
6.77	513.48
6.775	513.76
6.78	514.03
6.785	514.33
6.79	514.66
6.795	514.94
6.8	515.28
6.805	515.61
6.81	515.92
6.815	516.36
6.82	516.78
6.825	517.22
6.83	517.77
6.835	518.31
6.84	518.93
6.845	519.87
6.85	520.36
6.855	520.96
6.86	521.47
6.865	521.87
6.87	522.33
6.875	522.91
6.88	523.51
6.885	524.11
6.89	524.67
6.895	525.27
6.9	525.85
6.905	526.41
6.91	526.97
6.915	527.41
6.92	527.71
6.925	528.12
6.93	528.64
6.935	529.12
6.94	529.73
6.945	530.3
6.95	530.84
6.955	531.41
6.96	531.99
6.965	532.57
6.97	533.01
6.975	533.4
6.98	533.8
6.985	534.35
6.99	534.71
6.995	535.24
7	535.66
7.005	536.14
7.01	536.76
7.015	537.27
7.02	537.8
7.025	538.25
7.03	538.76
7.035	539.1
7.04	539.45
7.045	539.99
7.05	540.53
7.055	541.09
7.06	541.68
7.065	542.24
7.07	542.73
7.075	543.34
7.08	543.86
7.085	544.23
7.09	544.58
7.095	545.08
7.1	545.59
7.105	546.13
7.11	546.61
7.115	547.12
7.12	547.67
7.125	548.26
7.13	548.76
7.135	549.22
7.14	549.78
7.145	550.21
7.15	550.68
7.155	551.14
7.16	551.49
7.165	551.84
7.17	552.2
7.175	552.77
7.18	553.29
7.185	553.86
7.19	554.41
7.195	554.97
7.2	555.49
7.205	556.03
7.21	556.49
7.215	557.01
7.22	557.41
7.225	557.72
7.23	558.01
7.235	558.28
7.24	558.54
7.245	558.8
7.25	559.07
7.255	559.34
7.26	559.58
7.265	559.84
7.27	560.12
7.275	560.39
7.28	560.65
7.285	560.93
7.29	561.19
7.295	561.44
7.3	561.7
7.305	561.97
7.31	562.26
7.315	562.52
7.32	562.83
7.325	563.1
7.33	563.37
7.335	563.66
7.34	563.96
7.345	564.23
7.35	564.5
7.355	564.76
7.36	565.06
7.365	565.36
7.37	565.61
7.375	565.9
7.38	566.2
7.385	566.44
7.39	566.71
7.395	566.98
7.4	567.25
7.405	567.52
7.41	567.8
7.415	568.09
7.42	568.39
7.425	568.66
7.43	568.95
7.435	569.23
7.44	569.5
7.445	569.77
7.45	570.06
7.455	570.36
7.46	570.65
7.465	570.9
7.47	571.19
7.475	571.49
7.48	571.75
7.485	572.02
7.49	572.29
7.495	572.56
7.5	572.81
7.505	573.08
7.51	573.39
7.515	573.68
7.52	573.92
7.525	574.23
7.53	574.54
7.535	574.83
7.54	575.12
7.545	575.38
7.55	575.67
7.555	575.97
7.56	576.23
7.565	576.52
7.57	576.8
7.575	577.07
7.58	577.36
7.585	577.63
7.59	577.91
7.595	578.19
7.6	578.46
7.605	578.75
7.61	579.05
7.615	579.32
7.62	579.63
7.625	579.92
7.63	580.19
7.635	580.47
7.64	580.74
7.645	581.07
7.65	581.38
7.655	581.66
7.66	581.92
7.665	582.22
7.67	582.48
7.675	582.75
7.68	583.02
7.685	583.28
7.69	583.55
7.695	583.81
7.7	584.1
7.705	584.4
7.71	584.67
7.715	584.94
7.72	585.24
7.725	585.58
7.73	585.92
7.735	586.24
7.74	586.5
7.745	586.8
7.75	587.11
7.755	587.4
7.76	587.63
7.765	587.91
7.77	588.21
7.775	588.52
7.78	588.79
7.785	589.1
7.79	589.38
7.795	589.67
7.8	589.93
7.805	590.23
7.81	590.49
7.815	590.73
7.82	590.99
7.825	591.31
7.83	591.6
7.835	591.94
7.84	592.19
7.845	592.51
7.85	592.77
7.855	593.04
7.86	593.3
7.865	593.59
7.87	593.87
7.875	594.12
7.88	594.37
7.885	594.64
7.89	594.9
7.895	595.12
7.9	595.42
7.905	595.68
7.91	595.93
7.915	596.19
7.92	596.47
7.925	596.69
7.93	596.98
7.935	597.24
7.94	597.49
7.945	597.84
7.95	598.15
7.955	598.47
7.96	598.82
7.965	599.1
7.97	599.39
7.975	599.64
7.98	599.99
7.985	600.32
7.99	600.57
7.995	600.86
8	601.11
8.005	601.39
8.01	601.65
8.015	601.91
8.02	602.19
8.025	602.62
8.03	603
8.035	603.39
8.04	603.74
8.045	604.06
8.05	604.29
8.055	604.64
8.06	604.97
8.065	605.27
8.07	605.54
8.075	605.76
8.08	606.07
8.085	606.37
8.09	606.64
8.095	606.9
8.1	607.21
8.105	607.49
8.11	607.75
8.115	608.03
8.12	608.31
8.125	608.6
8.13	608.84
8.135	609.12
8.14	609.37
8.145	609.62
8.15	609.88
8.155	610.17
8.16	610.4
8.165	610.72
8.17	611.02
8.175	611.26
8.18	611.52
8.185	611.78
8.19	612.19
8.195	612.47
8.2	612.75
8.205	613.01
8.21	613.32
8.215	613.6
8.22	613.91
8.225	614.16
8.23	614.57
8.235	614.9
8.24	615.21
8.245	615.49
8.25	615.74
8.255	616.02
8.26	616.34
8.265	616.58
8.27	616.85
8.275	617.11
8.28	617.36
8.285	617.62
8.29	617.9
8.295	618.2
8.3	618.45
8.305	618.71
8.31	618.99
8.315	619.29
8.32	619.5
8.325	619.77
8.33	620.04
8.335	620.26
8.34	620.53
8.345	620.8
8.35	621.06
8.355	621.31
8.36	621.59
8.365	621.85
8.37	622.09
8.375	622.34
8.38	622.6
8.385	622.88
8.39	623.14
8.395	623.38
8.4	623.65
8.405	623.91
8.41	624.16
8.415	624.4
8.42	624.65
8.425	624.93
8.43	625.17
8.435	625.46
8.44	625.71
8.445	626.07
8.45	626.33
8.455	626.64
8.46	626.92
8.465	627.22
8.47	627.49
8.475	627.73
8.48	628.03
8.485	628.33
8.49	628.58
8.495	628.84
8.5	629.12
8.505	629.36
8.51	629.62
8.515	629.87
8.52	630.11
8.525	630.39
8.53	630.67
8.535	630.92
8.54	631.16
8.545	631.41
8.55	631.67
8.555	631.93
8.56	632.2
8.565	632.49
8.57	632.8
8.575	633.05
8.58	633.33
8.585	633.61
8.59	633.88
8.595	634.15
8.6	634.41
8.605	634.68
8.61	634.94
8.615	635.21
8.62	635.45
8.625	635.72
8.63	635.98
8.635	636.25
8.64	636.52
8.645	636.78
8.65	637.06
8.655	637.33
8.66	637.58
8.665	637.82
8.67	638.09
8.675	638.33
8.68	638.6
8.685	638.87
8.69	639.12
8.695	639.39
8.7	639.64
8.705	639.92
8.71	640.17
8.715	640.43
8.72	640.75
8.725	641.04
8.73	641.28
8.735	641.59
8.74	641.85
8.745	642.12
8.75	642.4
8.755	642.66
8.76	642.97
8.765	643.26
8.77	643.52
8.775	643.79
8.78	644.08
8.785	644.36
8.79	644.64
8.795	644.92
8.8	645.21
8.805	645.5
8.81	645.77
8.815	646.05
8.82	646.33
8.825	646.62
8.83	646.87
8.835	647.12
8.84	647.37
8.845	647.62
8.85	647.87
8.855	648.11
8.86	648.35
8.865	648.63
8.87	648.88
8.875	649.11
8.88	649.35
8.885	649.64
8.89	649.92
8.895	650.15
8.9	650.44
8.905	650.72
8.91	650.97
8.915	651.24
8.92	651.55
8.925	651.84
8.93	652.18
8.935	652.43
8.94	652.79
8.945	653.03
8.95	653.31
8.955	653.57
8.96	653.81
8.965	654.08
8.97	654.34
8.975	654.6
8.98	654.92
8.985	655.31
8.99	655.69
8.995	656.1
9	656.41
9.005	656.69
9.01	656.94
9.015	657.21
9.02	657.51
9.025	657.78
9.03	658.05
9.035	658.43
9.04	658.74
9.045	659
9.05	659.25
9.055	659.56
9.06	659.85
9.065	660.1
9.07	660.37
9.075	660.64
9.08	660.91
9.085	661.2
9.09	661.46
9.095	661.73
9.1	662.01
9.105	662.3
9.11	662.66
9.115	662.96
9.12	663.21
9.125	663.48
9.13	663.75
9.135	664.01
9.14	664.33
9.145	664.58
9.15	664.86
9.155	665.14
9.16	665.45
9.165	665.73
9.17	666
9.175	666.36
9.18	666.65
9.185	666.9
9.19	667.18
9.195	667.48
9.2	667.74
9.205	668.02
9.21	668.29
9.215	668.57
9.22	668.87
9.225	669.12
9.23	669.42
9.235	669.73
9.24	670
9.245	670.29
9.25	670.56
9.255	670.86
9.26	671.16
9.265	671.43
9.27	671.8
9.275	672.07
9.28	672.42
9.285	672.85
9.29	673.2
9.295	673.61
9.3	673.92
9.305	674.23
9.31	674.49
9.315	674.76
9.32	675.03
9.325	675.29
9.33	675.58
9.335	675.87
9.34	676.17
9.345	676.46
9.35	676.7
9.355	676.95
9.36	677.22
9.365	677.47
9.37	677.78
9.375	678.03
9.38	678.28
9.385	678.55
9.39	678.87
9.395	679.11
9.4	679.39
9.405	679.67
9.41	679.92
9.415	680.22
9.42	680.46
9.425	680.73
9.43	681.02
9.435	681.27
9.44	681.58
9.445	681.99
9.45	682.32
9.455	682.61
9.46	682.87
9.465	683.14
9.47	683.43
9.475	683.76
9.48	684.09
9.485	684.44
9.49	684.76
9.495	685.04
9.5	685.42
9.505	685.77
9.51	686.08
9.515	686.35
9.52	686.6
9.525	686.88
9.53	687.17
9.535	687.39
9.54	687.67
9.545	687.94
9.55	688.2
9.555	688.47
9.56	688.77
9.565	689.03
9.57	689.33
9.575	689.6
9.58	689.88
9.585	690.16
9.59	690.39
9.595	690.68
9.6	691
9.605	691.26
9.61	691.6
9.615	691.95
9.62	692.3
9.625	692.59
9.63	692.84
9.635	693.11
9.64	693.38
9.645	693.64
9.65	693.91
9.655	694.18
9.66	694.46
9.665	694.76
9.67	694.99
9.675	695.28
9.68	695.57
9.685	695.81
9.69	696.1
9.695	696.39
9.7	696.71
9.705	697.01
9.71	697.36
9.715	697.7
9.72	698.06
9.725	698.39
9.73	698.68
9.735	698.96
9.74	699.19
9.745	699.46
9.75	699.94
9.755	700.21
9.76	700.52
9.765	700.87
9.77	701.11
9.775	701.39
9.78	701.66
9.785	701.95
9.79	702.33
9.795	702.63
9.8	703.02
9.805	703.28
9.81	703.63
9.815	704.01
9.82	704.32
9.825	704.58
9.83	704.91
9.835	705.2
9.84	705.53
9.845	705.9
9.85	706.17
9.855	706.41
9.86	706.72
9.865	707.08
9.87	707.49
9.875	707.86
9.88	708.13
9.885	708.48
9.89	708.77
9.895	709.1
9.9	709.42
9.905	709.68
9.91	710
9.915	710.24
9.92	710.51
9.925	710.76
9.93	711
9.935	711.29
9.94	711.61
9.945	711.84
9.95	712.11
9.955	712.39
9.96	712.72
9.965	713
9.97	713.28
9.975	713.54
9.98	713.86
9.985	714.09
9.99	714.37
9.995	714.66
10	714.9
