0.005	1
0.01	0.216889
0.015	0.080095
0.02	0.0525229
0.025	0.0404641
0.03	0.0311851
0.035	0.0240254
0.04	0.0187004
0.045	0.0151583
0.05	0.012759
0.055	0.0110879
0.06	0.00972205
0.065	0.00862129
0.07	0.00774392
0.075	0.00699947
0.08	0.00635606
0.085	0.00579466
0.09	0.00534526
0.095	0.00494611
0.1	0.00459909
0.105	0.00431519
0.11	0.00406347
0.115	0.00383349
0.12	0.00362875
0.125	0.00344214
0.13	0.00328198
0.135	0.00313214
0.14	0.0029952
0.145	0.00286836
0.15	0.00275228
0.155	0.00264401
0.16	0.00254348
0.165	0.00245167
0.17	0.00236809
0.175	0.00228715
0.18	0.00221173
0.185	0.00213965
0.19	0.00207334
0.195	0.0020093
0.2	0.00194958
0.205	0.00189158
0.21	0.00183742
0.215	0.00178528
0.22	0.0017381
0.225	0.00169307
0.23	0.00165107
0.235	0.00160942
0.24	0.0015711
0.245	0.00153512
0.25	0.00150141
0.255	0.00146801
0.26	0.00143696
0.265	0.00140623
0.27	0.00137775
0.275	0.00134983
0.28	0.00132396
0.285	0.001298
0.29	0.00127354
0.295	0.00124921
0.3	0.00122625
0.305	0.00120317
0.31	0.00118127
0.315	0.00115968
0.32	0.00113934
0.325	0.00111913
0.33	0.00109993
0.335	0.001081
0.34	0.00106315
0.345	0.00104568
0.35	0.00102939
0.355	0.00101331
0.36	0.000997785
0.365	0.000982966
0.37	0.000968066
0.375	0.0009542
0.38	0.000940894
0.385	0.00092742
0.39	0.000914492
0.395	0.000902148
0.4	0.000889618
0.405	0.000877549
0.41	0.000865936
0.415	0.0008543
0.42	0.000843356
0.425	0.000833183
0.43	0.000822591
0.435	0.000812117
0.44	0.000802178
0.445	0.000791911
0.45	0.000781949
0.455	0.000772521
0.46	0.000762825
0.465	0.000753526
0.47	0.000744768
0.475	0.000735736
0.48	0.000727084
0.485	0.000718799
0.49	0.000710251
0.495	0.000702048
0.5	0.000694063
0.505	0.000686676
0.51	0.000678788
0.515	0.000671353
0.52	0.000664105
0.525	0.000657332
0.53	0.000650149
0.535	0.00064343
0.54	0.00063686
0.545	0.000630753
0.55	0.000624052
0.555	0.000617869
0.56	0.000611721
0.565	0.000605974
0.57	0.000599657
0.575	0.000593805
0.58	0.000587973
0.585	0.000582671
0.59	0.000576759
0.595	0.000571269
0.6	0.000565944
0.605	0.000560965
0.61	0.000555417
0.615	0.000550262
0.62	0.000545269
0.625	0.000540572
0.63	0.000535318
0.635	0.00053046
0.64	0.00052575
0.645	0.000521017
0.65	0.000516814
0.655	0.000511881
0.66	0.000507325
0.665	0.000502859
0.67	0.00049853
0.675	0.00049452
0.68	0.00048991
0.685	0.000485632
0.69	0.000481515
0.695	0.000477466
0.7	0.000473793
0.705	0.000469502
0.71	0.000465533
0.715	0.000461705
0.72	0.000457949
0.725	0.000454578
0.73	0.000450607
0.735	0.00044696
0.74	0.000443428
0.745	0.000439877
0.75	0.000436827
0.755	0.000433072
0.76	0.000429649
0.765	0.000426303
0.77	0.000423021
0.775	0.000420121
0.78	0.000416583
0.785	0.000413379
0.79	0.000410245
0.795	0.000407166
0.8	0.000404146
0.805	0.000401511
0.81	0.000398122
0.815	0.000395137
0.82	0.000392151
0.825	0.000389231
0.83	0.000386379
0.835	0.000383943
0.84	0.00038076
0.845	0.00037793
0.85	0.000375234
0.855	0.000372461
0.86	0.000369793
0.865	0.000367504
0.87	0.000364569
0.875	0.000361872
0.88	0.000359269
0.885	0.000356745
0.89	0.000354152
0.895	0.000352034
0.9	0.00034926
0.905	0.000346743
0.91	0.000344307
0.915	0.000341886
0.92	0.000339556
0.925	0.000337532
0.93	0.000334904
0.935	0.000332529
0.94	0.000330249
0.945	0.000327994
0.95	0.00032583
0.955	0.00032397
0.96	0.000321527
0.965	0.00031934
0.97	0.000317244
0.975	0.000315111
0.98	0.00031308
0.985	0.000311012
0.99	0.000309415
0.995	0.000307059
1	0.000304976
1.005	0.000302997
1.01	0.000301015
1.015	0.000299079
1.02	0.000297165
1.025	0.000295624
1.03	0.000293428
1.035	0.00029148
1.04	0.00028961
1.045	0.000287726
1.05	0.000285881
1.055	0.000284057
1.06	0.000282602
1.065	0.000280488
1.07	0.000278617
1.075	0.000276834
1.08	0.000275045
1.085	0.000273282
1.09	0.000271556
1.095	0.000270194
1.1	0.000268237
1.105	0.000266465
1.11	0.000264794
1.115	0.000263117
1.12	0.000261462
1.125	0.000259845
1.13	0.000258269
1.135	0.000257049
1.14	0.000255198
1.145	0.000253503
1.15	0.000251942
1.155	0.000250382
1.16	0.000248868
1.165	0.0002473
1.17	0.000245805
1.175	0.000244697
1.18	0.000242972
1.185	0.000241393
1.19	0.000239933
1.195	0.000238472
1.2	0.000237019
1.205	0.00023561
1.21	0.000234183
1.215	0.000233169
1.22	0.00023154
1.225	0.000230048
1.23	0.000228674
1.235	0.0002273
1.24	0.000225936
1.245	0.000224584
1.25	0.000223267
1.255	0.000222329
1.26	0.000220793
1.265	0.000219396
1.27	0.000218108
1.275	0.000216819
1.28	0.000215538
1.285	0.000214264
1.29	0.000213016
1.295	0.000212142
1.3	0.000210694
1.305	0.000209419
1.31	0.00020814
1.315	0.000206917
1.32	0.000205698
1.325	0.000204486
1.33	0.000203282
1.335	0.000202147
1.34	0.000201346
1.345	0.000199984
1.35	0.000198668
1.355	0.000197522
1.36	0.000196369
1.365	0.000195232
1.37	0.00019409
1.375	0.000192958
1.38	0.000191836
1.385	0.000191147
1.39	0.000189876
1.395	0.000188658
1.4	0.000187595
1.405	0.000186524
1.41	0.000185466
1.415	0.000184407
1.42	0.000183346
1.425	0.0001823
1.43	0.000181686
1.435	0.000180489
1.44	0.000179338
1.445	0.000178337
1.45	0.000177341
1.455	0.000176341
1.46	0.000175356
1.465	0.000174356
1.47	0.000173378
1.475	0.000172801
1.48	0.000171731
1.485	0.000170631
1.49	0.000169692
1.495	0.000168752
1.5	0.000167818
1.505	0.00016688
1.51	0.000165937
1.515	0.000164993
1.52	0.000164078
1.525	0.000163676
1.53	0.000162583
1.535	0.000161534
1.54	0.000160658
1.545	0.00015978
1.55	0.000158908
1.555	0.00015804
1.56	0.000157181
1.565	0.000156319
1.57	0.00015542
1.575	0.000155011
1.58	0.000154043
1.585	0.000153044
1.59	0.000152227
1.595	0.0001514
1.6	0.000150584
1.605	0.000149787
1.61	0.000148957
1.615	0.000148138
1.62	0.000147288
1.625	0.000146964
1.63	0.000145999
1.635	0.000145064
1.64	0.000144297
1.645	0.000143524
1.65	0.00014276
1.655	0.000141998
1.66	0.000141247
1.665	0.000140524
1.67	0.000139696
1.675	0.000139328
1.68	0.000138521
1.685	0.000137624
1.69	0.000136913
1.695	0.000136193
1.7	0.000135483
1.705	0.000134772
1.71	0.000134073
1.715	0.000133396
1.72	0.000132616
1.725	0.00013234
1.73	0.000131552
1.735	0.000130711
1.74	0.000130063
1.745	0.000129366
1.75	0.000128725
1.755	0.000128028
1.76	0.000127447
1.765	0.000126729
1.77	0.000126007
1.775	0.000125797
1.78	0.000124972
1.785	0.000124244
1.79	0.000123596
1.795	0.00012297
1.8	0.000122342
1.805	0.000121722
1.81	0.000121102
1.815	0.00012058
1.82	0.000119817
1.825	0.000119736
1.83	0.000118823
1.835	0.000118158
1.84	0.000117533
1.845	0.000116939
1.85	0.000116351
1.855	0.000115761
1.86	0.00011518
1.865	0.000114634
1.87	0.00011409
1.875	0.00011388
1.88	0.000113058
1.885	0.000112413
1.89	0.000111848
1.895	0.000111292
1.9	0.00011074
1.905	0.000110189
1.91	0.000109642
1.915	0.000109098
1.92	0.000108596
1.925	0.00010812
1.93	0.000107954
1.935	0.000107143
1.94	0.000106516
1.945	0.000106018
1.95	0.000105499
1.955	0.000104986
1.96	0.000104472
1.965	0.000103962
1.97	0.000103454
1.975	0.000102949
1.98	0.000102448
1.985	0.00010195
1.99	0.000102008
1.995	0.00010114
2	0.000100632
2.005	0.000100128
2.01	9.96468e-05
2.015	9.91706e-05
2.02	9.86981e-05
2.025	9.82242e-05
2.03	9.77577e-05
2.035	9.72897e-05
2.04	9.68296e-05
2.045	9.63516e-05
2.05	9.58803e-05
2.055	9.54262e-05
2.06	9.55683e-05
2.065	9.47933e-05
2.07	9.4256e-05
2.075	9.37858e-05
2.08	9.33444e-05
2.085	9.29088e-05
2.09	9.24731e-05
2.095	9.2039e-05
2.1	9.16051e-05
2.105	9.11766e-05
2.11	9.07514e-05
2.115	9.03443e-05
2.12	8.99015e-05
2.125	8.94651e-05
2.13	8.90355e-05
2.135	8.91844e-05
2.14	8.84934e-05
2.145	8.79419e-05
2.15	8.75423e-05
2.155	8.71391e-05
2.16	8.67408e-05
2.165	8.63412e-05
2.17	8.59455e-05
2.175	8.55492e-05
2.18	8.51555e-05
2.185	8.47648e-05
2.19	8.43778e-05
2.195	8.39907e-05
2.2	8.36246e-05
2.205	8.32197e-05
2.21	8.28292e-05
2.215	8.30454e-05
2.22	8.23307e-05
2.225	8.18342e-05
2.23	8.14588e-05
2.235	8.10954e-05
2.24	8.07321e-05
2.245	8.03694e-05
2.25	8.00126e-05
2.255	7.96536e-05
2.26	7.92947e-05
2.265	7.89401e-05
2.27	7.85878e-05
2.275	7.82382e-05
2.28	7.78891e-05
2.285	7.7543e-05
2.29	7.72124e-05
2.295	7.68366e-05
2.3	7.7069e-05
2.305	7.64034e-05
2.31	7.59459e-05
2.315	7.5601e-05
2.32	7.52991e-05
2.325	7.49762e-05
2.33	7.46307e-05
2.335	7.43172e-05
2.34	7.39778e-05
2.345	7.36697e-05
2.35	7.33125e-05
2.355	7.29914e-05
2.36	7.26727e-05
2.365	7.23567e-05
2.37	7.20421e-05
2.375	7.17301e-05
2.38	7.1435e-05
2.385	7.16038e-05
2.39	7.0987e-05
2.395	7.05869e-05
2.4	7.02757e-05
2.405	6.99724e-05
2.41	6.96727e-05
2.415	6.93701e-05
2.42	6.90723e-05
2.425	6.87724e-05
2.43	6.84776e-05
2.435	6.82384e-05
2.44	6.79027e-05
2.445	6.76111e-05
2.45	6.73211e-05
2.455	6.70375e-05
2.46	6.67528e-05
2.465	6.64696e-05
2.47	6.6669e-05
2.475	6.60694e-05
2.48	6.57047e-05
2.485	6.54214e-05
2.49	6.51446e-05
2.495	6.48711e-05
2.5	6.45955e-05
2.505	6.43232e-05
2.51	6.405e-05
2.515	6.37804e-05
2.52	6.35103e-05
2.525	6.32436e-05
2.53	6.30425e-05
2.535	6.27299e-05
2.54	6.24654e-05
2.545	6.22057e-05
2.55	6.19469e-05
2.555	6.21317e-05
2.56	6.1584e-05
2.565	6.12447e-05
2.57	6.09876e-05
2.575	6.07326e-05
2.58	6.04824e-05
2.585	6.02294e-05
2.59	5.99797e-05
2.595	5.9729e-05
2.6	5.94815e-05
2.605	5.92333e-05
2.61	5.89884e-05
2.615	5.8743e-05
2.62	5.85695e-05
2.625	5.82766e-05
2.63	5.8035e-05
2.635	5.77983e-05
2.64	5.79722e-05
2.645	5.74751e-05
2.65	5.71549e-05
2.655	5.69208e-05
2.66	5.66873e-05
2.665	5.64571e-05
2.67	5.62263e-05
2.675	5.59962e-05
2.68	5.57674e-05
2.685	5.55392e-05
2.69	5.53129e-05
2.695	5.50872e-05
2.7	5.48634e-05
2.705	5.47067e-05
2.71	5.4435e-05
2.715	5.42128e-05
2.72	5.39965e-05
2.725	5.41591e-05
2.73	5.36866e-05
2.735	5.33698e-05
2.74	5.31587e-05
2.745	5.29401e-05
2.75	5.27338e-05
2.755	5.25175e-05
2.76	5.23079e-05
2.765	5.20946e-05
2.77	5.18864e-05
2.775	5.17782e-05
2.78	5.15014e-05
2.785	5.12955e-05
2.79	5.10886e-05
2.795	5.09547e-05
2.8	5.0697e-05
2.805	5.0497e-05
2.81	5.02969e-05
2.815	5.04774e-05
2.82	5.00547e-05
2.825	4.97296e-05
2.83	4.95318e-05
2.835	4.93338e-05
2.84	4.91387e-05
2.845	4.89453e-05
2.85	4.87475e-05
2.855	4.85566e-05
2.86	4.83601e-05
2.865	4.81686e-05
2.87	4.79754e-05
2.875	4.78868e-05
2.88	4.76297e-05
2.885	4.74419e-05
2.89	4.73272e-05
2.895	4.70849e-05
2.9	4.68992e-05
2.905	4.70573e-05
2.91	4.66787e-05
2.915	4.63804e-05
2.92	4.6196e-05
2.925	4.601e-05
2.93	4.58353e-05
2.935	4.56557e-05
2.94	4.54725e-05
2.945	4.52977e-05
2.95	4.51163e-05
2.955	4.49401e-05
2.96	4.47627e-05
2.965	4.4588e-05
2.97	4.45156e-05
2.975	4.42728e-05
2.98	4.41676e-05
2.985	4.39412e-05
2.99	4.37694e-05
2.995	4.39221e-05
3	4.35779e-05
3.005	4.32684e-05
3.01	4.30875e-05
3.015	4.30072e-05
3.02	4.27767e-05
3.025	4.25856e-05
3.03	4.25177e-05
3.035	4.22803e-05
3.04	4.217e-05
3.045	4.19543e-05
3.05	4.18473e-05
3.055	4.16396e-05
3.06	4.14716e-05
3.065	4.13061e-05
3.07	4.12627e-05
3.075	4.10907e-05
3.08	4.08778e-05
3.085	4.07215e-05
3.09	4.08861e-05
3.095	4.05134e-05
3.1	4.02485e-05
3.105	4.01027e-05
3.11	3.99476e-05
3.115	3.97962e-05
3.12	3.96431e-05
3.125	3.94902e-05
3.13	3.93374e-05
3.135	3.91849e-05
3.14	3.90328e-05
3.145	3.8881e-05
3.15	3.88186e-05
3.155	3.86058e-05
3.16	3.85062e-05
3.165	3.83086e-05
3.17	3.82685e-05
3.175	3.81166e-05
3.18	3.79148e-05
3.185	3.77694e-05
3.19	3.79354e-05
3.195	3.75968e-05
3.2	3.73391e-05
3.205	3.72035e-05
3.21	3.70587e-05
3.215	3.69217e-05
3.22	3.67799e-05
3.225	3.66407e-05
3.23	3.64992e-05
3.235	3.63602e-05
3.24	3.62194e-05
3.245	3.60811e-05
3.25	3.59411e-05
3.255	3.58037e-05
3.26	3.5752e-05
3.265	3.55603e-05
3.27	3.54155e-05
3.275	3.5276e-05
3.28	3.53141e-05
3.285	3.50583e-05
3.29	3.49261e-05
3.295	3.51271e-05
3.3	3.47981e-05
3.305	3.45347e-05
3.31	3.44097e-05
3.315	3.42786e-05
3.32	3.41506e-05
3.325	3.40226e-05
3.33	3.38928e-05
3.335	3.37649e-05
3.34	3.36354e-05
3.345	3.3508e-05
3.35	3.33792e-05
3.355	3.32525e-05
3.36	3.31244e-05
3.365	3.29984e-05
3.37	3.28712e-05
3.375	3.28306e-05
3.38	3.26528e-05
3.385	3.25727e-05
3.39	3.25062e-05
3.395	3.23842e-05
3.4	3.24904e-05
3.405	3.22033e-05
3.41	3.19545e-05
3.415	3.18425e-05
3.42	3.17218e-05
3.425	3.16046e-05
3.43	3.14861e-05
3.435	3.13674e-05
3.44	3.12488e-05
3.445	3.11303e-05
3.45	3.10122e-05
3.455	3.08942e-05
3.46	3.07767e-05
3.465	3.06594e-05
3.47	3.05426e-05
3.475	3.04261e-05
3.48	3.03102e-05
3.485	3.01945e-05
3.49	3.01695e-05
3.495	2.99909e-05
3.5	3.00368e-05
3.505	2.98008e-05
3.51	2.99944e-05
3.515	2.97668e-05
3.52	2.95198e-05
3.525	2.94046e-05
3.53	2.92585e-05
3.535	2.91526e-05
3.54	2.90443e-05
3.545	2.89358e-05
3.55	2.89386e-05
3.555	2.87467e-05
3.56	2.86472e-05
3.565	2.86107e-05
3.57	2.84171e-05
3.575	2.82923e-05
3.58	2.81841e-05
3.585	2.80721e-05
3.59	2.79661e-05
3.595	2.78601e-05
3.6	2.77545e-05
3.605	2.76495e-05
3.61	2.76365e-05
3.615	2.75721e-05
3.62	2.74516e-05
3.625	2.76176e-05
3.63	2.74553e-05
3.635	2.71661e-05
3.64	2.71439e-05
3.645	2.6984e-05
3.65	2.69409e-05
3.655	2.67874e-05
3.66	2.67399e-05
3.665	2.65865e-05
3.67	2.65418e-05
3.675	2.63916e-05
3.68	2.63439e-05
3.685	2.61974e-05
3.69	2.6149e-05
3.695	2.59485e-05
3.7	2.59712e-05
3.705	2.57596e-05
3.71	2.56155e-05
3.715	2.55221e-05
3.72	2.54259e-05
3.725	2.53291e-05
3.73	2.52343e-05
3.735	2.53077e-05
3.74	2.5098e-05
3.745	2.50064e-05
3.75	2.5309e-05
3.755	2.49948e-05
3.76	2.47777e-05
3.765	2.46916e-05
3.77	2.45974e-05
3.775	2.4505e-05
3.78	2.4472e-05
3.785	2.43722e-05
3.79	2.42262e-05
3.795	2.42017e-05
3.8	2.40982e-05
3.805	2.39532e-05
3.81	2.39326e-05
3.815	2.3832e-05
3.82	2.36854e-05
3.825	2.36065e-05
3.83	2.35184e-05
3.835	2.34288e-05
3.84	2.33431e-05
3.845	2.32549e-05
3.85	2.31975e-05
3.855	2.31976e-05
3.86	2.30205e-05
3.865	2.28615e-05
3.87	2.29475e-05
3.875	2.27426e-05
3.88	2.30341e-05
3.885	2.27892e-05
3.89	2.25847e-05
3.895	2.25092e-05
3.9	2.23711e-05
3.905	2.22915e-05
3.91	2.22075e-05
3.915	2.21259e-05
3.92	2.20422e-05
3.925	2.19613e-05
3.93	2.18776e-05
3.935	2.1797e-05
3.94	2.17139e-05
3.945	2.16337e-05
3.95	2.15511e-05
3.955	2.14714e-05
3.96	2.13893e-05
3.965	2.13102e-05
3.97	2.12287e-05
3.975	2.115e-05
3.98	2.11441e-05
3.985	2.09867e-05
3.99	2.09177e-05
3.995	2.08369e-05
4	2.07605e-05
4.005	2.06796e-05
4.01	2.06786e-05
4.015	2.06614e-05
4.02	2.08287e-05
4.025	2.07984e-05
4.03	2.03915e-05
4.035	2.03523e-05
4.04	2.02019e-05
4.045	2.01358e-05
4.05	2.00672e-05
4.055	1.99901e-05
4.06	1.9916e-05
4.065	1.98427e-05
4.07	1.97677e-05
4.075	1.96946e-05
4.08	1.97283e-05
4.085	1.95766e-05
4.09	1.94631e-05
4.095	1.95126e-05
4.1	1.93603e-05
4.105	1.92458e-05
4.11	1.9185e-05
4.115	1.91106e-05
4.12	1.90403e-05
4.125	1.9015e-05
4.13	1.89669e-05
4.135	1.8869e-05
4.14	1.88193e-05
4.145	1.87243e-05
4.15	1.85958e-05
4.155	1.86214e-05
4.16	1.84633e-05
4.165	1.84042e-05
4.17	1.87271e-05
4.175	1.87115e-05
4.18	1.8304e-05
4.185	1.83808e-05
4.19	1.81682e-05
4.195	1.8198e-05
4.2	1.80362e-05
4.205	1.80685e-05
4.21	1.79007e-05
4.215	1.78515e-05
4.22	1.77837e-05
4.225	1.77181e-05
4.23	1.76509e-05
4.235	1.75861e-05
4.24	1.75197e-05
4.245	1.7455e-05
4.25	1.73892e-05
4.255	1.73248e-05
4.26	1.72595e-05
4.265	1.71958e-05
4.27	1.71309e-05
4.275	1.70675e-05
4.28	1.70034e-05
4.285	1.69405e-05
4.29	1.6877e-05
4.295	1.68146e-05
4.3	1.67517e-05
4.305	1.66955e-05
4.31	1.6781e-05
4.315	1.65357e-05
4.32	1.66543e-05
4.325	1.64677e-05
4.33	1.63653e-05
4.335	1.66581e-05
4.34	1.66021e-05
4.345	1.63339e-05
4.35	1.61711e-05
4.355	1.61297e-05
4.36	1.60726e-05
4.365	1.60126e-05
4.37	1.5956e-05
4.375	1.58951e-05
4.38	1.58354e-05
4.385	1.59139e-05
4.39	1.57447e-05
4.395	1.57761e-05
4.4	1.56117e-05
4.405	1.5569e-05
4.41	1.55139e-05
4.415	1.54163e-05
4.42	1.55133e-05
4.425	1.53366e-05
4.43	1.52451e-05
4.435	1.53358e-05
4.44	1.51693e-05
4.445	1.50738e-05
4.45	1.51682e-05
4.455	1.50043e-05
4.46	1.49037e-05
4.465	1.49998e-05
4.47	1.48405e-05
4.475	1.47368e-05
4.48	1.46937e-05
4.485	1.46372e-05
4.49	1.45841e-05
4.495	1.4529e-05
4.5	1.44754e-05
4.505	1.44209e-05
4.51	1.43676e-05
4.515	1.43139e-05
4.52	1.42611e-05
4.525	1.44961e-05
4.53	1.45489e-05
4.535	1.43168e-05
4.54	1.41187e-05
4.545	1.40746e-05
4.55	1.40207e-05
4.555	1.39678e-05
4.56	1.39151e-05
4.565	1.38668e-05
4.57	1.38108e-05
4.575	1.37653e-05
4.58	1.37071e-05
4.585	1.36576e-05
4.59	1.36072e-05
4.595	1.35601e-05
4.6	1.35045e-05
4.605	1.34596e-05
4.61	1.34055e-05
4.615	1.33629e-05
4.62	1.33065e-05
4.625	1.32555e-05
4.63	1.32072e-05
4.635	1.31566e-05
4.64	1.31087e-05
4.645	1.30585e-05
4.65	1.30111e-05
4.655	1.29611e-05
4.66	1.29142e-05
4.665	1.28646e-05
4.67	1.28181e-05
4.675	1.27689e-05
4.68	1.27229e-05
4.685	1.26739e-05
4.69	1.26284e-05
4.695	1.25798e-05
4.7	1.25348e-05
4.705	1.24865e-05
4.71	1.24419e-05
4.715	1.23941e-05
4.72	1.235e-05
4.725	1.23024e-05
4.73	1.23025e-05
4.735	1.21787e-05
4.74	1.23062e-05
4.745	1.21582e-05
4.75	1.20459e-05
4.755	1.20111e-05
4.76	1.19641e-05
4.765	1.23039e-05
4.77	1.2384e-05
4.775	1.21079e-05
4.78	1.18387e-05
4.785	1.18165e-05
4.79	1.1773e-05
4.795	1.17248e-05
4.8	1.18223e-05
4.805	1.16783e-05
4.81	1.17303e-05
4.815	1.15649e-05
4.82	1.1554e-05
4.825	1.15105e-05
4.83	1.14743e-05
4.835	1.14261e-05
4.84	1.13872e-05
4.845	1.13396e-05
4.85	1.13018e-05
4.855	1.12539e-05
4.86	1.12165e-05
4.865	1.11693e-05
4.87	1.11313e-05
4.875	1.10852e-05
4.88	1.10462e-05
4.885	1.10017e-05
4.89	1.0962e-05
4.895	1.09191e-05
4.9	1.0879e-05
4.905	1.08375e-05
4.91	1.07972e-05
4.915	1.07569e-05
4.92	1.07167e-05
4.925	1.06774e-05
4.93	1.06371e-05
4.935	1.05987e-05
4.94	1.05586e-05
4.945	1.05205e-05
4.95	1.04805e-05
4.955	1.04429e-05
4.96	1.04033e-05
4.965	1.03663e-05
4.97	1.03272e-05
4.975	1.03136e-05
4.98	1.02032e-05
4.985	1.01711e-05
4.99	1.01346e-05
4.995	1.00962e-05
5	1.00596e-05
5.005	1.0022e-05
5.01	9.98592e-06
5.015	9.94846e-06
5.02	9.9139e-06
5.025	9.87375e-06
5.03	9.84451e-06
5.035	9.80457e-06
5.04	9.77033e-06
5.045	9.73391e-06
5.05	9.69699e-06
5.055	9.66753e-06
5.06	9.71327e-06
5.065	1.00623e-05
5.07	9.9557e-06
5.075	9.90994e-06
5.08	9.50043e-06
5.085	9.68348e-06
5.09	9.56043e-06
5.095	9.4341e-06
5.1	9.41505e-06
5.105	9.38191e-06
5.11	9.34398e-06
5.115	9.30992e-06
5.12	9.27396e-06
5.125	9.23925e-06
5.13	9.36245e-06
5.135	9.23184e-06
5.14	9.26842e-06
5.145	9.1517e-06
5.15	9.19795e-06
5.155	9.07977e-06
5.16	9.12928e-06
5.165	9.0107e-06
5.17	9.06756e-06
5.175	8.94422e-06
5.18	8.99806e-06
5.185	8.84144e-06
5.19	8.82401e-06
5.195	8.7927e-06
5.2	8.76119e-06
5.205	8.72868e-06
5.21	8.69542e-06
5.215	8.66405e-06
5.22	8.63106e-06
5.225	8.59981e-06
5.23	8.56718e-06
5.235	8.53632e-06
5.24	8.50381e-06
5.245	8.47348e-06
5.25	8.44094e-06
5.255	8.46972e-06
5.26	8.49483e-06
5.265	8.38636e-06
5.27	8.44502e-06
5.275	8.32183e-06
5.28	8.37311e-06
5.285	8.26695e-06
5.29	8.32135e-06
5.295	8.20137e-06
5.3	8.26048e-06
5.305	8.15165e-06
5.31	8.21811e-06
5.315	8.09233e-06
5.32	7.98427e-06
5.325	7.96285e-06
5.33	7.93911e-06
5.335	7.90734e-06
5.34	7.87911e-06
5.345	7.84955e-06
5.35	7.8215e-06
5.355	7.79242e-06
5.36	7.76536e-06
5.365	7.73661e-06
5.37	7.71026e-06
5.375	7.68176e-06
5.38	7.65621e-06
5.385	7.62791e-06
5.39	7.67123e-06
5.395	7.52764e-06
5.4	7.50138e-06
5.405	7.48001e-06
5.41	7.4509e-06
5.415	7.42705e-06
5.42	7.39841e-06
5.425	7.38123e-06
5.43	7.34558e-06
5.435	7.80495e-06
5.44	7.82552e-06
5.445	7.76383e-06
5.45	7.52482e-06
5.455	7.42152e-06
5.46	7.39928e-06
5.465	7.45847e-06
5.47	7.36994e-06
5.475	7.4205e-06
5.48	7.31362e-06
5.485	7.34819e-06
5.49	7.2646e-06
5.495	7.28914e-06
5.5	7.21123e-06
5.505	7.22673e-06
5.51	7.14634e-06
5.515	7.17835e-06
5.52	7.1021e-06
5.525	7.11887e-06
5.53	7.04196e-06
5.535	7.0677e-06
5.54	7.0028e-06
5.545	7.01634e-06
5.55	6.94502e-06
5.555	6.95686e-06
5.56	6.88836e-06
5.565	6.90532e-06
5.57	6.83445e-06
5.575	6.85759e-06
5.58	6.84811e-06
5.585	6.81473e-06
5.59	6.8023e-06
5.595	6.76143e-06
5.6	6.7504e-06
5.605	6.70726e-06
5.61	6.70517e-06
5.615	6.6613e-06
5.62	6.65087e-06
5.625	6.6108e-06
5.63	6.60582e-06
5.635	6.56634e-06
5.64	6.55855e-06
5.645	6.52112e-06
5.65	6.50434e-06
5.655	6.47256e-06
5.66	6.45951e-06
5.665	6.43115e-06
5.67	6.4037e-06
5.675	6.38378e-06
5.68	6.3642e-06
5.685	6.34056e-06
5.69	6.30779e-06
5.695	6.29925e-06
5.7	6.26991e-06
5.705	6.24582e-06
5.71	6.22376e-06
5.715	6.2166e-06
5.72	6.16987e-06
5.725	6.174e-06
5.73	6.12983e-06
5.735	6.13767e-06
5.74	6.07663e-06
5.745	6.09512e-06
5.75	6.03912e-06
5.755	6.05284e-06
5.76	5.98688e-06
5.765	6.01463e-06
5.77	5.94858e-06
5.775	5.98315e-06
5.78	5.90882e-06
5.785	5.94785e-06
5.79	5.85745e-06
5.795	5.90814e-06
5.8	5.82019e-06
5.805	5.87735e-06
5.81	5.78046e-06
5.815	5.84503e-06
5.82	5.73076e-06
5.825	5.80798e-06
5.83	5.69562e-06
5.835	5.78007e-06
5.84	5.64336e-06
5.845	5.65921e-06
5.85	5.59517e-06
5.855	5.62909e-06
5.86	5.57062e-06
5.865	5.60417e-06
5.87	5.51814e-06
5.875	5.56993e-06
5.88	5.48452e-06
5.885	5.5502e-06
5.89	5.4413e-06
5.895	5.50263e-06
5.9	5.4117e-06
5.905	5.49149e-06
5.91	5.36516e-06
5.915	5.45591e-06
5.92	5.33313e-06
5.925	5.35664e-06
5.93	5.3078e-06
5.935	5.3329e-06
5.94	5.27807e-06
5.945	5.30805e-06
5.95	5.22741e-06
5.955	5.28288e-06
5.96	5.20262e-06
5.965	5.26576e-06
5.97	5.15629e-06
5.975	5.24329e-06
5.98	5.13126e-06
5.985	5.37749e-06
5.99	5.30906e-06
5.995	5.03567e-06
6	5.36625e-06
6.005	5.22872e-06
6.01	5.14204e-06
6.015	5.05707e-06
6.02	5.1123e-06
6.025	5.10931e-06
6.03	5.11274e-06
6.035	5.01036e-06
6.04	5.04037e-06
6.045	5.00471e-06
6.05	5.01577e-06
6.055	4.96356e-06
6.06	4.96227e-06
6.065	4.91649e-06
6.07	4.92997e-06
6.075	4.89502e-06
6.08	4.88606e-06
6.085	4.85258e-06
6.09	4.93181e-06
6.095	4.88897e-06
6.1	4.8317e-06
6.105	4.74819e-06
6.11	4.81168e-06
6.115	4.85059e-06
6.12	4.79503e-06
6.125	4.75875e-06
6.13	4.41234e-06
6.135	4.71321e-06
6.14	4.46618e-06
6.145	4.62557e-06
6.15	4.78201e-06
6.155	4.64661e-06
6.16	4.66375e-06
6.165	4.62932e-06
6.17	4.52103e-06
6.175	4.68966e-06
6.18	4.58414e-06
6.185	4.58904e-06
6.19	4.53188e-06
6.195	4.41441e-06
6.2	4.59997e-06
6.205	4.61645e-06
6.21	4.58039e-06
6.215	4.37974e-06
6.22	4.48841e-06
6.225	4.44774e-06
6.23	4.15949e-06
6.235	4.49261e-06
6.24	4.41813e-06
6.245	4.11957e-06
6.25	4.43029e-06
6.255	4.37513e-06
6.26	4.07594e-06
6.265	4.38165e-06
6.27	4.32429e-06
6.275	4.03299e-06
6.28	4.3358e-06
6.285	4.27948e-06
6.29	3.98816e-06
6.295	4.28917e-06
6.3	4.23175e-06
6.305	3.9456e-06
6.31	4.24542e-06
6.315	4.28963e-06
6.32	4.08376e-06
6.325	4.12076e-06
6.33	4.31847e-06
6.335	4.07677e-06
6.34	4.05285e-06
6.345	4.24787e-06
6.35	4.02943e-06
6.355	4.01551e-06
6.36	4.20058e-06
6.365	3.98511e-06
6.37	3.96938e-06
6.375	4.16143e-06
6.38	3.94563e-06
6.385	3.93391e-06
6.39	4.11404e-06
6.395	3.90285e-06
6.4	3.89008e-06
6.405	4.07606e-06
6.41	3.86452e-06
6.415	3.85561e-06
6.42	4.03062e-06
6.425	3.82317e-06
6.43	3.81414e-06
6.435	3.99326e-06
6.44	3.63635e-06
6.445	3.98156e-06
6.45	3.93152e-06
6.455	3.59998e-06
6.46	3.91674e-06
6.465	3.87884e-06
6.47	3.54342e-06
6.475	3.78845e-06
6.48	3.758e-06
6.485	3.47425e-06
6.49	3.70461e-06
6.495	3.72159e-06
6.5	3.46791e-06
6.505	3.70478e-06
6.51	3.67959e-06
6.515	3.39771e-06
6.52	3.6412e-06
6.525	3.65621e-06
6.53	3.40477e-06
6.535	3.66321e-06
6.54	3.60787e-06
6.545	3.33496e-06
6.55	3.59948e-06
6.555	3.5926e-06
6.56	3.34748e-06
6.565	3.6174e-06
6.57	3.54337e-06
6.575	3.27276e-06
6.58	3.55615e-06
6.585	3.52738e-06
6.59	3.28506e-06
6.595	3.55904e-06
6.6	3.47999e-06
6.605	3.20721e-06
6.61	3.50609e-06
6.615	3.46179e-06
6.62	3.22219e-06
6.625	3.60128e-06
6.63	3.49225e-06
6.635	3.18144e-06
6.64	3.53156e-06
6.645	3.45926e-06
6.65	3.13275e-06
6.655	3.41543e-06
6.66	3.34525e-06
6.665	3.08209e-06
6.67	3.32757e-06
6.675	3.30898e-06
6.68	3.07261e-06
6.685	3.49536e-06
6.69	3.36416e-06
6.695	3.07611e-06
6.7	3.41483e-06
6.705	3.33721e-06
6.71	3.0428e-06
6.715	3.37712e-06
6.72	3.31524e-06
6.725	2.99919e-06
6.73	3.3556e-06
6.735	3.29236e-06
6.74	2.9713e-06
6.745	3.33224e-06
6.75	3.2586e-06
6.755	2.94804e-06
6.76	3.30891e-06
6.765	3.22931e-06
6.77	2.93312e-06
6.775	3.27751e-06
6.78	3.20758e-06
6.785	2.89876e-06
6.79	3.25996e-06
6.795	3.17626e-06
6.8	2.8767e-06
6.805	3.22356e-06
6.81	3.15723e-06
6.815	2.83112e-06
6.82	3.21712e-06
6.825	3.14504e-06
6.83	2.78885e-06
6.835	3.17154e-06
6.84	3.10453e-06
6.845	2.78693e-06
6.85	3.26427e-06
6.855	3.25493e-06
6.86	3.05722e-06
6.865	3.18221e-06
6.87	2.74166e-06
6.875	3.06351e-06
6.88	3.11035e-06
6.885	3.09245e-06
6.89	2.76218e-06
6.895	2.9762e-06
6.9	3.01868e-06
6.905	2.69268e-06
6.91	2.94809e-06
6.915	2.90911e-06
6.92	2.5928e-06
6.925	2.81785e-06
6.93	2.8789e-06
6.935	2.58149e-06
6.94	2.83458e-06
6.945	2.85678e-06
6.95	2.534e-06
6.955	2.80851e-06
6.96	2.84669e-06
6.965	2.55613e-06
6.97	2.93404e-06
6.975	2.56591e-06
6.98	2.94774e-06
6.985	2.93931e-06
6.99	2.51276e-06
6.995	2.77461e-06
7	2.88126e-06
7.005	2.45788e-06
7.01	2.78094e-06
7.015	2.86497e-06
7.02	2.45611e-06
7.025	2.71098e-06
7.03	2.82016e-06
7.035	2.40134e-06
7.04	2.72426e-06
7.045	2.80049e-06
7.05	2.40642e-06
7.055	2.82734e-06
7.06	2.65893e-06
7.065	2.38197e-06
7.07	2.79452e-06
7.075	2.67749e-06
7.08	2.38292e-06
7.085	2.76775e-06
7.09	2.65125e-06
7.095	2.33469e-06
7.1	2.75963e-06
7.105	2.61588e-06
7.11	2.33945e-06
7.115	2.73948e-06
7.12	2.59531e-06
7.125	2.29486e-06
7.13	2.71677e-06
7.135	2.55351e-06
7.14	2.29375e-06
7.145	2.6885e-06
7.15	2.35671e-06
7.155	2.66399e-06
7.16	2.68707e-06
7.165	2.33852e-06
7.17	2.64134e-06
7.175	2.64626e-06
7.18	2.32956e-06
7.185	2.6212e-06
7.19	2.54044e-06
7.195	2.25065e-06
7.2	2.69415e-06
7.205	2.55671e-06
7.21	2.28712e-06
7.215	2.64407e-06
7.22	2.54036e-06
7.225	2.2238e-06
7.23	2.65874e-06
7.235	2.50667e-06
7.24	2.25385e-06
7.245	2.58338e-06
7.25	2.48189e-06
7.255	2.17518e-06
7.26	2.60488e-06
7.265	2.44243e-06
7.27	2.20186e-06
7.275	2.53847e-06
7.28	2.43164e-06
7.285	2.13104e-06
7.29	2.53619e-06
7.295	2.38786e-06
7.3	2.15423e-06
7.305	2.53419e-06
7.31	2.44944e-06
7.315	2.43931e-06
7.32	2.30983e-06
7.325	2.34679e-06
7.33	2.48408e-06
7.335	2.16323e-06
7.34	2.32806e-06
7.345	2.37845e-06
7.35	2.26475e-06
7.355	2.39e-06
7.36	2.21149e-06
7.365	2.01425e-06
7.37	2.4567e-06
7.375	2.1706e-06
7.38	2.56485e-06
7.385	2.32698e-06
7.39	2.1359e-06
7.395	2.38792e-06
7.4	2.28817e-06
7.405	2.14572e-06
7.41	2.19972e-06
7.415	2.27238e-06
7.42	2.07816e-06
7.425	2.28423e-06
7.43	2.27259e-06
7.435	2.15269e-06
7.44	2.42762e-06
7.445	2.19342e-06
7.45	2.09637e-06
7.455	2.38135e-06
7.46	2.35161e-06
7.465	2.26966e-06
7.47	2.40994e-06
7.475	2.14501e-06
7.48	2.18348e-06
7.485	2.21475e-06
7.49	2.00745e-06
7.495	2.39389e-06
7.5	2.08754e-06
7.505	2.09351e-06
7.51	2.37242e-06
7.515	2.15689e-06
7.52	2.03604e-06
7.525	2.14495e-06
7.53	2.15199e-06
7.535	2.04666e-06
7.54	2.03192e-06
7.545	2.14543e-06
7.55	2.22342e-06
7.555	2.27759e-06
7.56	1.9263e-06
7.565	2.12921e-06
7.57	1.99732e-06
7.575	1.9912e-06
7.58	2.24979e-06
7.585	2.33858e-06
7.59	2.09209e-06
7.595	2.16305e-06
7.6	2.22444e-06
7.605	1.98839e-06
7.61	2.01491e-06
7.615	2.41421e-06
7.62	2.19843e-06
7.625	2.08117e-06
7.63	2.15074e-06
7.635	2.34621e-06
7.64	2.23942e-06
7.645	2.39552e-06
7.65	1.84846e-06
7.655	2.35382e-06
7.66	2.12997e-06
7.665	2.27382e-06
7.67	1.88945e-06
7.675	2.23156e-06
7.68	1.95402e-06
7.685	2.06662e-06
7.69	2.2789e-06
7.695	2.25214e-06
7.7	2.16961e-06
7.705	2.11676e-06
7.71	1.97598e-06
7.715	2.16412e-06
7.72	2.21506e-06
7.725	2.22385e-06
7.73	2.10151e-06
7.735	2.26742e-06
7.74	2.09689e-06
7.745	2.06087e-06
7.75	2.03804e-06
7.755	2.201e-06
7.76	2.16543e-06
7.765	2.1974e-06
7.77	2.00954e-06
7.775	2.08775e-06
7.78	2.06608e-06
7.785	2.13671e-06
7.79	2.10243e-06
7.795	2.20626e-06
7.8	2.03696e-06
7.805	1.98959e-06
7.81	1.95668e-06
7.815	2.21142e-06
7.82	1.77925e-06
7.825	2.01408e-06
7.83	1.76034e-06
7.835	1.9544e-06
7.84	2.16247e-06
7.845	2.02521e-06
7.85	2.02669e-06
7.855	1.97904e-06
7.86	2.14973e-06
7.865	2.14316e-06
7.87	2.3004e-06
7.875	2.02258e-06
7.88	1.9496e-06
7.885	1.75778e-06
7.89	2.19055e-06
7.895	1.69904e-06
7.9	1.95134e-06
7.905	2.05999e-06
7.91	2.11609e-06
7.915	2.05325e-06
7.92	1.97658e-06
7.925	1.85317e-06
7.93	2.03795e-06
7.935	2.21127e-06
7.94	2.11812e-06
7.945	2.00384e-06
7.95	1.867e-06
7.955	1.96972e-06
7.96	1.92382e-06
7.965	2.04783e-06
7.97	2.11311e-06
7.975	1.93637e-06
7.98	1.82683e-06
7.985	1.80017e-06
7.99	1.86105e-06
7.995	2.05936e-06
8	1.92128e-06
8.005	1.72355e-06
8.01	1.82195e-06
8.015	1.8226e-06
8.02	1.90766e-06
8.025	1.9819e-06
8.03	1.96024e-06
8.035	1.74466e-06
8.04	2.00403e-06
8.045	1.81613e-06
8.05	1.8406e-06
8.055	1.856e-06
8.06	2.06315e-06
8.065	1.88239e-06
8.07	1.78166e-06
8.075	1.7793e-06
8.08	2.31805e-06
8.085	2.11161e-06
8.09	1.67957e-06
8.095	1.89845e-06
8.1	2.1869e-06
8.105	1.82449e-06
8.11	1.99744e-06
8.115	2.00827e-06
8.12	1.75954e-06
8.125	1.68545e-06
8.13	1.65432e-06
8.135	1.77613e-06
8.14	1.75702e-06
8.145	1.8364e-06
8.15	1.8571e-06
8.155	1.83026e-06
8.16	1.56801e-06
8.165	2.18108e-06
8.17	2.07102e-06
8.175	1.93954e-06
8.18	1.7223e-06
8.185	1.37995e-06
8.19	2.16038e-06
8.195	1.64e-06
8.2	1.94921e-06
8.205	1.84247e-06
8.21	2.02735e-06
8.215	1.87827e-06
8.22	2.03786e-06
8.225	1.58447e-06
8.23	2.00211e-06
8.235	1.812e-06
8.24	2.09796e-06
8.245	1.81351e-06
8.25	1.55824e-06
8.255	2.07424e-06
8.26	2.16058e-06
8.265	1.60805e-06
8.27	1.99543e-06
8.275	1.69832e-06
8.28	2.02927e-06
8.285	1.85837e-06
8.29	1.76219e-06
8.295	1.56519e-06
8.3	1.7944e-06
8.305	1.92136e-06
8.31	1.35064e-06
8.315	1.76617e-06
8.32	1.7272e-06
8.325	1.74354e-06
8.33	1.52534e-06
8.335	2.00755e-06
8.34	1.53544e-06
8.345	1.79086e-06
8.35	2.03661e-06
8.355	1.45888e-06
8.36	1.84069e-06
8.365	1.5427e-06
8.37	1.57779e-06
8.375	1.71116e-06
8.38	1.76282e-06
8.385	1.9875e-06
8.39	1.42841e-06
8.395	1.46875e-06
8.4	1.65415e-06
8.405	1.72228e-06
8.41	1.84092e-06
8.415	1.51814e-06
8.42	1.44269e-06
8.425	1.44948e-06
8.43	1.60087e-06
8.435	1.58129e-06
8.44	1.62627e-06
8.445	1.46737e-06
8.45	1.58226e-06
8.455	2.05528e-06
8.46	1.50556e-06
8.465	1.74446e-06
8.47	1.46385e-06
8.475	1.98452e-06
8.48	1.56083e-06
8.485	1.82594e-06
8.49	1.50664e-06
8.495	1.65469e-06
8.5	2.00483e-06
8.505	1.75876e-06
8.51	1.80458e-06
8.515	1.74225e-06
8.52	1.11835e-06
8.525	1.68478e-06
8.53	1.71885e-06
8.535	1.60589e-06
8.54	1.72445e-06
8.545	1.77497e-06
8.55	1.86928e-06
8.555	1.7354e-06
8.56	1.68019e-06
8.565	1.86892e-06
8.57	1.55475e-06
8.575	1.47299e-06
8.58	1.77932e-06
8.585	1.75577e-06
8.59	1.73015e-06
8.595	1.75291e-06
8.6	1.58196e-06
8.605	1.86793e-06
8.61	1.70071e-06
8.615	1.90066e-06
8.62	1.62333e-06
8.625	1.99201e-06
8.63	1.69008e-06
8.635	1.66576e-06
8.64	1.93867e-06
8.645	1.33669e-06
8.65	1.47535e-06
8.655	1.55899e-06
8.66	2.00501e-06
8.665	1.41451e-06
8.67	1.73677e-06
8.675	1.56016e-06
8.68	1.8467e-06
8.685	1.49156e-06
8.69	1.78619e-06
8.695	1.48398e-06
8.7	1.3809e-06
8.705	1.546e-06
8.71	1.71636e-06
8.715	1.86447e-06
8.72	1.57287e-06
8.725	1.60457e-06
8.73	1.72415e-06
8.735	1.43831e-06
8.74	1.39423e-06
8.745	1.7883e-06
8.75	1.79391e-06
8.755	1.51115e-06
8.76	1.73733e-06
8.765	1.28783e-06
8.77	1.62343e-06
8.775	1.4565e-06
8.78	1.6783e-06
8.785	1.76056e-06
8.79	1.64778e-06
8.795	1.77814e-06
8.8	1.63704e-06
8.805	2.02418e-06
8.81	1.76081e-06
8.815	1.55273e-06
8.82	1.78169e-06
8.825	1.74267e-06
8.83	1.49936e-06
8.835	1.81098e-06
8.84	1.56142e-06
8.845	1.5104e-06
8.85	1.67337e-06
8.855	1.44444e-06
8.86	1.62707e-06
8.865	1.62748e-06
8.87	1.27403e-06
8.875	1.84489e-06
8.88	1.68246e-06
8.885	1.55352e-06
8.89	1.54212e-06
8.895	1.56702e-06
8.9	1.68638e-06
8.905	1.13474e-06
8.91	1.60548e-06
8.915	1.87888e-06
8.92	1.55354e-06
8.925	1.86156e-06
8.93	1.53747e-06
8.935	1.66195e-06
8.94	1.52421e-06
8.945	1.64876e-06
8.95	1.77066e-06
8.955	1.2925e-06
8.96	1.54034e-06
8.965	1.47655e-06
8.97	1.49818e-06
8.975	1.31919e-06
8.98	1.66177e-06
8.985	1.98827e-06
8.99	1.51276e-06
8.995	1.79199e-06
9	1.80027e-06
9.005	1.67374e-06
9.01	1.58553e-06
9.015	1.94049e-06
9.02	1.60411e-06
9.025	1.58272e-06
9.03	1.38404e-06
9.035	1.85431e-06
9.04	1.7869e-06
9.045	1.56497e-06
9.05	1.67287e-06
9.055	1.61749e-06
9.06	1.56699e-06
9.065	1.52857e-06
9.07	1.42554e-06
9.075	1.69652e-06
9.08	1.90371e-06
9.085	1.54669e-06
9.09	1.43787e-06
9.095	1.21502e-06
9.1	1.64849e-06
9.105	1.28281e-06
9.11	1.59024e-06
9.115	1.62354e-06
9.12	1.61575e-06
9.125	1.38704e-06
9.13	1.30326e-06
9.135	1.6388e-06
9.14	1.62684e-06
9.145	1.7924e-06
9.15	1.19016e-06
9.155	1.70917e-06
9.16	1.45301e-06
9.165	1.44874e-06
9.17	1.53969e-06
9.175	1.83588e-06
9.18	1.59018e-06
9.185	1.47762e-06
9.19	1.39233e-06
9.195	1.36649e-06
9.2	2.22702e-06
9.205	1.6712e-06
9.21	1.71102e-06
9.215	1.53776e-06
9.22	1.49998e-06
9.225	1.46345e-06
9.23	1.28689e-06
9.235	1.92733e-06
9.24	1.45761e-06
9.245	1.48222e-06
9.25	1.93883e-06
9.255	1.67517e-06
9.26	1.58084e-06
9.265	1.87707e-06
9.27	1.4337e-06
9.275	1.52664e-06
9.28	1.28505e-06
9.285	1.56365e-06
9.29	1.17775e-06
9.295	1.62044e-06
9.3	1.75694e-06
9.305	1.8039e-06
9.31	1.38801e-06
9.315	1.47165e-06
9.32	1.41148e-06
9.325	1.51496e-06
9.33	1.67256e-06
9.335	1.53702e-06
9.34	1.68965e-06
9.345	1.52382e-06
9.35	1.25708e-06
9.355	1.39557e-06
9.36	1.68955e-06
9.365	1.41469e-06
9.37	1.69518e-06
9.375	1.47124e-06
9.38	1.68428e-06
9.385	1.49943e-06
9.39	1.77805e-06
9.395	1.54894e-06
9.4	1.24663e-06
9.405	1.79884e-06
9.41	1.58414e-06
9.415	1.74533e-06
9.42	1.67203e-06
9.425	1.60648e-06
9.43	1.65384e-06
9.435	1.67132e-06
9.44	1.59575e-06
9.445	1.41952e-06
9.45	1.68799e-06
9.455	1.65763e-06
9.46	1.4613e-06
9.465	1.47126e-06
9.47	1.97172e-06
9.475	1.53808e-06
9.48	1.51338e-06
9.485	1.61566e-06
9.49	1.54254e-06
9.495	1.52429e-06
9.5	1.66225e-06
9.505	1.19588e-06
9.51	1.75574e-06
9.515	1.63609e-06
9.52	1.67791e-06
9.525	1.8393e-06
9.53	1.5244e-06
9.535	1.48421e-06
9.54	1.92914e-06
9.545	1.56914e-06
9.55	1.52999e-06
9.555	1.65588e-06
9.56	1.4614e-06
9.565	1.49528e-06
9.57	1.97403e-06
9.575	1.61448e-06
9.58	1.58591e-06
9.585	1.44106e-06
9.59	1.51843e-06
9.595	1.91675e-06
9.6	1.42091e-06
9.605	1.31719e-06
9.61	1.33161e-06
9.615	1.44202e-06
9.62	1.64239e-06
9.625	1.45382e-06
9.63	1.68218e-06
9.635	1.47137e-06
9.64	1.6077e-06
9.645	1.64899e-06
9.65	1.53217e-06
9.655	1.804e-06
9.66	1.3675e-06
9.665	1.47758e-06
9.67	1.53752e-06
9.675	1.58135e-06
9.68	1.57767e-06
9.685	1.60427e-06
9.69	1.37465e-06
9.695	1.30021e-06
9.7	1.5926e-06
9.705	1.70886e-06
9.71	1.53086e-06
9.715	1.44011e-06
9.72	1.53907e-06
9.725	1.44074e-06
9.73	1.62659e-06
9.735	1.42987e-06
9.74	1.66892e-06
9.745	1.2572e-06
9.75	1.59951e-06
9.755	1.60167e-06
9.76	1.68409e-06
9.765	1.90021e-06
9.77	1.42202e-06
9.775	1.71359e-06
9.78	2.00686e-06
9.785	1.92042e-06
9.79	1.67399e-06
9.795	1.58306e-06
9.8	1.66109e-06
9.805	1.47181e-06
9.81	1.74638e-06
9.815	1.27237e-06
9.82	1.17104e-06
9.825	1.3854e-06
9.83	1.3244e-06
9.835	1.72092e-06
9.84	1.5275e-06
9.845	1.81859e-06
9.85	1.34815e-06
9.855	1.3e-06
9.86	1.10408e-06
9.865	1.39187e-06
9.87	1.39961e-06
9.875	1.46758e-06
9.88	1.60324e-06
9.885	1.86255e-06
9.89	1.5913e-06
9.895	1.64615e-06
9.9	1.56816e-06
9.905	1.81972e-06
9.91	1.69546e-06
9.915	1.31065e-06
9.92	1.60343e-06
9.925	1.51216e-06
9.93	1.28128e-06
9.935	1.67014e-06
9.94	1.52923e-06
9.945	9.58521e-07
9.95	1.42908e-06
9.955	1.65812e-06
9.96	1.34678e-06
9.965	1.09766e-06
9.97	1.74771e-06
9.975	1.40694e-06
9.98	1.34494e-06
9.985	1.30503e-06
9.99	1.52577e-06
9.995	1.65242e-06
10	1.63772e-06
