/*--------------------------------*- C++ -*----------------------------------*\
  =========                 |
  \\      /  F ield         | OpenFOAM: The Open Source CFD Toolbox
   \\    /   O peration     | Website:  https://openfoam.org
    \\  /    A nd           | Version:  6
     \\/     M anipulation  |
\*---------------------------------------------------------------------------*/
FoamFile
{
    version     2.0;
    format      ascii;
    class       volScalarField;
    location    "0";
    object      Tlift1;
}
// * * * * * * * * * * * * * * * * * * * * * * * * * * * * * * * * * * * * * //

dimensions      [0 0 0 1 0 0 0];

internalField   nonuniform List<scalar> 
10000
(
0.00499995
0.0149999
0.0249998
0.0349997
0.0449997
0.0549997
0.0649997
0.0749998
0.0849998
0.0949998
0.105
0.115
0.125
0.135
0.145
0.155
0.165
0.175
0.185
0.195
0.205
0.215
0.225001
0.235001
0.245001
0.255001
0.265001
0.275001
0.285001
0.295001
0.305001
0.315002
0.325002
0.335002
0.345002
0.355002
0.365002
0.375002
0.385002
0.395003
0.405003
0.415003
0.425003
0.435003
0.445003
0.455003
0.465003
0.475003
0.485003
0.495003
0.505003
0.515003
0.525003
0.535003
0.545003
0.555003
0.565003
0.575003
0.585003
0.595003
0.605003
0.615002
0.625002
0.635002
0.645002
0.655002
0.665002
0.675002
0.685002
0.695002
0.705002
0.715002
0.725002
0.735002
0.745002
0.755002
0.765001
0.775001
0.785001
0.795001
0.805001
0.815001
0.825001
0.835001
0.845001
0.855001
0.865001
0.875001
0.885001
0.895001
0.905001
0.915001
0.925001
0.935001
0.945001
0.955001
0.965001
0.975
0.985
0.995
0.00499995
0.0149999
0.0249998
0.0349997
0.0449997
0.0549997
0.0649997
0.0749998
0.0849998
0.0949998
0.105
0.115
0.125
0.135
0.145
0.155
0.165
0.175
0.185
0.195
0.205
0.215
0.225001
0.235001
0.245001
0.255001
0.265001
0.275001
0.285001
0.295001
0.305001
0.315002
0.325002
0.335002
0.345002
0.355002
0.365002
0.375002
0.385002
0.395003
0.405003
0.415003
0.425003
0.435003
0.445003
0.455003
0.465003
0.475003
0.485003
0.495003
0.505003
0.515003
0.525003
0.535003
0.545003
0.555003
0.565003
0.575003
0.585003
0.595003
0.605003
0.615002
0.625002
0.635002
0.645002
0.655002
0.665002
0.675002
0.685002
0.695002
0.705002
0.715002
0.725002
0.735002
0.745002
0.755002
0.765001
0.775001
0.785001
0.795001
0.805001
0.815001
0.825001
0.835001
0.845001
0.855001
0.865001
0.875001
0.885001
0.895001
0.905001
0.915001
0.925001
0.935001
0.945001
0.955001
0.965001
0.975
0.985
0.995
0.00499995
0.0149999
0.0249998
0.0349997
0.0449997
0.0549997
0.0649997
0.0749998
0.0849998
0.0949998
0.105
0.115
0.125
0.135
0.145
0.155
0.165
0.175
0.185
0.195
0.205
0.215
0.225001
0.235001
0.245001
0.255001
0.265001
0.275001
0.285001
0.295001
0.305001
0.315002
0.325002
0.335002
0.345002
0.355002
0.365002
0.375002
0.385002
0.395003
0.405003
0.415003
0.425003
0.435003
0.445003
0.455003
0.465003
0.475003
0.485003
0.495003
0.505003
0.515003
0.525003
0.535003
0.545003
0.555003
0.565003
0.575003
0.585003
0.595003
0.605003
0.615002
0.625002
0.635002
0.645002
0.655002
0.665002
0.675002
0.685002
0.695002
0.705002
0.715002
0.725002
0.735002
0.745002
0.755002
0.765001
0.775001
0.785001
0.795001
0.805001
0.815001
0.825001
0.835001
0.845001
0.855001
0.865001
0.875001
0.885001
0.895001
0.905001
0.915001
0.925001
0.935001
0.945001
0.955001
0.965001
0.975
0.985
0.995
0.00499995
0.0149999
0.0249998
0.0349997
0.0449997
0.0549997
0.0649997
0.0749998
0.0849998
0.0949998
0.105
0.115
0.125
0.135
0.145
0.155
0.165
0.175
0.185
0.195
0.205
0.215
0.225001
0.235001
0.245001
0.255001
0.265001
0.275001
0.285001
0.295001
0.305001
0.315002
0.325002
0.335002
0.345002
0.355002
0.365002
0.375002
0.385002
0.395003
0.405003
0.415003
0.425003
0.435003
0.445003
0.455003
0.465003
0.475003
0.485003
0.495003
0.505003
0.515003
0.525003
0.535003
0.545003
0.555003
0.565003
0.575003
0.585003
0.595003
0.605003
0.615002
0.625002
0.635002
0.645002
0.655002
0.665002
0.675002
0.685002
0.695002
0.705002
0.715002
0.725002
0.735002
0.745002
0.755002
0.765001
0.775001
0.785001
0.795001
0.805001
0.815001
0.825001
0.835001
0.845001
0.855001
0.865001
0.875001
0.885001
0.895001
0.905001
0.915001
0.925001
0.935001
0.945001
0.955001
0.965001
0.975
0.985
0.995
0.00499995
0.0149999
0.0249998
0.0349997
0.0449997
0.0549997
0.0649998
0.0749998
0.0849998
0.0949998
0.105
0.115
0.125
0.135
0.145
0.155
0.165
0.175
0.185
0.195
0.205
0.215001
0.225001
0.235001
0.245001
0.255001
0.265001
0.275001
0.285001
0.295001
0.305001
0.315002
0.325002
0.335002
0.345002
0.355002
0.365002
0.375002
0.385002
0.395003
0.405003
0.415003
0.425003
0.435003
0.445003
0.455003
0.465003
0.475003
0.485003
0.495003
0.505003
0.515003
0.525003
0.535003
0.545003
0.555003
0.565003
0.575003
0.585003
0.595003
0.605003
0.615003
0.625002
0.635002
0.645002
0.655002
0.665002
0.675002
0.685002
0.695002
0.705002
0.715002
0.725002
0.735002
0.745002
0.755002
0.765001
0.775001
0.785001
0.795001
0.805001
0.815001
0.825001
0.835001
0.845001
0.855001
0.865001
0.875001
0.885001
0.895001
0.905001
0.915001
0.925001
0.935001
0.945001
0.955001
0.965001
0.975
0.985
0.995
0.00499995
0.0149999
0.0249998
0.0349997
0.0449997
0.0549997
0.0649998
0.0749998
0.0849998
0.0949998
0.105
0.115
0.125
0.135
0.145
0.155
0.165
0.175
0.185
0.195
0.205
0.215001
0.225001
0.235001
0.245001
0.255001
0.265001
0.275001
0.285001
0.295001
0.305001
0.315002
0.325002
0.335002
0.345002
0.355002
0.365002
0.375002
0.385002
0.395003
0.405003
0.415003
0.425003
0.435003
0.445003
0.455003
0.465003
0.475003
0.485003
0.495003
0.505003
0.515003
0.525003
0.535003
0.545003
0.555003
0.565003
0.575003
0.585003
0.595003
0.605003
0.615003
0.625002
0.635002
0.645002
0.655002
0.665002
0.675002
0.685002
0.695002
0.705002
0.715002
0.725002
0.735002
0.745002
0.755002
0.765001
0.775001
0.785001
0.795001
0.805001
0.815001
0.825001
0.835001
0.845001
0.855001
0.865001
0.875001
0.885001
0.895001
0.905001
0.915001
0.925001
0.935001
0.945001
0.955001
0.965001
0.975
0.985
0.995
0.00499995
0.0149999
0.0249998
0.0349997
0.0449997
0.0549997
0.0649998
0.0749998
0.0849998
0.0949999
0.105
0.115
0.125
0.135
0.145
0.155
0.165
0.175
0.185
0.195
0.205
0.215001
0.225001
0.235001
0.245001
0.255001
0.265001
0.275001
0.285001
0.295001
0.305001
0.315002
0.325002
0.335002
0.345002
0.355002
0.365002
0.375002
0.385002
0.395003
0.405003
0.415003
0.425003
0.435003
0.445003
0.455003
0.465003
0.475003
0.485003
0.495003
0.505003
0.515003
0.525003
0.535003
0.545003
0.555003
0.565003
0.575003
0.585003
0.595003
0.605003
0.615003
0.625002
0.635002
0.645002
0.655002
0.665002
0.675002
0.685002
0.695002
0.705002
0.715002
0.725002
0.735002
0.745002
0.755002
0.765002
0.775001
0.785001
0.795001
0.805001
0.815001
0.825001
0.835001
0.845001
0.855001
0.865001
0.875001
0.885001
0.895001
0.905001
0.915001
0.925001
0.935001
0.945001
0.955001
0.965001
0.975
0.985
0.995
0.00499995
0.0149999
0.0249998
0.0349997
0.0449997
0.0549997
0.0649998
0.0749998
0.0849998
0.0949999
0.105
0.115
0.125
0.135
0.145
0.155
0.165
0.175
0.185
0.195
0.205
0.215001
0.225001
0.235001
0.245001
0.255001
0.265001
0.275001
0.285001
0.295001
0.305001
0.315002
0.325002
0.335002
0.345002
0.355002
0.365002
0.375002
0.385002
0.395003
0.405003
0.415003
0.425003
0.435003
0.445003
0.455003
0.465003
0.475003
0.485003
0.495003
0.505003
0.515003
0.525003
0.535003
0.545003
0.555003
0.565003
0.575003
0.585003
0.595003
0.605003
0.615003
0.625002
0.635002
0.645002
0.655002
0.665002
0.675002
0.685002
0.695002
0.705002
0.715002
0.725002
0.735002
0.745002
0.755002
0.765002
0.775001
0.785001
0.795001
0.805001
0.815001
0.825001
0.835001
0.845001
0.855001
0.865001
0.875001
0.885001
0.895001
0.905001
0.915001
0.925001
0.935001
0.945001
0.955001
0.965001
0.975
0.985
0.995
0.00499995
0.0149999
0.0249998
0.0349997
0.0449997
0.0549997
0.0649998
0.0749998
0.0849998
0.0949999
0.105
0.115
0.125
0.135
0.145
0.155
0.165
0.175
0.185
0.195
0.205
0.215001
0.225001
0.235001
0.245001
0.255001
0.265001
0.275001
0.285001
0.295001
0.305002
0.315002
0.325002
0.335002
0.345002
0.355002
0.365002
0.375002
0.385003
0.395003
0.405003
0.415003
0.425003
0.435003
0.445003
0.455003
0.465003
0.475003
0.485003
0.495003
0.505003
0.515003
0.525003
0.535003
0.545003
0.555003
0.565003
0.575003
0.585003
0.595003
0.605003
0.615003
0.625002
0.635002
0.645002
0.655002
0.665002
0.675002
0.685002
0.695002
0.705002
0.715002
0.725002
0.735002
0.745002
0.755002
0.765002
0.775001
0.785001
0.795001
0.805001
0.815001
0.825001
0.835001
0.845001
0.855001
0.865001
0.875001
0.885001
0.895001
0.905001
0.915001
0.925001
0.935001
0.945001
0.955001
0.965001
0.975
0.985
0.995
0.00499995
0.0149999
0.0249998
0.0349997
0.0449997
0.0549997
0.0649998
0.0749998
0.0849998
0.0949999
0.105
0.115
0.125
0.135
0.145
0.155
0.165
0.175
0.185
0.195
0.205
0.215001
0.225001
0.235001
0.245001
0.255001
0.265001
0.275001
0.285001
0.295001
0.305002
0.315002
0.325002
0.335002
0.345002
0.355002
0.365002
0.375002
0.385003
0.395003
0.405003
0.415003
0.425003
0.435003
0.445003
0.455003
0.465003
0.475003
0.485003
0.495003
0.505003
0.515003
0.525003
0.535003
0.545003
0.555003
0.565003
0.575003
0.585003
0.595003
0.605003
0.615003
0.625002
0.635002
0.645002
0.655002
0.665002
0.675002
0.685002
0.695002
0.705002
0.715002
0.725002
0.735002
0.745002
0.755002
0.765002
0.775001
0.785001
0.795001
0.805001
0.815001
0.825001
0.835001
0.845001
0.855001
0.865001
0.875001
0.885001
0.895001
0.905001
0.915001
0.925001
0.935001
0.945001
0.955001
0.965001
0.975
0.985
0.995
0.00499995
0.0149999
0.0249998
0.0349997
0.0449997
0.0549997
0.0649998
0.0749998
0.0849998
0.0949999
0.105
0.115
0.125
0.135
0.145
0.155
0.165
0.175
0.185
0.195
0.205
0.215001
0.225001
0.235001
0.245001
0.255001
0.265001
0.275001
0.285001
0.295001
0.305002
0.315002
0.325002
0.335002
0.345002
0.355002
0.365002
0.375002
0.385003
0.395003
0.405003
0.415003
0.425003
0.435003
0.445003
0.455003
0.465003
0.475003
0.485003
0.495003
0.505003
0.515003
0.525003
0.535003
0.545003
0.555003
0.565003
0.575003
0.585003
0.595003
0.605003
0.615003
0.625002
0.635002
0.645002
0.655002
0.665002
0.675002
0.685002
0.695002
0.705002
0.715002
0.725002
0.735002
0.745002
0.755002
0.765002
0.775001
0.785001
0.795001
0.805001
0.815001
0.825001
0.835001
0.845001
0.855001
0.865001
0.875001
0.885001
0.895001
0.905001
0.915001
0.925001
0.935001
0.945001
0.955001
0.965001
0.975
0.985
0.995
0.00499995
0.0149999
0.0249998
0.0349997
0.0449997
0.0549997
0.0649998
0.0749998
0.0849998
0.0949999
0.105
0.115
0.125
0.135
0.145
0.155
0.165
0.175
0.185
0.195
0.205
0.215001
0.225001
0.235001
0.245001
0.255001
0.265001
0.275001
0.285001
0.295001
0.305002
0.315002
0.325002
0.335002
0.345002
0.355002
0.365002
0.375002
0.385003
0.395003
0.405003
0.415003
0.425003
0.435003
0.445003
0.455003
0.465003
0.475003
0.485003
0.495003
0.505003
0.515003
0.525003
0.535003
0.545003
0.555003
0.565003
0.575003
0.585003
0.595003
0.605003
0.615003
0.625002
0.635002
0.645002
0.655002
0.665002
0.675002
0.685002
0.695002
0.705002
0.715002
0.725002
0.735002
0.745002
0.755002
0.765002
0.775002
0.785001
0.795001
0.805001
0.815001
0.825001
0.835001
0.845001
0.855001
0.865001
0.875001
0.885001
0.895001
0.905001
0.915001
0.925001
0.935001
0.945001
0.955001
0.965001
0.975
0.985
0.995
0.00499995
0.0149999
0.0249998
0.0349997
0.0449997
0.0549997
0.0649998
0.0749998
0.0849998
0.0949999
0.105
0.115
0.125
0.135
0.145
0.155
0.165
0.175
0.185
0.195
0.205
0.215001
0.225001
0.235001
0.245001
0.255001
0.265001
0.275001
0.285001
0.295001
0.305002
0.315002
0.325002
0.335002
0.345002
0.355002
0.365002
0.375002
0.385003
0.395003
0.405003
0.415003
0.425003
0.435003
0.445003
0.455003
0.465003
0.475003
0.485003
0.495003
0.505003
0.515003
0.525003
0.535003
0.545003
0.555003
0.565003
0.575003
0.585003
0.595003
0.605003
0.615003
0.625003
0.635002
0.645002
0.655002
0.665002
0.675002
0.685002
0.695002
0.705002
0.715002
0.725002
0.735002
0.745002
0.755002
0.765002
0.775002
0.785001
0.795001
0.805001
0.815001
0.825001
0.835001
0.845001
0.855001
0.865001
0.875001
0.885001
0.895001
0.905001
0.915001
0.925001
0.935001
0.945001
0.955001
0.965001
0.975
0.985
0.995
0.00499995
0.0149999
0.0249998
0.0349997
0.0449997
0.0549997
0.0649998
0.0749998
0.0849998
0.0949999
0.105
0.115
0.125
0.135
0.145
0.155
0.165
0.175
0.185
0.195
0.205
0.215001
0.225001
0.235001
0.245001
0.255001
0.265001
0.275001
0.285001
0.295001
0.305002
0.315002
0.325002
0.335002
0.345002
0.355002
0.365002
0.375002
0.385003
0.395003
0.405003
0.415003
0.425003
0.435003
0.445003
0.455003
0.465003
0.475003
0.485003
0.495003
0.505003
0.515003
0.525003
0.535003
0.545003
0.555003
0.565003
0.575003
0.585003
0.595003
0.605003
0.615003
0.625003
0.635002
0.645002
0.655002
0.665002
0.675002
0.685002
0.695002
0.705002
0.715002
0.725002
0.735002
0.745002
0.755002
0.765002
0.775002
0.785001
0.795001
0.805001
0.815001
0.825001
0.835001
0.845001
0.855001
0.865001
0.875001
0.885001
0.895001
0.905001
0.915001
0.925001
0.935001
0.945001
0.955001
0.965001
0.975
0.985
0.995
0.00499995
0.0149999
0.0249998
0.0349997
0.0449997
0.0549997
0.0649998
0.0749998
0.0849998
0.0949999
0.105
0.115
0.125
0.135
0.145
0.155
0.165
0.175
0.185
0.195
0.205001
0.215001
0.225001
0.235001
0.245001
0.255001
0.265001
0.275001
0.285001
0.295001
0.305002
0.315002
0.325002
0.335002
0.345002
0.355002
0.365002
0.375002
0.385003
0.395003
0.405003
0.415003
0.425003
0.435003
0.445003
0.455003
0.465003
0.475003
0.485003
0.495003
0.505003
0.515003
0.525003
0.535003
0.545003
0.555003
0.565003
0.575003
0.585003
0.595003
0.605003
0.615003
0.625003
0.635002
0.645002
0.655002
0.665002
0.675002
0.685002
0.695002
0.705002
0.715002
0.725002
0.735002
0.745002
0.755002
0.765002
0.775002
0.785001
0.795001
0.805001
0.815001
0.825001
0.835001
0.845001
0.855001
0.865001
0.875001
0.885001
0.895001
0.905001
0.915001
0.925001
0.935001
0.945001
0.955001
0.965001
0.975
0.985
0.995
0.00499995
0.0149999
0.0249998
0.0349997
0.0449997
0.0549997
0.0649998
0.0749998
0.0849998
0.0949999
0.105
0.115
0.125
0.135
0.145
0.155
0.165
0.175
0.185
0.195
0.205001
0.215001
0.225001
0.235001
0.245001
0.255001
0.265001
0.275001
0.285001
0.295001
0.305002
0.315002
0.325002
0.335002
0.345002
0.355002
0.365002
0.375003
0.385003
0.395003
0.405003
0.415003
0.425003
0.435003
0.445003
0.455003
0.465003
0.475003
0.485003
0.495003
0.505003
0.515003
0.525003
0.535003
0.545003
0.555003
0.565003
0.575003
0.585003
0.595003
0.605003
0.615003
0.625003
0.635002
0.645002
0.655002
0.665002
0.675002
0.685002
0.695002
0.705002
0.715002
0.725002
0.735002
0.745002
0.755002
0.765002
0.775002
0.785001
0.795001
0.805001
0.815001
0.825001
0.835001
0.845001
0.855001
0.865001
0.875001
0.885001
0.895001
0.905001
0.915001
0.925001
0.935001
0.945001
0.955001
0.965001
0.975
0.985
0.995
0.00499995
0.0149999
0.0249998
0.0349997
0.0449997
0.0549997
0.0649998
0.0749998
0.0849998
0.0949999
0.105
0.115
0.125
0.135
0.145
0.155
0.165
0.175
0.185
0.195
0.205001
0.215001
0.225001
0.235001
0.245001
0.255001
0.265001
0.275001
0.285001
0.295002
0.305002
0.315002
0.325002
0.335002
0.345002
0.355002
0.365002
0.375003
0.385003
0.395003
0.405003
0.415003
0.425003
0.435003
0.445003
0.455003
0.465003
0.475003
0.485003
0.495003
0.505003
0.515003
0.525003
0.535003
0.545003
0.555003
0.565003
0.575003
0.585003
0.595003
0.605003
0.615003
0.625003
0.635002
0.645002
0.655002
0.665002
0.675002
0.685002
0.695002
0.705002
0.715002
0.725002
0.735002
0.745002
0.755002
0.765002
0.775002
0.785002
0.795001
0.805001
0.815001
0.825001
0.835001
0.845001
0.855001
0.865001
0.875001
0.885001
0.895001
0.905001
0.915001
0.925001
0.935001
0.945001
0.955001
0.965001
0.975
0.985
0.995
0.00499995
0.0149999
0.0249998
0.0349997
0.0449997
0.0549997
0.0649998
0.0749998
0.0849998
0.0949999
0.105
0.115
0.125
0.135
0.145
0.155
0.165
0.175
0.185
0.195
0.205001
0.215001
0.225001
0.235001
0.245001
0.255001
0.265001
0.275001
0.285001
0.295002
0.305002
0.315002
0.325002
0.335002
0.345002
0.355002
0.365002
0.375003
0.385003
0.395003
0.405003
0.415003
0.425003
0.435003
0.445003
0.455003
0.465003
0.475003
0.485003
0.495003
0.505003
0.515003
0.525003
0.535003
0.545003
0.555003
0.565003
0.575003
0.585003
0.595003
0.605003
0.615003
0.625003
0.635003
0.645002
0.655002
0.665002
0.675002
0.685002
0.695002
0.705002
0.715002
0.725002
0.735002
0.745002
0.755002
0.765002
0.775002
0.785002
0.795001
0.805001
0.815001
0.825001
0.835001
0.845001
0.855001
0.865001
0.875001
0.885001
0.895001
0.905001
0.915001
0.925001
0.935001
0.945001
0.955001
0.965001
0.975
0.985
0.995
0.00499995
0.0149999
0.0249998
0.0349997
0.0449997
0.0549998
0.0649998
0.0749998
0.0849998
0.0949999
0.105
0.115
0.125
0.135
0.145
0.155
0.165
0.175
0.185
0.195
0.205001
0.215001
0.225001
0.235001
0.245001
0.255001
0.265001
0.275001
0.285001
0.295002
0.305002
0.315002
0.325002
0.335002
0.345002
0.355002
0.365002
0.375003
0.385003
0.395003
0.405003
0.415003
0.425003
0.435003
0.445003
0.455003
0.465003
0.475003
0.485003
0.495003
0.505003
0.515003
0.525003
0.535003
0.545003
0.555003
0.565003
0.575003
0.585003
0.595003
0.605003
0.615003
0.625003
0.635003
0.645002
0.655002
0.665002
0.675002
0.685002
0.695002
0.705002
0.715002
0.725002
0.735002
0.745002
0.755002
0.765002
0.775002
0.785002
0.795001
0.805001
0.815001
0.825001
0.835001
0.845001
0.855001
0.865001
0.875001
0.885001
0.895001
0.905001
0.915001
0.925001
0.935001
0.945001
0.955001
0.965001
0.975
0.985
0.995
0.00499995
0.0149999
0.0249998
0.0349997
0.0449997
0.0549998
0.0649998
0.0749998
0.0849999
0.0949999
0.105
0.115
0.125
0.135
0.145
0.155
0.165
0.175
0.185
0.195
0.205001
0.215001
0.225001
0.235001
0.245001
0.255001
0.265001
0.275001
0.285001
0.295002
0.305002
0.315002
0.325002
0.335002
0.345002
0.355002
0.365002
0.375003
0.385003
0.395003
0.405003
0.415003
0.425003
0.435003
0.445003
0.455003
0.465003
0.475003
0.485003
0.495003
0.505003
0.515003
0.525003
0.535003
0.545003
0.555003
0.565003
0.575003
0.585003
0.595003
0.605003
0.615003
0.625003
0.635003
0.645002
0.655002
0.665002
0.675002
0.685002
0.695002
0.705002
0.715002
0.725002
0.735002
0.745002
0.755002
0.765002
0.775002
0.785002
0.795002
0.805001
0.815001
0.825001
0.835001
0.845001
0.855001
0.865001
0.875001
0.885001
0.895001
0.905001
0.915001
0.925001
0.935001
0.945001
0.955001
0.965001
0.975
0.985
0.995
0.00499995
0.0149999
0.0249998
0.0349997
0.0449997
0.0549998
0.0649998
0.0749998
0.0849999
0.0949999
0.105
0.115
0.125
0.135
0.145
0.155
0.165
0.175
0.185
0.195
0.205001
0.215001
0.225001
0.235001
0.245001
0.255001
0.265001
0.275001
0.285001
0.295002
0.305002
0.315002
0.325002
0.335002
0.345002
0.355002
0.365003
0.375003
0.385003
0.395003
0.405003
0.415003
0.425003
0.435003
0.445003
0.455003
0.465003
0.475003
0.485003
0.495003
0.505003
0.515003
0.525003
0.535003
0.545003
0.555003
0.565003
0.575003
0.585003
0.595003
0.605003
0.615003
0.625003
0.635003
0.645002
0.655002
0.665002
0.675002
0.685002
0.695002
0.705002
0.715002
0.725002
0.735002
0.745002
0.755002
0.765002
0.775002
0.785002
0.795002
0.805001
0.815001
0.825001
0.835001
0.845001
0.855001
0.865001
0.875001
0.885001
0.895001
0.905001
0.915001
0.925001
0.935001
0.945001
0.955001
0.965001
0.975
0.985
0.995
0.00499995
0.0149999
0.0249998
0.0349997
0.0449997
0.0549998
0.0649998
0.0749998
0.0849999
0.0949999
0.105
0.115
0.125
0.135
0.145
0.155
0.165
0.175
0.185
0.195001
0.205001
0.215001
0.225001
0.235001
0.245001
0.255001
0.265001
0.275001
0.285001
0.295002
0.305002
0.315002
0.325002
0.335002
0.345002
0.355002
0.365003
0.375003
0.385003
0.395003
0.405003
0.415003
0.425003
0.435003
0.445003
0.455003
0.465003
0.475003
0.485003
0.495003
0.505003
0.515003
0.525003
0.535003
0.545003
0.555003
0.565003
0.575003
0.585003
0.595003
0.605003
0.615003
0.625003
0.635003
0.645003
0.655002
0.665002
0.675002
0.685002
0.695002
0.705002
0.715002
0.725002
0.735002
0.745002
0.755002
0.765002
0.775002
0.785002
0.795002
0.805001
0.815001
0.825001
0.835001
0.845001
0.855001
0.865001
0.875001
0.885001
0.895001
0.905001
0.915001
0.925001
0.935001
0.945001
0.955001
0.965001
0.975
0.985
0.995
0.00499995
0.0149999
0.0249998
0.0349997
0.0449997
0.0549998
0.0649998
0.0749998
0.0849999
0.0949999
0.105
0.115
0.125
0.135
0.145
0.155
0.165
0.175
0.185
0.195001
0.205001
0.215001
0.225001
0.235001
0.245001
0.255001
0.265001
0.275001
0.285002
0.295002
0.305002
0.315002
0.325002
0.335002
0.345002
0.355002
0.365003
0.375003
0.385003
0.395003
0.405003
0.415003
0.425003
0.435003
0.445003
0.455003
0.465003
0.475003
0.485003
0.495003
0.505003
0.515003
0.525003
0.535003
0.545003
0.555003
0.565003
0.575003
0.585003
0.595003
0.605003
0.615003
0.625003
0.635003
0.645003
0.655002
0.665002
0.675002
0.685002
0.695002
0.705002
0.715002
0.725002
0.735002
0.745002
0.755002
0.765002
0.775002
0.785002
0.795002
0.805001
0.815001
0.825001
0.835001
0.845001
0.855001
0.865001
0.875001
0.885001
0.895001
0.905001
0.915001
0.925001
0.935001
0.945001
0.955001
0.965001
0.975
0.985
0.995
0.00499995
0.0149999
0.0249998
0.0349997
0.0449997
0.0549998
0.0649998
0.0749998
0.0849999
0.0949999
0.105
0.115
0.125
0.135
0.145
0.155
0.165
0.175
0.185
0.195001
0.205001
0.215001
0.225001
0.235001
0.245001
0.255001
0.265001
0.275001
0.285002
0.295002
0.305002
0.315002
0.325002
0.335002
0.345002
0.355002
0.365003
0.375003
0.385003
0.395003
0.405003
0.415003
0.425003
0.435003
0.445003
0.455003
0.465003
0.475003
0.485003
0.495003
0.505003
0.515003
0.525003
0.535003
0.545003
0.555003
0.565003
0.575003
0.585003
0.595003
0.605003
0.615003
0.625003
0.635003
0.645003
0.655002
0.665002
0.675002
0.685002
0.695002
0.705002
0.715002
0.725002
0.735002
0.745002
0.755002
0.765002
0.775002
0.785002
0.795002
0.805002
0.815001
0.825001
0.835001
0.845001
0.855001
0.865001
0.875001
0.885001
0.895001
0.905001
0.915001
0.925001
0.935001
0.945001
0.955001
0.965001
0.975
0.985
0.995
0.00499995
0.0149999
0.0249998
0.0349997
0.0449997
0.0549998
0.0649998
0.0749998
0.0849999
0.0949999
0.105
0.115
0.125
0.135
0.145
0.155
0.165
0.175
0.185
0.195001
0.205001
0.215001
0.225001
0.235001
0.245001
0.255001
0.265001
0.275001
0.285002
0.295002
0.305002
0.315002
0.325002
0.335002
0.345002
0.355003
0.365003
0.375003
0.385003
0.395003
0.405003
0.415003
0.425003
0.435003
0.445003
0.455003
0.465003
0.475003
0.485003
0.495003
0.505003
0.515003
0.525003
0.535003
0.545003
0.555003
0.565003
0.575003
0.585003
0.595003
0.605003
0.615003
0.625003
0.635003
0.645003
0.655003
0.665002
0.675002
0.685002
0.695002
0.705002
0.715002
0.725002
0.735002
0.745002
0.755002
0.765002
0.775002
0.785002
0.795002
0.805002
0.815001
0.825001
0.835001
0.845001
0.855001
0.865001
0.875001
0.885001
0.895001
0.905001
0.915001
0.925001
0.935001
0.945001
0.955001
0.965001
0.975
0.985
0.995
0.00499995
0.0149999
0.0249998
0.0349997
0.0449997
0.0549998
0.0649998
0.0749998
0.0849999
0.0949999
0.105
0.115
0.125
0.135
0.145
0.155
0.165
0.175
0.185
0.195001
0.205001
0.215001
0.225001
0.235001
0.245001
0.255001
0.265001
0.275001
0.285002
0.295002
0.305002
0.315002
0.325002
0.335002
0.345002
0.355003
0.365003
0.375003
0.385003
0.395003
0.405003
0.415003
0.425003
0.435003
0.445003
0.455003
0.465003
0.475003
0.485003
0.495003
0.505003
0.515003
0.525003
0.535003
0.545003
0.555003
0.565003
0.575003
0.585003
0.595003
0.605003
0.615003
0.625003
0.635003
0.645003
0.655003
0.665002
0.675002
0.685002
0.695002
0.705002
0.715002
0.725002
0.735002
0.745002
0.755002
0.765002
0.775002
0.785002
0.795002
0.805002
0.815001
0.825001
0.835001
0.845001
0.855001
0.865001
0.875001
0.885001
0.895001
0.905001
0.915001
0.925001
0.935001
0.945001
0.955001
0.965001
0.975001
0.985
0.995
0.00499995
0.0149999
0.0249998
0.0349997
0.0449997
0.0549998
0.0649998
0.0749998
0.0849999
0.0949999
0.105
0.115
0.125
0.135
0.145
0.155
0.165
0.175
0.185
0.195001
0.205001
0.215001
0.225001
0.235001
0.245001
0.255001
0.265001
0.275001
0.285002
0.295002
0.305002
0.315002
0.325002
0.335002
0.345002
0.355003
0.365003
0.375003
0.385003
0.395003
0.405003
0.415003
0.425003
0.435003
0.445003
0.455003
0.465003
0.475003
0.485003
0.495003
0.505003
0.515003
0.525003
0.535003
0.545003
0.555003
0.565003
0.575003
0.585003
0.595003
0.605003
0.615003
0.625003
0.635003
0.645003
0.655003
0.665002
0.675002
0.685002
0.695002
0.705002
0.715002
0.725002
0.735002
0.745002
0.755002
0.765002
0.775002
0.785002
0.795002
0.805002
0.815002
0.825001
0.835001
0.845001
0.855001
0.865001
0.875001
0.885001
0.895001
0.905001
0.915001
0.925001
0.935001
0.945001
0.955001
0.965001
0.975001
0.985
0.995
0.00499995
0.0149999
0.0249998
0.0349998
0.0449997
0.0549998
0.0649998
0.0749998
0.0849999
0.0949999
0.105
0.115
0.125
0.135
0.145
0.155
0.165
0.175
0.185
0.195001
0.205001
0.215001
0.225001
0.235001
0.245001
0.255001
0.265001
0.275002
0.285002
0.295002
0.305002
0.315002
0.325002
0.335002
0.345002
0.355003
0.365003
0.375003
0.385003
0.395003
0.405003
0.415003
0.425003
0.435003
0.445003
0.455003
0.465003
0.475003
0.485003
0.495003
0.505003
0.515003
0.525003
0.535003
0.545003
0.555003
0.565003
0.575003
0.585003
0.595003
0.605003
0.615003
0.625003
0.635003
0.645003
0.655003
0.665003
0.675002
0.685002
0.695002
0.705002
0.715002
0.725002
0.735002
0.745002
0.755002
0.765002
0.775002
0.785002
0.795002
0.805002
0.815002
0.825001
0.835001
0.845001
0.855001
0.865001
0.875001
0.885001
0.895001
0.905001
0.915001
0.925001
0.935001
0.945001
0.955001
0.965001
0.975001
0.985
0.995
0.00499995
0.0149999
0.0249998
0.0349998
0.0449997
0.0549998
0.0649998
0.0749998
0.0849999
0.0949999
0.105
0.115
0.125
0.135
0.145
0.155
0.165
0.175
0.185001
0.195001
0.205001
0.215001
0.225001
0.235001
0.245001
0.255001
0.265001
0.275002
0.285002
0.295002
0.305002
0.315002
0.325002
0.335002
0.345003
0.355003
0.365003
0.375003
0.385003
0.395003
0.405003
0.415003
0.425003
0.435003
0.445003
0.455003
0.465003
0.475003
0.485003
0.495003
0.505003
0.515003
0.525003
0.535003
0.545003
0.555003
0.565003
0.575003
0.585003
0.595003
0.605003
0.615003
0.625003
0.635003
0.645003
0.655003
0.665003
0.675002
0.685002
0.695002
0.705002
0.715002
0.725002
0.735002
0.745002
0.755002
0.765002
0.775002
0.785002
0.795002
0.805002
0.815002
0.825001
0.835001
0.845001
0.855001
0.865001
0.875001
0.885001
0.895001
0.905001
0.915001
0.925001
0.935001
0.945001
0.955001
0.965001
0.975001
0.985
0.995
0.00499995
0.0149999
0.0249998
0.0349998
0.0449997
0.0549998
0.0649998
0.0749998
0.0849999
0.0949999
0.105
0.115
0.125
0.135
0.145
0.155
0.165
0.175
0.185001
0.195001
0.205001
0.215001
0.225001
0.235001
0.245001
0.255001
0.265001
0.275002
0.285002
0.295002
0.305002
0.315002
0.325002
0.335002
0.345003
0.355003
0.365003
0.375003
0.385003
0.395003
0.405003
0.415003
0.425003
0.435003
0.445003
0.455003
0.465003
0.475003
0.485003
0.495003
0.505003
0.515003
0.525003
0.535003
0.545003
0.555003
0.565003
0.575003
0.585003
0.595003
0.605003
0.615003
0.625003
0.635003
0.645003
0.655003
0.665003
0.675002
0.685002
0.695002
0.705002
0.715002
0.725002
0.735002
0.745002
0.755002
0.765002
0.775002
0.785002
0.795002
0.805002
0.815002
0.825002
0.835001
0.845001
0.855001
0.865001
0.875001
0.885001
0.895001
0.905001
0.915001
0.925001
0.935001
0.945001
0.955001
0.965001
0.975001
0.985
0.995
0.00499995
0.0149999
0.0249998
0.0349998
0.0449997
0.0549998
0.0649998
0.0749998
0.0849999
0.0949999
0.105
0.115
0.125
0.135
0.145
0.155
0.165
0.175
0.185001
0.195001
0.205001
0.215001
0.225001
0.235001
0.245001
0.255001
0.265001
0.275002
0.285002
0.295002
0.305002
0.315002
0.325002
0.335002
0.345003
0.355003
0.365003
0.375003
0.385003
0.395003
0.405003
0.415003
0.425003
0.435003
0.445003
0.455003
0.465004
0.475004
0.485004
0.495003
0.505003
0.515003
0.525003
0.535003
0.545003
0.555003
0.565003
0.575003
0.585003
0.595003
0.605003
0.615003
0.625003
0.635003
0.645003
0.655003
0.665003
0.675002
0.685002
0.695002
0.705002
0.715002
0.725002
0.735002
0.745002
0.755002
0.765002
0.775002
0.785002
0.795002
0.805002
0.815002
0.825002
0.835001
0.845001
0.855001
0.865001
0.875001
0.885001
0.895001
0.905001
0.915001
0.925001
0.935001
0.945001
0.955001
0.965001
0.975001
0.985
0.995
0.00499995
0.0149999
0.0249998
0.0349998
0.0449997
0.0549998
0.0649998
0.0749998
0.0849999
0.0949999
0.105
0.115
0.125
0.135
0.145
0.155
0.165
0.175
0.185001
0.195001
0.205001
0.215001
0.225001
0.235001
0.245001
0.255001
0.265001
0.275002
0.285002
0.295002
0.305002
0.315002
0.325002
0.335002
0.345003
0.355003
0.365003
0.375003
0.385003
0.395003
0.405003
0.415003
0.425003
0.435003
0.445003
0.455004
0.465004
0.475004
0.485004
0.495004
0.505003
0.515003
0.525003
0.535003
0.545003
0.555003
0.565003
0.575003
0.585003
0.595003
0.605003
0.615003
0.625003
0.635003
0.645003
0.655003
0.665003
0.675003
0.685002
0.695002
0.705002
0.715002
0.725002
0.735002
0.745002
0.755002
0.765002
0.775002
0.785002
0.795002
0.805002
0.815002
0.825002
0.835001
0.845001
0.855001
0.865001
0.875001
0.885001
0.895001
0.905001
0.915001
0.925001
0.935001
0.945001
0.955001
0.965001
0.975001
0.985
0.995
0.00499995
0.0149999
0.0249998
0.0349998
0.0449997
0.0549998
0.0649998
0.0749998
0.0849999
0.0949999
0.105
0.115
0.125
0.135
0.145
0.155
0.165
0.175
0.185001
0.195001
0.205001
0.215001
0.225001
0.235001
0.245001
0.255001
0.265002
0.275002
0.285002
0.295002
0.305002
0.315002
0.325002
0.335002
0.345003
0.355003
0.365003
0.375003
0.385003
0.395003
0.405003
0.415003
0.425003
0.435003
0.445004
0.455004
0.465004
0.475004
0.485004
0.495004
0.505004
0.515003
0.525003
0.535003
0.545003
0.555003
0.565003
0.575003
0.585003
0.595003
0.605003
0.615003
0.625003
0.635003
0.645003
0.655003
0.665003
0.675003
0.685002
0.695002
0.705002
0.715002
0.725002
0.735002
0.745002
0.755002
0.765002
0.775002
0.785002
0.795002
0.805002
0.815002
0.825002
0.835001
0.845001
0.855001
0.865001
0.875001
0.885001
0.895001
0.905001
0.915001
0.925001
0.935001
0.945001
0.955001
0.965001
0.975001
0.985
0.995
0.00499995
0.0149999
0.0249998
0.0349998
0.0449997
0.0549998
0.0649998
0.0749998
0.0849999
0.0949999
0.105
0.115
0.125
0.135
0.145
0.155
0.165
0.175
0.185001
0.195001
0.205001
0.215001
0.225001
0.235001
0.245001
0.255001
0.265002
0.275002
0.285002
0.295002
0.305002
0.315002
0.325002
0.335003
0.345003
0.355003
0.365003
0.375003
0.385003
0.395003
0.405003
0.415003
0.425003
0.435004
0.445004
0.455004
0.465004
0.475004
0.485004
0.495004
0.505004
0.515004
0.525003
0.535003
0.545003
0.555003
0.565003
0.575003
0.585003
0.595003
0.605003
0.615003
0.625003
0.635003
0.645003
0.655003
0.665003
0.675003
0.685003
0.695002
0.705002
0.715002
0.725002
0.735002
0.745002
0.755002
0.765002
0.775002
0.785002
0.795002
0.805002
0.815002
0.825002
0.835002
0.845001
0.855001
0.865001
0.875001
0.885001
0.895001
0.905001
0.915001
0.925001
0.935001
0.945001
0.955001
0.965001
0.975001
0.985
0.995
0.00499995
0.0149999
0.0249998
0.0349998
0.0449997
0.0549998
0.0649998
0.0749998
0.0849999
0.0949999
0.105
0.115
0.125
0.135
0.145
0.155
0.165
0.175001
0.185001
0.195001
0.205001
0.215001
0.225001
0.235001
0.245001
0.255001
0.265002
0.275002
0.285002
0.295002
0.305002
0.315002
0.325002
0.335003
0.345003
0.355003
0.365003
0.375003
0.385003
0.395003
0.405003
0.415003
0.425003
0.435004
0.445004
0.455004
0.465004
0.475004
0.485004
0.495004
0.505004
0.515004
0.525003
0.535003
0.545003
0.555003
0.565003
0.575003
0.585003
0.595003
0.605003
0.615003
0.625003
0.635003
0.645003
0.655003
0.665003
0.675003
0.685003
0.695002
0.705002
0.715002
0.725002
0.735002
0.745002
0.755002
0.765002
0.775002
0.785002
0.795002
0.805002
0.815002
0.825002
0.835002
0.845001
0.855001
0.865001
0.875001
0.885001
0.895001
0.905001
0.915001
0.925001
0.935001
0.945001
0.955001
0.965001
0.975001
0.985
0.995
0.00499995
0.0149999
0.0249998
0.0349998
0.0449997
0.0549998
0.0649998
0.0749998
0.0849999
0.0949999
0.105
0.115
0.125
0.135
0.145
0.155
0.165
0.175001
0.185001
0.195001
0.205001
0.215001
0.225001
0.235001
0.245001
0.255001
0.265002
0.275002
0.285002
0.295002
0.305002
0.315002
0.325002
0.335003
0.345003
0.355003
0.365003
0.375003
0.385003
0.395003
0.405003
0.415003
0.425004
0.435004
0.445004
0.455004
0.465004
0.475004
0.485004
0.495004
0.505004
0.515004
0.525004
0.535003
0.545003
0.555003
0.565003
0.575003
0.585003
0.595003
0.605003
0.615003
0.625003
0.635003
0.645003
0.655003
0.665003
0.675003
0.685003
0.695002
0.705002
0.715002
0.725002
0.735002
0.745002
0.755002
0.765002
0.775002
0.785002
0.795002
0.805002
0.815002
0.825002
0.835002
0.845001
0.855001
0.865001
0.875001
0.885001
0.895001
0.905001
0.915001
0.925001
0.935001
0.945001
0.955001
0.965001
0.975001
0.985
0.995
0.00499995
0.0149999
0.0249998
0.0349998
0.0449997
0.0549998
0.0649998
0.0749998
0.0849999
0.0949999
0.105
0.115
0.125
0.135
0.145
0.155
0.165
0.175001
0.185001
0.195001
0.205001
0.215001
0.225001
0.235001
0.245001
0.255001
0.265002
0.275002
0.285002
0.295002
0.305002
0.315002
0.325002
0.335003
0.345003
0.355003
0.365003
0.375003
0.385003
0.395003
0.405003
0.415003
0.425004
0.435004
0.445004
0.455004
0.465004
0.475004
0.485004
0.495004
0.505004
0.515004
0.525004
0.535003
0.545003
0.555003
0.565003
0.575003
0.585003
0.595003
0.605003
0.615003
0.625003
0.635003
0.645003
0.655003
0.665003
0.675003
0.685003
0.695003
0.705002
0.715002
0.725002
0.735002
0.745002
0.755002
0.765002
0.775002
0.785002
0.795002
0.805002
0.815002
0.825002
0.835002
0.845002
0.855001
0.865001
0.875001
0.885001
0.895001
0.905001
0.915001
0.925001
0.935001
0.945001
0.955001
0.965001
0.975001
0.985
0.995
0.00499995
0.0149999
0.0249998
0.0349998
0.0449997
0.0549998
0.0649998
0.0749999
0.0849999
0.0949999
0.105
0.115
0.125
0.135
0.145
0.155
0.165
0.175001
0.185001
0.195001
0.205001
0.215001
0.225001
0.235001
0.245001
0.255002
0.265002
0.275002
0.285002
0.295002
0.305002
0.315002
0.325003
0.335003
0.345003
0.355003
0.365003
0.375003
0.385003
0.395003
0.405003
0.415004
0.425004
0.435004
0.445004
0.455004
0.465004
0.475004
0.485004
0.495004
0.505004
0.515004
0.525004
0.535004
0.545003
0.555003
0.565003
0.575003
0.585003
0.595003
0.605003
0.615003
0.625003
0.635003
0.645003
0.655003
0.665003
0.675003
0.685003
0.695003
0.705002
0.715002
0.725002
0.735002
0.745002
0.755002
0.765002
0.775002
0.785002
0.795002
0.805002
0.815002
0.825002
0.835002
0.845002
0.855001
0.865001
0.875001
0.885001
0.895001
0.905001
0.915001
0.925001
0.935001
0.945001
0.955001
0.965001
0.975001
0.985
0.995
0.00499995
0.0149999
0.0249998
0.0349998
0.0449998
0.0549998
0.0649998
0.0749999
0.0849999
0.095
0.105
0.115
0.125
0.135
0.145
0.155
0.165
0.175001
0.185001
0.195001
0.205001
0.215001
0.225001
0.235001
0.245001
0.255002
0.265002
0.275002
0.285002
0.295002
0.305002
0.315002
0.325003
0.335003
0.345003
0.355003
0.365003
0.375003
0.385003
0.395003
0.405003
0.415004
0.425004
0.435004
0.445004
0.455004
0.465004
0.475004
0.485004
0.495004
0.505004
0.515004
0.525004
0.535004
0.545003
0.555003
0.565003
0.575003
0.585003
0.595003
0.605003
0.615003
0.625003
0.635003
0.645003
0.655003
0.665003
0.675003
0.685003
0.695003
0.705002
0.715002
0.725002
0.735002
0.745002
0.755002
0.765002
0.775002
0.785002
0.795002
0.805002
0.815002
0.825002
0.835002
0.845002
0.855001
0.865001
0.875001
0.885001
0.895001
0.905001
0.915001
0.925001
0.935001
0.945001
0.955001
0.965001
0.975001
0.985
0.995
0.00499995
0.0149999
0.0249998
0.0349998
0.0449998
0.0549998
0.0649998
0.0749999
0.0849999
0.095
0.105
0.115
0.125
0.135
0.145
0.155
0.165
0.175001
0.185001
0.195001
0.205001
0.215001
0.225001
0.235001
0.245001
0.255002
0.265002
0.275002
0.285002
0.295002
0.305002
0.315002
0.325003
0.335003
0.345003
0.355003
0.365003
0.375003
0.385003
0.395003
0.405004
0.415004
0.425004
0.435004
0.445004
0.455004
0.465004
0.475004
0.485004
0.495004
0.505004
0.515004
0.525004
0.535004
0.545004
0.555003
0.565003
0.575003
0.585003
0.595003
0.605003
0.615003
0.625003
0.635003
0.645003
0.655003
0.665003
0.675003
0.685003
0.695003
0.705003
0.715002
0.725002
0.735002
0.745002
0.755002
0.765002
0.775002
0.785002
0.795002
0.805002
0.815002
0.825002
0.835002
0.845002
0.855001
0.865001
0.875001
0.885001
0.895001
0.905001
0.915001
0.925001
0.935001
0.945001
0.955001
0.965001
0.975001
0.985
0.995
0.00499995
0.0149999
0.0249998
0.0349998
0.0449998
0.0549998
0.0649998
0.0749999
0.0849999
0.095
0.105
0.115
0.125
0.135
0.145
0.155
0.165
0.175001
0.185001
0.195001
0.205001
0.215001
0.225001
0.235001
0.245001
0.255002
0.265002
0.275002
0.285002
0.295002
0.305002
0.315002
0.325003
0.335003
0.345003
0.355003
0.365003
0.375003
0.385003
0.395003
0.405004
0.415004
0.425004
0.435004
0.445004
0.455004
0.465004
0.475004
0.485004
0.495004
0.505004
0.515004
0.525004
0.535004
0.545004
0.555003
0.565003
0.575003
0.585003
0.595003
0.605003
0.615003
0.625003
0.635003
0.645003
0.655003
0.665003
0.675003
0.685003
0.695003
0.705003
0.715002
0.725002
0.735002
0.745002
0.755002
0.765002
0.775002
0.785002
0.795002
0.805002
0.815002
0.825002
0.835002
0.845002
0.855002
0.865001
0.875001
0.885001
0.895001
0.905001
0.915001
0.925001
0.935001
0.945001
0.955001
0.965001
0.975001
0.985
0.995
0.00499995
0.0149999
0.0249998
0.0349998
0.0449998
0.0549998
0.0649998
0.0749999
0.0849999
0.095
0.105
0.115
0.125
0.135
0.145
0.155
0.165001
0.175001
0.185001
0.195001
0.205001
0.215001
0.225001
0.235001
0.245001
0.255002
0.265002
0.275002
0.285002
0.295002
0.305002
0.315003
0.325003
0.335003
0.345003
0.355003
0.365003
0.375003
0.385003
0.395004
0.405004
0.415004
0.425004
0.435004
0.445004
0.455004
0.465004
0.475004
0.485004
0.495004
0.505004
0.515004
0.525004
0.535004
0.545004
0.555004
0.565003
0.575003
0.585003
0.595003
0.605003
0.615003
0.625003
0.635003
0.645003
0.655003
0.665003
0.675003
0.685003
0.695003
0.705003
0.715002
0.725002
0.735002
0.745002
0.755002
0.765002
0.775002
0.785002
0.795002
0.805002
0.815002
0.825002
0.835002
0.845002
0.855002
0.865001
0.875001
0.885001
0.895001
0.905001
0.915001
0.925001
0.935001
0.945001
0.955001
0.965001
0.975001
0.985
0.995
0.00499995
0.0149999
0.0249998
0.0349998
0.0449998
0.0549998
0.0649998
0.0749999
0.0849999
0.095
0.105
0.115
0.125
0.135
0.145
0.155
0.165001
0.175001
0.185001
0.195001
0.205001
0.215001
0.225001
0.235001
0.245002
0.255002
0.265002
0.275002
0.285002
0.295002
0.305002
0.315003
0.325003
0.335003
0.345003
0.355003
0.365003
0.375003
0.385003
0.395004
0.405004
0.415004
0.425004
0.435004
0.445004
0.455004
0.465004
0.475004
0.485004
0.495004
0.505004
0.515004
0.525004
0.535004
0.545004
0.555004
0.565003
0.575003
0.585003
0.595003
0.605003
0.615003
0.625003
0.635003
0.645003
0.655003
0.665003
0.675003
0.685003
0.695003
0.705003
0.715003
0.725002
0.735002
0.745002
0.755002
0.765002
0.775002
0.785002
0.795002
0.805002
0.815002
0.825002
0.835002
0.845002
0.855002
0.865001
0.875001
0.885001
0.895001
0.905001
0.915001
0.925001
0.935001
0.945001
0.955001
0.965001
0.975001
0.985
0.995
0.00499995
0.0149999
0.0249998
0.0349998
0.0449998
0.0549998
0.0649998
0.0749999
0.0849999
0.095
0.105
0.115
0.125
0.135
0.145
0.155
0.165001
0.175001
0.185001
0.195001
0.205001
0.215001
0.225001
0.235001
0.245002
0.255002
0.265002
0.275002
0.285002
0.295002
0.305002
0.315003
0.325003
0.335003
0.345003
0.355003
0.365003
0.375003
0.385003
0.395004
0.405004
0.415004
0.425004
0.435004
0.445004
0.455004
0.465004
0.475004
0.485004
0.495004
0.505004
0.515004
0.525004
0.535004
0.545004
0.555004
0.565003
0.575003
0.585003
0.595003
0.605003
0.615003
0.625003
0.635003
0.645003
0.655003
0.665003
0.675003
0.685003
0.695003
0.705003
0.715003
0.725002
0.735002
0.745002
0.755002
0.765002
0.775002
0.785002
0.795002
0.805002
0.815002
0.825002
0.835002
0.845002
0.855002
0.865001
0.875001
0.885001
0.895001
0.905001
0.915001
0.925001
0.935001
0.945001
0.955001
0.965001
0.975001
0.985
0.995
0.00499995
0.0149999
0.0249998
0.0349998
0.0449998
0.0549998
0.0649998
0.0749999
0.0849999
0.095
0.105
0.115
0.125
0.135
0.145
0.155
0.165001
0.175001
0.185001
0.195001
0.205001
0.215001
0.225001
0.235001
0.245002
0.255002
0.265002
0.275002
0.285002
0.295002
0.305002
0.315003
0.325003
0.335003
0.345003
0.355003
0.365003
0.375003
0.385004
0.395004
0.405004
0.415004
0.425004
0.435004
0.445004
0.455004
0.465004
0.475004
0.485004
0.495004
0.505004
0.515004
0.525004
0.535004
0.545004
0.555004
0.565004
0.575003
0.585003
0.595003
0.605003
0.615003
0.625003
0.635003
0.645003
0.655003
0.665003
0.675003
0.685003
0.695003
0.705003
0.715003
0.725002
0.735002
0.745002
0.755002
0.765002
0.775002
0.785002
0.795002
0.805002
0.815002
0.825002
0.835002
0.845002
0.855002
0.865002
0.875001
0.885001
0.895001
0.905001
0.915001
0.925001
0.935001
0.945001
0.955001
0.965001
0.975001
0.985
0.995
0.00499995
0.0149999
0.0249998
0.0349998
0.0449998
0.0549998
0.0649998
0.0749999
0.0849999
0.095
0.105
0.115
0.125
0.135
0.145
0.155
0.165001
0.175001
0.185001
0.195001
0.205001
0.215001
0.225001
0.235001
0.245002
0.255002
0.265002
0.275002
0.285002
0.295002
0.305003
0.315003
0.325003
0.335003
0.345003
0.355003
0.365003
0.375003
0.385004
0.395004
0.405004
0.415004
0.425004
0.435004
0.445004
0.455004
0.465004
0.475004
0.485004
0.495004
0.505004
0.515004
0.525004
0.535004
0.545004
0.555004
0.565004
0.575003
0.585003
0.595003
0.605003
0.615003
0.625003
0.635003
0.645003
0.655003
0.665003
0.675003
0.685003
0.695003
0.705003
0.715003
0.725003
0.735002
0.745002
0.755002
0.765002
0.775002
0.785002
0.795002
0.805002
0.815002
0.825002
0.835002
0.845002
0.855002
0.865002
0.875001
0.885001
0.895001
0.905001
0.915001
0.925001
0.935001
0.945001
0.955001
0.965001
0.975001
0.985
0.995
0.00499995
0.0149999
0.0249998
0.0349998
0.0449998
0.0549998
0.0649998
0.0749999
0.0849999
0.095
0.105
0.115
0.125
0.135
0.145
0.155
0.165001
0.175001
0.185001
0.195001
0.205001
0.215001
0.225001
0.235001
0.245002
0.255002
0.265002
0.275002
0.285002
0.295002
0.305003
0.315003
0.325003
0.335003
0.345003
0.355003
0.365003
0.375003
0.385004
0.395004
0.405004
0.415004
0.425004
0.435004
0.445004
0.455004
0.465004
0.475004
0.485004
0.495004
0.505004
0.515004
0.525004
0.535004
0.545004
0.555004
0.565004
0.575004
0.585003
0.595003
0.605003
0.615003
0.625003
0.635003
0.645003
0.655003
0.665003
0.675003
0.685003
0.695003
0.705003
0.715003
0.725003
0.735002
0.745002
0.755002
0.765002
0.775002
0.785002
0.795002
0.805002
0.815002
0.825002
0.835002
0.845002
0.855002
0.865002
0.875001
0.885001
0.895001
0.905001
0.915001
0.925001
0.935001
0.945001
0.955001
0.965001
0.975001
0.985
0.995
0.00499995
0.0149999
0.0249998
0.0349998
0.0449998
0.0549998
0.0649998
0.0749999
0.0849999
0.095
0.105
0.115
0.125
0.135
0.145
0.155
0.165001
0.175001
0.185001
0.195001
0.205001
0.215001
0.225001
0.235001
0.245002
0.255002
0.265002
0.275002
0.285002
0.295002
0.305003
0.315003
0.325003
0.335003
0.345003
0.355003
0.365003
0.375004
0.385004
0.395004
0.405004
0.415004
0.425004
0.435004
0.445004
0.455004
0.465004
0.475004
0.485004
0.495004
0.505004
0.515004
0.525004
0.535004
0.545004
0.555004
0.565004
0.575004
0.585003
0.595003
0.605003
0.615003
0.625003
0.635003
0.645003
0.655003
0.665003
0.675003
0.685003
0.695003
0.705003
0.715003
0.725003
0.735002
0.745002
0.755002
0.765002
0.775002
0.785002
0.795002
0.805002
0.815002
0.825002
0.835002
0.845002
0.855002
0.865002
0.875001
0.885001
0.895001
0.905001
0.915001
0.925001
0.935001
0.945001
0.955001
0.965001
0.975001
0.985
0.995
0.00499995
0.0149999
0.0249998
0.0349998
0.0449998
0.0549998
0.0649998
0.0749999
0.0849999
0.095
0.105
0.115
0.125
0.135
0.145
0.155001
0.165001
0.175001
0.185001
0.195001
0.205001
0.215001
0.225001
0.235002
0.245002
0.255002
0.265002
0.275002
0.285002
0.295002
0.305003
0.315003
0.325003
0.335003
0.345003
0.355003
0.365003
0.375004
0.385004
0.395004
0.405004
0.415004
0.425004
0.435004
0.445004
0.455004
0.465004
0.475004
0.485004
0.495004
0.505004
0.515004
0.525004
0.535004
0.545004
0.555004
0.565004
0.575004
0.585003
0.595003
0.605003
0.615003
0.625003
0.635003
0.645003
0.655003
0.665003
0.675003
0.685003
0.695003
0.705003
0.715003
0.725003
0.735003
0.745002
0.755002
0.765002
0.775002
0.785002
0.795002
0.805002
0.815002
0.825002
0.835002
0.845002
0.855002
0.865002
0.875001
0.885001
0.895001
0.905001
0.915001
0.925001
0.935001
0.945001
0.955001
0.965001
0.975001
0.985
0.995
0.00499995
0.0149999
0.0249998
0.0349998
0.0449998
0.0549998
0.0649998
0.0749999
0.085
0.095
0.105
0.115
0.125
0.135
0.145
0.155001
0.165001
0.175001
0.185001
0.195001
0.205001
0.215001
0.225001
0.235002
0.245002
0.255002
0.265002
0.275002
0.285002
0.295003
0.305003
0.315003
0.325003
0.335003
0.345003
0.355003
0.365003
0.375004
0.385004
0.395004
0.405004
0.415004
0.425004
0.435004
0.445004
0.455004
0.465004
0.475004
0.485004
0.495004
0.505004
0.515004
0.525004
0.535004
0.545004
0.555004
0.565004
0.575004
0.585004
0.595003
0.605003
0.615003
0.625003
0.635003
0.645003
0.655003
0.665003
0.675003
0.685003
0.695003
0.705003
0.715003
0.725003
0.735003
0.745002
0.755002
0.765002
0.775002
0.785002
0.795002
0.805002
0.815002
0.825002
0.835002
0.845002
0.855002
0.865002
0.875002
0.885001
0.895001
0.905001
0.915001
0.925001
0.935001
0.945001
0.955001
0.965001
0.975001
0.985
0.995
0.00499995
0.0149999
0.0249998
0.0349998
0.0449998
0.0549998
0.0649998
0.0749999
0.085
0.095
0.105
0.115
0.125
0.135
0.145
0.155001
0.165001
0.175001
0.185001
0.195001
0.205001
0.215001
0.225001
0.235002
0.245002
0.255002
0.265002
0.275002
0.285002
0.295003
0.305003
0.315003
0.325003
0.335003
0.345003
0.355003
0.365004
0.375004
0.385004
0.395004
0.405004
0.415004
0.425004
0.435004
0.445004
0.455004
0.465004
0.475004
0.485004
0.495004
0.505004
0.515004
0.525004
0.535004
0.545004
0.555004
0.565004
0.575004
0.585004
0.595003
0.605003
0.615003
0.625003
0.635003
0.645003
0.655003
0.665003
0.675003
0.685003
0.695003
0.705003
0.715003
0.725003
0.735003
0.745002
0.755002
0.765002
0.775002
0.785002
0.795002
0.805002
0.815002
0.825002
0.835002
0.845002
0.855002
0.865002
0.875002
0.885001
0.895001
0.905001
0.915001
0.925001
0.935001
0.945001
0.955001
0.965001
0.975001
0.985
0.995
0.00499995
0.0149999
0.0249998
0.0349998
0.0449998
0.0549998
0.0649999
0.0749999
0.085
0.095
0.105
0.115
0.125
0.135
0.145
0.155001
0.165001
0.175001
0.185001
0.195001
0.205001
0.215001
0.225001
0.235002
0.245002
0.255002
0.265002
0.275002
0.285002
0.295003
0.305003
0.315003
0.325003
0.335003
0.345003
0.355003
0.365004
0.375004
0.385004
0.395004
0.405004
0.415004
0.425004
0.435004
0.445004
0.455004
0.465004
0.475004
0.485004
0.495004
0.505004
0.515004
0.525004
0.535004
0.545004
0.555004
0.565004
0.575004
0.585004
0.595004
0.605003
0.615003
0.625003
0.635003
0.645003
0.655003
0.665003
0.675003
0.685003
0.695003
0.705003
0.715003
0.725003
0.735003
0.745003
0.755002
0.765002
0.775002
0.785002
0.795002
0.805002
0.815002
0.825002
0.835002
0.845002
0.855002
0.865002
0.875002
0.885001
0.895001
0.905001
0.915001
0.925001
0.935001
0.945001
0.955001
0.965001
0.975001
0.985
0.995
0.00499995
0.0149999
0.0249998
0.0349998
0.0449998
0.0549998
0.0649999
0.0749999
0.085
0.095
0.105
0.115
0.125
0.135
0.145
0.155001
0.165001
0.175001
0.185001
0.195001
0.205001
0.215001
0.225001
0.235002
0.245002
0.255002
0.265002
0.275002
0.285002
0.295003
0.305003
0.315003
0.325003
0.335003
0.345003
0.355003
0.365004
0.375004
0.385004
0.395004
0.405004
0.415004
0.425004
0.435004
0.445004
0.455004
0.465004
0.475004
0.485004
0.495004
0.505004
0.515004
0.525004
0.535004
0.545004
0.555004
0.565004
0.575004
0.585004
0.595004
0.605003
0.615003
0.625003
0.635003
0.645003
0.655003
0.665003
0.675003
0.685003
0.695003
0.705003
0.715003
0.725003
0.735003
0.745003
0.755002
0.765002
0.775002
0.785002
0.795002
0.805002
0.815002
0.825002
0.835002
0.845002
0.855002
0.865002
0.875002
0.885001
0.895001
0.905001
0.915001
0.925001
0.935001
0.945001
0.955001
0.965001
0.975001
0.985
0.995
0.00499995
0.0149999
0.0249998
0.0349998
0.0449998
0.0549998
0.0649999
0.0749999
0.085
0.095
0.105
0.115
0.125
0.135
0.145
0.155001
0.165001
0.175001
0.185001
0.195001
0.205001
0.215001
0.225002
0.235002
0.245002
0.255002
0.265002
0.275002
0.285002
0.295003
0.305003
0.315003
0.325003
0.335003
0.345003
0.355004
0.365004
0.375004
0.385004
0.395004
0.405004
0.415004
0.425004
0.435004
0.445004
0.455004
0.465004
0.475004
0.485004
0.495004
0.505004
0.515004
0.525004
0.535004
0.545004
0.555004
0.565004
0.575004
0.585004
0.595004
0.605003
0.615003
0.625003
0.635003
0.645003
0.655003
0.665003
0.675003
0.685003
0.695003
0.705003
0.715003
0.725003
0.735003
0.745003
0.755002
0.765002
0.775002
0.785002
0.795002
0.805002
0.815002
0.825002
0.835002
0.845002
0.855002
0.865002
0.875002
0.885001
0.895001
0.905001
0.915001
0.925001
0.935001
0.945001
0.955001
0.965001
0.975001
0.985
0.995
0.00499995
0.0149999
0.0249998
0.0349998
0.0449998
0.0549998
0.0649999
0.0749999
0.085
0.0950001
0.105
0.115
0.125
0.135
0.145
0.155001
0.165001
0.175001
0.185001
0.195001
0.205001
0.215001
0.225002
0.235002
0.245002
0.255002
0.265002
0.275002
0.285003
0.295003
0.305003
0.315003
0.325003
0.335003
0.345003
0.355004
0.365004
0.375004
0.385004
0.395004
0.405004
0.415004
0.425004
0.435004
0.445004
0.455004
0.465004
0.475004
0.485004
0.495004
0.505004
0.515004
0.525004
0.535004
0.545004
0.555004
0.565004
0.575004
0.585004
0.595004
0.605004
0.615003
0.625003
0.635003
0.645003
0.655003
0.665003
0.675003
0.685003
0.695003
0.705003
0.715003
0.725003
0.735003
0.745003
0.755002
0.765002
0.775002
0.785002
0.795002
0.805002
0.815002
0.825002
0.835002
0.845002
0.855002
0.865002
0.875002
0.885001
0.895001
0.905001
0.915001
0.925001
0.935001
0.945001
0.955001
0.965001
0.975001
0.985
0.995
0.00499995
0.0149999
0.0249998
0.0349998
0.0449998
0.0549998
0.0649999
0.0749999
0.085
0.0950001
0.105
0.115
0.125
0.135
0.145001
0.155001
0.165001
0.175001
0.185001
0.195001
0.205001
0.215001
0.225002
0.235002
0.245002
0.255002
0.265002
0.275002
0.285003
0.295003
0.305003
0.315003
0.325003
0.335003
0.345003
0.355004
0.365004
0.375004
0.385004
0.395004
0.405004
0.415004
0.425004
0.435004
0.445004
0.455004
0.465004
0.475004
0.485004
0.495004
0.505004
0.515004
0.525004
0.535004
0.545004
0.555004
0.565004
0.575004
0.585004
0.595004
0.605004
0.615003
0.625003
0.635003
0.645003
0.655003
0.665003
0.675003
0.685003
0.695003
0.705003
0.715003
0.725003
0.735003
0.745003
0.755003
0.765002
0.775002
0.785002
0.795002
0.805002
0.815002
0.825002
0.835002
0.845002
0.855002
0.865002
0.875002
0.885002
0.895001
0.905001
0.915001
0.925001
0.935001
0.945001
0.955001
0.965001
0.975001
0.985
0.995
0.00499995
0.0149999
0.0249998
0.0349998
0.0449998
0.0549998
0.0649999
0.0749999
0.085
0.0950001
0.105
0.115
0.125
0.135
0.145001
0.155001
0.165001
0.175001
0.185001
0.195001
0.205001
0.215001
0.225002
0.235002
0.245002
0.255002
0.265002
0.275002
0.285003
0.295003
0.305003
0.315003
0.325003
0.335003
0.345004
0.355004
0.365004
0.375004
0.385004
0.395004
0.405004
0.415004
0.425004
0.435004
0.445004
0.455004
0.465004
0.475004
0.485004
0.495004
0.505004
0.515004
0.525004
0.535004
0.545004
0.555004
0.565004
0.575004
0.585004
0.595004
0.605004
0.615004
0.625003
0.635003
0.645003
0.655003
0.665003
0.675003
0.685003
0.695003
0.705003
0.715003
0.725003
0.735003
0.745003
0.755003
0.765002
0.775002
0.785002
0.795002
0.805002
0.815002
0.825002
0.835002
0.845002
0.855002
0.865002
0.875002
0.885002
0.895001
0.905001
0.915001
0.925001
0.935001
0.945001
0.955001
0.965001
0.975001
0.985
0.995
0.00499995
0.0149999
0.0249998
0.0349998
0.0449998
0.0549998
0.0649999
0.0749999
0.085
0.0950001
0.105
0.115
0.125
0.135
0.145001
0.155001
0.165001
0.175001
0.185001
0.195001
0.205001
0.215001
0.225002
0.235002
0.245002
0.255002
0.265002
0.275002
0.285003
0.295003
0.305003
0.315003
0.325003
0.335003
0.345004
0.355004
0.365004
0.375004
0.385004
0.395004
0.405004
0.415004
0.425004
0.435004
0.445004
0.455004
0.465004
0.475004
0.485004
0.495004
0.505004
0.515004
0.525004
0.535004
0.545004
0.555004
0.565004
0.575004
0.585004
0.595004
0.605004
0.615004
0.625003
0.635003
0.645003
0.655003
0.665003
0.675003
0.685003
0.695003
0.705003
0.715003
0.725003
0.735003
0.745003
0.755003
0.765002
0.775002
0.785002
0.795002
0.805002
0.815002
0.825002
0.835002
0.845002
0.855002
0.865002
0.875002
0.885002
0.895001
0.905001
0.915001
0.925001
0.935001
0.945001
0.955001
0.965001
0.975001
0.985
0.995
0.00499995
0.0149999
0.0249998
0.0349998
0.0449998
0.0549998
0.0649999
0.0749999
0.085
0.0950001
0.105
0.115
0.125
0.135
0.145001
0.155001
0.165001
0.175001
0.185001
0.195001
0.205001
0.215002
0.225002
0.235002
0.245002
0.255002
0.265002
0.275002
0.285003
0.295003
0.305003
0.315003
0.325003
0.335003
0.345004
0.355004
0.365004
0.375004
0.385004
0.395004
0.405004
0.415004
0.425004
0.435004
0.445004
0.455004
0.465004
0.475004
0.485004
0.495004
0.505004
0.515004
0.525004
0.535004
0.545004
0.555004
0.565004
0.575004
0.585004
0.595004
0.605004
0.615004
0.625004
0.635003
0.645003
0.655003
0.665003
0.675003
0.685003
0.695003
0.705003
0.715003
0.725003
0.735003
0.745003
0.755003
0.765002
0.775002
0.785002
0.795002
0.805002
0.815002
0.825002
0.835002
0.845002
0.855002
0.865002
0.875002
0.885002
0.895001
0.905001
0.915001
0.925001
0.935001
0.945001
0.955001
0.965001
0.975001
0.985
0.995
0.00499996
0.0149999
0.0249998
0.0349998
0.0449998
0.0549998
0.0649999
0.075
0.085
0.0950001
0.105
0.115
0.125
0.135
0.145001
0.155001
0.165001
0.175001
0.185001
0.195001
0.205001
0.215002
0.225002
0.235002
0.245002
0.255002
0.265002
0.275003
0.285003
0.295003
0.305003
0.315003
0.325003
0.335003
0.345004
0.355004
0.365004
0.375004
0.385004
0.395004
0.405004
0.415004
0.425004
0.435004
0.445004
0.455004
0.465004
0.475004
0.485004
0.495004
0.505004
0.515004
0.525004
0.535004
0.545004
0.555004
0.565004
0.575004
0.585004
0.595004
0.605004
0.615004
0.625004
0.635003
0.645003
0.655003
0.665003
0.675003
0.685003
0.695003
0.705003
0.715003
0.725003
0.735003
0.745003
0.755003
0.765003
0.775002
0.785002
0.795002
0.805002
0.815002
0.825002
0.835002
0.845002
0.855002
0.865002
0.875002
0.885002
0.895001
0.905001
0.915001
0.925001
0.935001
0.945001
0.955001
0.965001
0.975001
0.985
0.995
0.00499996
0.0149999
0.0249998
0.0349998
0.0449998
0.0549998
0.0649999
0.075
0.085
0.0950001
0.105
0.115
0.125
0.135
0.145001
0.155001
0.165001
0.175001
0.185001
0.195001
0.205001
0.215002
0.225002
0.235002
0.245002
0.255002
0.265002
0.275003
0.285003
0.295003
0.305003
0.315003
0.325003
0.335004
0.345004
0.355004
0.365004
0.375004
0.385004
0.395004
0.405004
0.415004
0.425004
0.435004
0.445004
0.455004
0.465004
0.475004
0.485004
0.495004
0.505004
0.515004
0.525004
0.535004
0.545004
0.555004
0.565004
0.575004
0.585004
0.595004
0.605004
0.615004
0.625004
0.635003
0.645003
0.655003
0.665003
0.675003
0.685003
0.695003
0.705003
0.715003
0.725003
0.735003
0.745003
0.755003
0.765003
0.775002
0.785002
0.795002
0.805002
0.815002
0.825002
0.835002
0.845002
0.855002
0.865002
0.875002
0.885002
0.895001
0.905001
0.915001
0.925001
0.935001
0.945001
0.955001
0.965001
0.975001
0.985
0.995
0.00499996
0.0149999
0.0249998
0.0349998
0.0449998
0.0549998
0.0649999
0.075
0.085
0.0950001
0.105
0.115
0.125
0.135
0.145001
0.155001
0.165001
0.175001
0.185001
0.195001
0.205001
0.215002
0.225002
0.235002
0.245002
0.255002
0.265002
0.275003
0.285003
0.295003
0.305003
0.315003
0.325003
0.335004
0.345004
0.355004
0.365004
0.375004
0.385004
0.395004
0.405004
0.415004
0.425004
0.435004
0.445004
0.455004
0.465004
0.475004
0.485004
0.495004
0.505004
0.515004
0.525004
0.535004
0.545004
0.555004
0.565004
0.575004
0.585004
0.595004
0.605004
0.615004
0.625004
0.635004
0.645003
0.655003
0.665003
0.675003
0.685003
0.695003
0.705003
0.715003
0.725003
0.735003
0.745003
0.755003
0.765003
0.775002
0.785002
0.795002
0.805002
0.815002
0.825002
0.835002
0.845002
0.855002
0.865002
0.875002
0.885002
0.895002
0.905001
0.915001
0.925001
0.935001
0.945001
0.955001
0.965001
0.975001
0.985
0.995
0.00499996
0.0149999
0.0249998
0.0349998
0.0449998
0.0549999
0.0649999
0.075
0.0850001
0.0950001
0.105
0.115
0.125
0.135001
0.145001
0.155001
0.165001
0.175001
0.185001
0.195001
0.205001
0.215002
0.225002
0.235002
0.245002
0.255002
0.265002
0.275003
0.285003
0.295003
0.305003
0.315003
0.325003
0.335004
0.345004
0.355004
0.365004
0.375004
0.385004
0.395004
0.405004
0.415004
0.425004
0.435004
0.445004
0.455004
0.465004
0.475004
0.485004
0.495004
0.505004
0.515004
0.525004
0.535004
0.545004
0.555004
0.565004
0.575004
0.585004
0.595004
0.605004
0.615004
0.625004
0.635004
0.645003
0.655003
0.665003
0.675003
0.685003
0.695003
0.705003
0.715003
0.725003
0.735003
0.745003
0.755003
0.765003
0.775002
0.785002
0.795002
0.805002
0.815002
0.825002
0.835002
0.845002
0.855002
0.865002
0.875002
0.885002
0.895002
0.905001
0.915001
0.925001
0.935001
0.945001
0.955001
0.965001
0.975001
0.985
0.995
0.00499996
0.0149999
0.0249998
0.0349998
0.0449998
0.0549999
0.0649999
0.075
0.0850001
0.0950001
0.105
0.115
0.125
0.135001
0.145001
0.155001
0.165001
0.175001
0.185001
0.195001
0.205001
0.215002
0.225002
0.235002
0.245002
0.255002
0.265002
0.275003
0.285003
0.295003
0.305003
0.315003
0.325003
0.335004
0.345004
0.355004
0.365004
0.375004
0.385004
0.395004
0.405004
0.415004
0.425004
0.435004
0.445004
0.455004
0.465004
0.475004
0.485004
0.495004
0.505004
0.515004
0.525004
0.535004
0.545004
0.555004
0.565004
0.575004
0.585004
0.595004
0.605004
0.615004
0.625004
0.635004
0.645004
0.655003
0.665003
0.675003
0.685003
0.695003
0.705003
0.715003
0.725003
0.735003
0.745003
0.755003
0.765003
0.775003
0.785002
0.795002
0.805002
0.815002
0.825002
0.835002
0.845002
0.855002
0.865002
0.875002
0.885002
0.895002
0.905001
0.915001
0.925001
0.935001
0.945001
0.955001
0.965001
0.975001
0.985
0.995
0.00499996
0.0149999
0.0249998
0.0349998
0.0449998
0.0549999
0.0649999
0.075
0.0850001
0.0950002
0.105
0.115
0.125
0.135001
0.145001
0.155001
0.165001
0.175001
0.185001
0.195001
0.205002
0.215002
0.225002
0.235002
0.245002
0.255002
0.265003
0.275003
0.285003
0.295003
0.305003
0.315003
0.325004
0.335004
0.345004
0.355004
0.365004
0.375004
0.385004
0.395004
0.405004
0.415004
0.425004
0.435004
0.445005
0.455005
0.465005
0.475004
0.485004
0.495004
0.505004
0.515004
0.525004
0.535004
0.545004
0.555004
0.565004
0.575004
0.585004
0.595004
0.605004
0.615004
0.625004
0.635004
0.645004
0.655003
0.665003
0.675003
0.685003
0.695003
0.705003
0.715003
0.725003
0.735003
0.745003
0.755003
0.765003
0.775003
0.785002
0.795002
0.805002
0.815002
0.825002
0.835002
0.845002
0.855002
0.865002
0.875002
0.885002
0.895002
0.905001
0.915001
0.925001
0.935001
0.945001
0.955001
0.965001
0.975001
0.985
0.995
0.00499996
0.0149999
0.0249998
0.0349998
0.0449998
0.0549999
0.0649999
0.075
0.0850001
0.0950002
0.105
0.115
0.125
0.135001
0.145001
0.155001
0.165001
0.175001
0.185001
0.195001
0.205002
0.215002
0.225002
0.235002
0.245002
0.255002
0.265003
0.275003
0.285003
0.295003
0.305003
0.315003
0.325004
0.335004
0.345004
0.355004
0.365004
0.375004
0.385004
0.395004
0.405004
0.415004
0.425005
0.435005
0.445005
0.455005
0.465005
0.475005
0.485004
0.495004
0.505004
0.515004
0.525004
0.535004
0.545004
0.555004
0.565004
0.575004
0.585004
0.595004
0.605004
0.615004
0.625004
0.635004
0.645004
0.655003
0.665003
0.675003
0.685003
0.695003
0.705003
0.715003
0.725003
0.735003
0.745003
0.755003
0.765003
0.775003
0.785002
0.795002
0.805002
0.815002
0.825002
0.835002
0.845002
0.855002
0.865002
0.875002
0.885002
0.895002
0.905001
0.915001
0.925001
0.935001
0.945001
0.955001
0.965001
0.975001
0.985
0.995
0.00499996
0.0149999
0.0249998
0.0349998
0.0449998
0.0549999
0.0649999
0.075
0.0850001
0.0950002
0.105
0.115
0.125
0.135001
0.145001
0.155001
0.165001
0.175001
0.185001
0.195001
0.205002
0.215002
0.225002
0.235002
0.245002
0.255002
0.265003
0.275003
0.285003
0.295003
0.305003
0.315003
0.325004
0.335004
0.345004
0.355004
0.365004
0.375004
0.385004
0.395004
0.405004
0.415004
0.425005
0.435005
0.445005
0.455005
0.465005
0.475005
0.485005
0.495004
0.505004
0.515004
0.525004
0.535004
0.545004
0.555004
0.565004
0.575004
0.585004
0.595004
0.605004
0.615004
0.625004
0.635004
0.645004
0.655004
0.665003
0.675003
0.685003
0.695003
0.705003
0.715003
0.725003
0.735003
0.745003
0.755003
0.765003
0.775003
0.785002
0.795002
0.805002
0.815002
0.825002
0.835002
0.845002
0.855002
0.865002
0.875002
0.885002
0.895002
0.905001
0.915001
0.925001
0.935001
0.945001
0.955001
0.965001
0.975001
0.985
0.995
0.00499996
0.0149999
0.0249998
0.0349998
0.0449998
0.0549999
0.0649999
0.075
0.0850001
0.0950002
0.105
0.115
0.125
0.135001
0.145001
0.155001
0.165001
0.175001
0.185001
0.195001
0.205002
0.215002
0.225002
0.235002
0.245002
0.255002
0.265003
0.275003
0.285003
0.295003
0.305003
0.315003
0.325004
0.335004
0.345004
0.355004
0.365004
0.375004
0.385004
0.395004
0.405004
0.415005
0.425005
0.435005
0.445005
0.455005
0.465005
0.475005
0.485005
0.495005
0.505004
0.515004
0.525004
0.535004
0.545004
0.555004
0.565004
0.575004
0.585004
0.595004
0.605004
0.615004
0.625004
0.635004
0.645004
0.655004
0.665003
0.675003
0.685003
0.695003
0.705003
0.715003
0.725003
0.735003
0.745003
0.755003
0.765003
0.775003
0.785003
0.795002
0.805002
0.815002
0.825002
0.835002
0.845002
0.855002
0.865002
0.875002
0.885002
0.895002
0.905001
0.915001
0.925001
0.935001
0.945001
0.955001
0.965001
0.975001
0.985
0.995
0.00499996
0.0149999
0.0249998
0.0349998
0.0449998
0.0549999
0.065
0.075
0.0850001
0.0950002
0.105
0.115
0.125
0.135001
0.145001
0.155001
0.165001
0.175001
0.185001
0.195001
0.205002
0.215002
0.225002
0.235002
0.245002
0.255002
0.265003
0.275003
0.285003
0.295003
0.305003
0.315004
0.325004
0.335004
0.345004
0.355004
0.365004
0.375004
0.385004
0.395004
0.405005
0.415005
0.425005
0.435005
0.445005
0.455005
0.465005
0.475005
0.485005
0.495005
0.505004
0.515004
0.525004
0.535004
0.545004
0.555004
0.565004
0.575004
0.585004
0.595004
0.605004
0.615004
0.625004
0.635004
0.645004
0.655004
0.665004
0.675003
0.685003
0.695003
0.705003
0.715003
0.725003
0.735003
0.745003
0.755003
0.765003
0.775003
0.785003
0.795002
0.805002
0.815002
0.825002
0.835002
0.845002
0.855002
0.865002
0.875002
0.885002
0.895002
0.905002
0.915001
0.925001
0.935001
0.945001
0.955001
0.965001
0.975001
0.985
0.995
0.00499996
0.0149999
0.0249998
0.0349998
0.0449999
0.0549999
0.065
0.075
0.0850001
0.0950002
0.105
0.115
0.125001
0.135001
0.145001
0.155001
0.165001
0.175001
0.185001
0.195002
0.205002
0.215002
0.225002
0.235002
0.245002
0.255003
0.265003
0.275003
0.285003
0.295003
0.305003
0.315004
0.325004
0.335004
0.345004
0.355004
0.365004
0.375004
0.385004
0.395004
0.405005
0.415005
0.425005
0.435005
0.445005
0.455005
0.465005
0.475005
0.485005
0.495005
0.505005
0.515004
0.525004
0.535004
0.545004
0.555004
0.565004
0.575004
0.585004
0.595004
0.605004
0.615004
0.625004
0.635004
0.645004
0.655004
0.665004
0.675003
0.685003
0.695003
0.705003
0.715003
0.725003
0.735003
0.745003
0.755003
0.765003
0.775003
0.785003
0.795002
0.805002
0.815002
0.825002
0.835002
0.845002
0.855002
0.865002
0.875002
0.885002
0.895002
0.905002
0.915001
0.925001
0.935001
0.945001
0.955001
0.965001
0.975001
0.985
0.995
0.00499996
0.0149999
0.0249998
0.0349998
0.0449999
0.0549999
0.065
0.0750001
0.0850001
0.0950002
0.105
0.115
0.125001
0.135001
0.145001
0.155001
0.165001
0.175001
0.185001
0.195002
0.205002
0.215002
0.225002
0.235002
0.245002
0.255003
0.265003
0.275003
0.285003
0.295003
0.305003
0.315004
0.325004
0.335004
0.345004
0.355004
0.365004
0.375004
0.385004
0.395005
0.405005
0.415005
0.425005
0.435005
0.445005
0.455005
0.465005
0.475005
0.485005
0.495005
0.505005
0.515005
0.525004
0.535004
0.545004
0.555004
0.565004
0.575004
0.585004
0.595004
0.605004
0.615004
0.625004
0.635004
0.645004
0.655004
0.665004
0.675003
0.685003
0.695003
0.705003
0.715003
0.725003
0.735003
0.745003
0.755003
0.765003
0.775003
0.785003
0.795002
0.805002
0.815002
0.825002
0.835002
0.845002
0.855002
0.865002
0.875002
0.885002
0.895002
0.905002
0.915001
0.925001
0.935001
0.945001
0.955001
0.965001
0.975001
0.985
0.995
0.00499996
0.0149999
0.0249998
0.0349998
0.0449999
0.0549999
0.065
0.0750001
0.0850001
0.0950002
0.105
0.115
0.125001
0.135001
0.145001
0.155001
0.165001
0.175001
0.185001
0.195002
0.205002
0.215002
0.225002
0.235002
0.245002
0.255003
0.265003
0.275003
0.285003
0.295003
0.305003
0.315004
0.325004
0.335004
0.345004
0.355004
0.365004
0.375004
0.385004
0.395005
0.405005
0.415005
0.425005
0.435005
0.445005
0.455005
0.465005
0.475005
0.485005
0.495005
0.505005
0.515005
0.525004
0.535004
0.545004
0.555004
0.565004
0.575004
0.585004
0.595004
0.605004
0.615004
0.625004
0.635004
0.645004
0.655004
0.665004
0.675004
0.685003
0.695003
0.705003
0.715003
0.725003
0.735003
0.745003
0.755003
0.765003
0.775003
0.785003
0.795002
0.805002
0.815002
0.825002
0.835002
0.845002
0.855002
0.865002
0.875002
0.885002
0.895002
0.905002
0.915001
0.925001
0.935001
0.945001
0.955001
0.965001
0.975001
0.985
0.995
0.00499996
0.0149999
0.0249999
0.0349998
0.0449999
0.0549999
0.065
0.0750001
0.0850002
0.0950003
0.105
0.115
0.125001
0.135001
0.145001
0.155001
0.165001
0.175001
0.185001
0.195002
0.205002
0.215002
0.225002
0.235002
0.245002
0.255003
0.265003
0.275003
0.285003
0.295003
0.305003
0.315004
0.325004
0.335004
0.345004
0.355004
0.365004
0.375004
0.385004
0.395005
0.405005
0.415005
0.425005
0.435005
0.445005
0.455005
0.465005
0.475005
0.485005
0.495005
0.505005
0.515005
0.525005
0.535004
0.545004
0.555004
0.565004
0.575004
0.585004
0.595004
0.605004
0.615004
0.625004
0.635004
0.645004
0.655004
0.665004
0.675004
0.685003
0.695003
0.705003
0.715003
0.725003
0.735003
0.745003
0.755003
0.765003
0.775003
0.785003
0.795003
0.805002
0.815002
0.825002
0.835002
0.845002
0.855002
0.865002
0.875002
0.885002
0.895002
0.905002
0.915001
0.925001
0.935001
0.945001
0.955001
0.965001
0.975001
0.985
0.995
0.00499996
0.0149999
0.0249999
0.0349998
0.0449999
0.0549999
0.065
0.0750001
0.0850002
0.0950003
0.105
0.115
0.125001
0.135001
0.145001
0.155001
0.165001
0.175001
0.185001
0.195002
0.205002
0.215002
0.225002
0.235002
0.245002
0.255003
0.265003
0.275003
0.285003
0.295003
0.305004
0.315004
0.325004
0.335004
0.345004
0.355004
0.365004
0.375004
0.385005
0.395005
0.405005
0.415005
0.425005
0.435005
0.445005
0.455005
0.465005
0.475005
0.485005
0.495005
0.505005
0.515005
0.525005
0.535004
0.545004
0.555004
0.565004
0.575004
0.585004
0.595004
0.605004
0.615004
0.625004
0.635004
0.645004
0.655004
0.665004
0.675004
0.685003
0.695003
0.705003
0.715003
0.725003
0.735003
0.745003
0.755003
0.765003
0.775003
0.785003
0.795003
0.805002
0.815002
0.825002
0.835002
0.845002
0.855002
0.865002
0.875002
0.885002
0.895002
0.905002
0.915001
0.925001
0.935001
0.945001
0.955001
0.965001
0.975001
0.985
0.995
0.00499996
0.0149999
0.0249999
0.0349999
0.0449999
0.0549999
0.065
0.0750001
0.0850002
0.0950003
0.105
0.115
0.125001
0.135001
0.145001
0.155001
0.165001
0.175001
0.185001
0.195002
0.205002
0.215002
0.225002
0.235002
0.245003
0.255003
0.265003
0.275003
0.285003
0.295003
0.305004
0.315004
0.325004
0.335004
0.345004
0.355004
0.365004
0.375004
0.385005
0.395005
0.405005
0.415005
0.425005
0.435005
0.445005
0.455005
0.465005
0.475005
0.485005
0.495005
0.505005
0.515005
0.525005
0.535005
0.545004
0.555004
0.565004
0.575004
0.585004
0.595004
0.605004
0.615004
0.625004
0.635004
0.645004
0.655004
0.665004
0.675004
0.685004
0.695003
0.705003
0.715003
0.725003
0.735003
0.745003
0.755003
0.765003
0.775003
0.785003
0.795003
0.805002
0.815002
0.825002
0.835002
0.845002
0.855002
0.865002
0.875002
0.885002
0.895002
0.905002
0.915001
0.925001
0.935001
0.945001
0.955001
0.965001
0.975001
0.985
0.995
0.00499997
0.0149999
0.0249999
0.0349999
0.0449999
0.0549999
0.065
0.0750001
0.0850002
0.0950003
0.105
0.115001
0.125001
0.135001
0.145001
0.155001
0.165001
0.175001
0.185002
0.195002
0.205002
0.215002
0.225002
0.235002
0.245003
0.255003
0.265003
0.275003
0.285003
0.295003
0.305004
0.315004
0.325004
0.335004
0.345004
0.355004
0.365004
0.375005
0.385005
0.395005
0.405005
0.415005
0.425005
0.435005
0.445005
0.455005
0.465005
0.475005
0.485005
0.495005
0.505005
0.515005
0.525005
0.535005
0.545004
0.555004
0.565004
0.575004
0.585004
0.595004
0.605004
0.615004
0.625004
0.635004
0.645004
0.655004
0.665004
0.675004
0.685004
0.695003
0.705003
0.715003
0.725003
0.735003
0.745003
0.755003
0.765003
0.775003
0.785003
0.795003
0.805002
0.815002
0.825002
0.835002
0.845002
0.855002
0.865002
0.875002
0.885002
0.895002
0.905002
0.915002
0.925001
0.935001
0.945001
0.955001
0.965001
0.975001
0.985
0.995
0.00499997
0.0149999
0.0249999
0.0349999
0.0449999
0.055
0.065
0.0750001
0.0850002
0.0950003
0.105
0.115001
0.125001
0.135001
0.145001
0.155001
0.165001
0.175001
0.185002
0.195002
0.205002
0.215002
0.225002
0.235002
0.245003
0.255003
0.265003
0.275003
0.285003
0.295003
0.305004
0.315004
0.325004
0.335004
0.345004
0.355004
0.365004
0.375005
0.385005
0.395005
0.405005
0.415005
0.425005
0.435005
0.445005
0.455005
0.465005
0.475005
0.485005
0.495005
0.505005
0.515005
0.525005
0.535005
0.545004
0.555004
0.565004
0.575004
0.585004
0.595004
0.605004
0.615004
0.625004
0.635004
0.645004
0.655004
0.665004
0.675004
0.685004
0.695003
0.705003
0.715003
0.725003
0.735003
0.745003
0.755003
0.765003
0.775003
0.785003
0.795003
0.805002
0.815002
0.825002
0.835002
0.845002
0.855002
0.865002
0.875002
0.885002
0.895002
0.905002
0.915002
0.925001
0.935001
0.945001
0.955001
0.965001
0.975001
0.985
0.995
0.00499997
0.0149999
0.0249999
0.0349999
0.0449999
0.055
0.065
0.0750001
0.0850002
0.0950003
0.105
0.115001
0.125001
0.135001
0.145001
0.155001
0.165001
0.175001
0.185002
0.195002
0.205002
0.215002
0.225002
0.235002
0.245003
0.255003
0.265003
0.275003
0.285003
0.295003
0.305004
0.315004
0.325004
0.335004
0.345004
0.355004
0.365004
0.375005
0.385005
0.395005
0.405005
0.415005
0.425005
0.435005
0.445005
0.455005
0.465005
0.475005
0.485005
0.495005
0.505005
0.515005
0.525005
0.535005
0.545005
0.555004
0.565004
0.575004
0.585004
0.595004
0.605004
0.615004
0.625004
0.635004
0.645004
0.655004
0.665004
0.675004
0.685004
0.695004
0.705003
0.715003
0.725003
0.735003
0.745003
0.755003
0.765003
0.775003
0.785003
0.795003
0.805002
0.815002
0.825002
0.835002
0.845002
0.855002
0.865002
0.875002
0.885002
0.895002
0.905002
0.915002
0.925001
0.935001
0.945001
0.955001
0.965001
0.975001
0.985
0.995
0.00499997
0.0149999
0.0249999
0.0349999
0.0449999
0.055
0.065
0.0750001
0.0850002
0.0950003
0.105
0.115001
0.125001
0.135001
0.145001
0.155001
0.165001
0.175001
0.185002
0.195002
0.205002
0.215002
0.225002
0.235002
0.245003
0.255003
0.265003
0.275003
0.285003
0.295004
0.305004
0.315004
0.325004
0.335004
0.345004
0.355004
0.365004
0.375005
0.385005
0.395005
0.405005
0.415005
0.425005
0.435005
0.445005
0.455005
0.465005
0.475005
0.485005
0.495005
0.505005
0.515005
0.525005
0.535005
0.545005
0.555004
0.565004
0.575004
0.585004
0.595004
0.605004
0.615004
0.625004
0.635004
0.645004
0.655004
0.665004
0.675004
0.685004
0.695004
0.705003
0.715003
0.725003
0.735003
0.745003
0.755003
0.765003
0.775003
0.785003
0.795003
0.805003
0.815002
0.825002
0.835002
0.845002
0.855002
0.865002
0.875002
0.885002
0.895002
0.905002
0.915002
0.925001
0.935001
0.945001
0.955001
0.965001
0.975001
0.985
0.995
0.00499997
0.0149999
0.0249999
0.0349999
0.0449999
0.055
0.0650001
0.0750001
0.0850002
0.0950003
0.105
0.115001
0.125001
0.135001
0.145001
0.155001
0.165001
0.175001
0.185002
0.195002
0.205002
0.215002
0.225002
0.235002
0.245003
0.255003
0.265003
0.275003
0.285003
0.295004
0.305004
0.315004
0.325004
0.335004
0.345004
0.355004
0.365005
0.375005
0.385005
0.395005
0.405005
0.415005
0.425005
0.435005
0.445005
0.455005
0.465005
0.475005
0.485005
0.495005
0.505005
0.515005
0.525005
0.535005
0.545005
0.555005
0.565004
0.575004
0.585004
0.595004
0.605004
0.615004
0.625004
0.635004
0.645004
0.655004
0.665004
0.675004
0.685004
0.695004
0.705003
0.715003
0.725003
0.735003
0.745003
0.755003
0.765003
0.775003
0.785003
0.795003
0.805003
0.815002
0.825002
0.835002
0.845002
0.855002
0.865002
0.875002
0.885002
0.895002
0.905002
0.915002
0.925001
0.935001
0.945001
0.955001
0.965001
0.975001
0.985
0.995
0.00499997
0.0149999
0.0249999
0.0349999
0.0449999
0.055
0.0650001
0.0750002
0.0850003
0.0950004
0.105
0.115001
0.125001
0.135001
0.145001
0.155001
0.165001
0.175001
0.185002
0.195002
0.205002
0.215002
0.225002
0.235003
0.245003
0.255003
0.265003
0.275003
0.285003
0.295004
0.305004
0.315004
0.325004
0.335004
0.345004
0.355004
0.365005
0.375005
0.385005
0.395005
0.405005
0.415005
0.425005
0.435005
0.445005
0.455005
0.465005
0.475005
0.485005
0.495005
0.505005
0.515005
0.525005
0.535005
0.545005
0.555005
0.565004
0.575004
0.585004
0.595004
0.605004
0.615004
0.625004
0.635004
0.645004
0.655004
0.665004
0.675004
0.685004
0.695004
0.705003
0.715003
0.725003
0.735003
0.745003
0.755003
0.765003
0.775003
0.785003
0.795003
0.805003
0.815002
0.825002
0.835002
0.845002
0.855002
0.865002
0.875002
0.885002
0.895002
0.905002
0.915002
0.925001
0.935001
0.945001
0.955001
0.965001
0.975001
0.985
0.995
0.00499997
0.0149999
0.0249999
0.0349999
0.0449999
0.055
0.0650001
0.0750002
0.0850003
0.0950004
0.105
0.115001
0.125001
0.135001
0.145001
0.155001
0.165001
0.175001
0.185002
0.195002
0.205002
0.215002
0.225002
0.235003
0.245003
0.255003
0.265003
0.275003
0.285003
0.295004
0.305004
0.315004
0.325004
0.335004
0.345004
0.355004
0.365005
0.375005
0.385005
0.395005
0.405005
0.415005
0.425005
0.435005
0.445005
0.455005
0.465005
0.475005
0.485005
0.495005
0.505005
0.515005
0.525005
0.535005
0.545005
0.555005
0.565004
0.575004
0.585004
0.595004
0.605004
0.615004
0.625004
0.635004
0.645004
0.655004
0.665004
0.675004
0.685004
0.695004
0.705004
0.715003
0.725003
0.735003
0.745003
0.755003
0.765003
0.775003
0.785003
0.795003
0.805003
0.815002
0.825002
0.835002
0.845002
0.855002
0.865002
0.875002
0.885002
0.895002
0.905002
0.915002
0.925001
0.935001
0.945001
0.955001
0.965001
0.975001
0.985
0.995
0.00499997
0.0149999
0.0249999
0.0349999
0.0449999
0.055
0.0650001
0.0750002
0.0850003
0.0950004
0.105
0.115001
0.125001
0.135001
0.145001
0.155001
0.165001
0.175002
0.185002
0.195002
0.205002
0.215002
0.225002
0.235003
0.245003
0.255003
0.265003
0.275003
0.285003
0.295004
0.305004
0.315004
0.325004
0.335004
0.345004
0.355004
0.365005
0.375005
0.385005
0.395005
0.405005
0.415005
0.425005
0.435005
0.445005
0.455005
0.465005
0.475005
0.485005
0.495005
0.505005
0.515005
0.525005
0.535005
0.545005
0.555005
0.565005
0.575004
0.585004
0.595004
0.605004
0.615004
0.625004
0.635004
0.645004
0.655004
0.665004
0.675004
0.685004
0.695004
0.705004
0.715003
0.725003
0.735003
0.745003
0.755003
0.765003
0.775003
0.785003
0.795003
0.805003
0.815002
0.825002
0.835002
0.845002
0.855002
0.865002
0.875002
0.885002
0.895002
0.905002
0.915002
0.925001
0.935001
0.945001
0.955001
0.965001
0.975001
0.985
0.995
0.00499997
0.0149999
0.0249999
0.0349999
0.0449999
0.055
0.0650001
0.0750002
0.0850003
0.0950004
0.105001
0.115001
0.125001
0.135001
0.145001
0.155001
0.165001
0.175002
0.185002
0.195002
0.205002
0.215002
0.225002
0.235003
0.245003
0.255003
0.265003
0.275003
0.285003
0.295004
0.305004
0.315004
0.325004
0.335004
0.345004
0.355005
0.365005
0.375005
0.385005
0.395005
0.405005
0.415005
0.425005
0.435005
0.445005
0.455005
0.465005
0.475005
0.485005
0.495005
0.505005
0.515005
0.525005
0.535005
0.545005
0.555005
0.565005
0.575004
0.585004
0.595004
0.605004
0.615004
0.625004
0.635004
0.645004
0.655004
0.665004
0.675004
0.685004
0.695004
0.705004
0.715003
0.725003
0.735003
0.745003
0.755003
0.765003
0.775003
0.785003
0.795003
0.805003
0.815002
0.825002
0.835002
0.845002
0.855002
0.865002
0.875002
0.885002
0.895002
0.905002
0.915002
0.925001
0.935001
0.945001
0.955001
0.965001
0.975001
0.985
0.995
0.00499997
0.0149999
0.0249999
0.0349999
0.0449999
0.055
0.0650001
0.0750002
0.0850003
0.0950004
0.105001
0.115001
0.125001
0.135001
0.145001
0.155001
0.165001
0.175002
0.185002
0.195002
0.205002
0.215002
0.225002
0.235003
0.245003
0.255003
0.265003
0.275003
0.285004
0.295004
0.305004
0.315004
0.325004
0.335004
0.345004
0.355005
0.365005
0.375005
0.385005
0.395005
0.405005
0.415005
0.425005
0.435005
0.445005
0.455005
0.465005
0.475005
0.485005
0.495005
0.505005
0.515005
0.525005
0.535005
0.545005
0.555005
0.565005
0.575005
0.585004
0.595004
0.605004
0.615004
0.625004
0.635004
0.645004
0.655004
0.665004
0.675004
0.685004
0.695004
0.705004
0.715003
0.725003
0.735003
0.745003
0.755003
0.765003
0.775003
0.785003
0.795003
0.805003
0.815002
0.825002
0.835002
0.845002
0.855002
0.865002
0.875002
0.885002
0.895002
0.905002
0.915002
0.925001
0.935001
0.945001
0.955001
0.965001
0.975001
0.985
0.995
0.00499997
0.0149999
0.0249999
0.0349999
0.0449999
0.055
0.0650001
0.0750002
0.0850003
0.0950004
0.105001
0.115001
0.125001
0.135001
0.145001
0.155001
0.165001
0.175002
0.185002
0.195002
0.205002
0.215002
0.225002
0.235003
0.245003
0.255003
0.265003
0.275003
0.285004
0.295004
0.305004
0.315004
0.325004
0.335004
0.345004
0.355005
0.365005
0.375005
0.385005
0.395005
0.405005
0.415005
0.425005
0.435005
0.445005
0.455005
0.465005
0.475005
0.485005
0.495005
0.505005
0.515005
0.525005
0.535005
0.545005
0.555005
0.565005
0.575005
0.585004
0.595004
0.605004
0.615004
0.625004
0.635004
0.645004
0.655004
0.665004
0.675004
0.685004
0.695004
0.705004
0.715003
0.725003
0.735003
0.745003
0.755003
0.765003
0.775003
0.785003
0.795003
0.805003
0.815003
0.825002
0.835002
0.845002
0.855002
0.865002
0.875002
0.885002
0.895002
0.905002
0.915002
0.925001
0.935001
0.945001
0.955001
0.965001
0.975001
0.985
0.995
0.00499997
0.0149999
0.0249999
0.0349999
0.045
0.055
0.0650001
0.0750002
0.0850003
0.0950004
0.105001
0.115001
0.125001
0.135001
0.145001
0.155001
0.165001
0.175002
0.185002
0.195002
0.205002
0.215002
0.225002
0.235003
0.245003
0.255003
0.265003
0.275003
0.285004
0.295004
0.305004
0.315004
0.325004
0.335004
0.345004
0.355005
0.365005
0.375005
0.385005
0.395005
0.405005
0.415005
0.425005
0.435005
0.445005
0.455005
0.465005
0.475005
0.485005
0.495005
0.505005
0.515005
0.525005
0.535005
0.545005
0.555005
0.565005
0.575005
0.585004
0.595004
0.605004
0.615004
0.625004
0.635004
0.645004
0.655004
0.665004
0.675004
0.685004
0.695004
0.705004
0.715004
0.725003
0.735003
0.745003
0.755003
0.765003
0.775003
0.785003
0.795003
0.805003
0.815003
0.825002
0.835002
0.845002
0.855002
0.865002
0.875002
0.885002
0.895002
0.905002
0.915002
0.925002
0.935001
0.945001
0.955001
0.965001
0.975001
0.985
0.995
0.00499997
0.0149999
0.0249999
0.0349999
0.045
0.055
0.0650001
0.0750002
0.0850003
0.0950004
0.105001
0.115001
0.125001
0.135001
0.145001
0.155001
0.165001
0.175002
0.185002
0.195002
0.205002
0.215002
0.225002
0.235003
0.245003
0.255003
0.265003
0.275003
0.285004
0.295004
0.305004
0.315004
0.325004
0.335004
0.345004
0.355005
0.365005
0.375005
0.385005
0.395005
0.405005
0.415005
0.425005
0.435005
0.445005
0.455005
0.465005
0.475005
0.485005
0.495005
0.505005
0.515005
0.525005
0.535005
0.545005
0.555005
0.565005
0.575005
0.585004
0.595004
0.605004
0.615004
0.625004
0.635004
0.645004
0.655004
0.665004
0.675004
0.685004
0.695004
0.705004
0.715004
0.725003
0.735003
0.745003
0.755003
0.765003
0.775003
0.785003
0.795003
0.805003
0.815003
0.825002
0.835002
0.845002
0.855002
0.865002
0.875002
0.885002
0.895002
0.905002
0.915002
0.925002
0.935001
0.945001
0.955001
0.965001
0.975001
0.985
0.995
0.00499997
0.0149999
0.0249999
0.0349999
0.045
0.055
0.0650001
0.0750002
0.0850003
0.0950004
0.105001
0.115001
0.125001
0.135001
0.145001
0.155001
0.165001
0.175002
0.185002
0.195002
0.205002
0.215002
0.225003
0.235003
0.245003
0.255003
0.265003
0.275003
0.285004
0.295004
0.305004
0.315004
0.325004
0.335004
0.345004
0.355005
0.365005
0.375005
0.385005
0.395005
0.405005
0.415005
0.425005
0.435005
0.445005
0.455005
0.465005
0.475005
0.485005
0.495005
0.505005
0.515005
0.525005
0.535005
0.545005
0.555005
0.565005
0.575005
0.585005
0.595004
0.605004
0.615004
0.625004
0.635004
0.645004
0.655004
0.665004
0.675004
0.685004
0.695004
0.705004
0.715004
0.725003
0.735003
0.745003
0.755003
0.765003
0.775003
0.785003
0.795003
0.805003
0.815003
0.825002
0.835002
0.845002
0.855002
0.865002
0.875002
0.885002
0.895002
0.905002
0.915002
0.925002
0.935001
0.945001
0.955001
0.965001
0.975001
0.985
0.995
0.00499997
0.0149999
0.0249999
0.0349999
0.045
0.055
0.0650001
0.0750002
0.0850003
0.0950005
0.105001
0.115001
0.125001
0.135001
0.145001
0.155001
0.165001
0.175002
0.185002
0.195002
0.205002
0.215002
0.225003
0.235003
0.245003
0.255003
0.265003
0.275003
0.285004
0.295004
0.305004
0.315004
0.325004
0.335004
0.345004
0.355005
0.365005
0.375005
0.385005
0.395005
0.405005
0.415005
0.425005
0.435005
0.445005
0.455005
0.465005
0.475005
0.485005
0.495005
0.505005
0.515005
0.525005
0.535005
0.545005
0.555005
0.565005
0.575005
0.585005
0.595004
0.605004
0.615004
0.625004
0.635004
0.645004
0.655004
0.665004
0.675004
0.685004
0.695004
0.705004
0.715004
0.725003
0.735003
0.745003
0.755003
0.765003
0.775003
0.785003
0.795003
0.805003
0.815003
0.825002
0.835002
0.845002
0.855002
0.865002
0.875002
0.885002
0.895002
0.905002
0.915002
0.925002
0.935001
0.945001
0.955001
0.965001
0.975001
0.985
0.995
0.00499998
0.0149999
0.0249999
0.0349999
0.045
0.055
0.0650001
0.0750002
0.0850003
0.0950005
0.105001
0.115001
0.125001
0.135001
0.145001
0.155001
0.165001
0.175002
0.185002
0.195002
0.205002
0.215002
0.225003
0.235003
0.245003
0.255003
0.265003
0.275003
0.285004
0.295004
0.305004
0.315004
0.325004
0.335004
0.345005
0.355005
0.365005
0.375005
0.385005
0.395005
0.405005
0.415005
0.425005
0.435005
0.445005
0.455005
0.465005
0.475005
0.485005
0.495005
0.505005
0.515005
0.525005
0.535005
0.545005
0.555005
0.565005
0.575005
0.585005
0.595004
0.605004
0.615004
0.625004
0.635004
0.645004
0.655004
0.665004
0.675004
0.685004
0.695004
0.705004
0.715004
0.725003
0.735003
0.745003
0.755003
0.765003
0.775003
0.785003
0.795003
0.805003
0.815003
0.825002
0.835002
0.845002
0.855002
0.865002
0.875002
0.885002
0.895002
0.905002
0.915002
0.925002
0.935001
0.945001
0.955001
0.965001
0.975001
0.985
0.995
0.00499998
0.0149999
0.0249999
0.0349999
0.045
0.0550001
0.0650001
0.0750002
0.0850004
0.0950005
0.105001
0.115001
0.125001
0.135001
0.145001
0.155001
0.165001
0.175002
0.185002
0.195002
0.205002
0.215002
0.225003
0.235003
0.245003
0.255003
0.265003
0.275003
0.285004
0.295004
0.305004
0.315004
0.325004
0.335004
0.345005
0.355005
0.365005
0.375005
0.385005
0.395005
0.405005
0.415005
0.425005
0.435005
0.445005
0.455005
0.465005
0.475005
0.485005
0.495005
0.505005
0.515005
0.525005
0.535005
0.545005
0.555005
0.565005
0.575005
0.585005
0.595004
0.605004
0.615004
0.625004
0.635004
0.645004
0.655004
0.665004
0.675004
0.685004
0.695004
0.705004
0.715004
0.725003
0.735003
0.745003
0.755003
0.765003
0.775003
0.785003
0.795003
0.805003
0.815003
0.825002
0.835002
0.845002
0.855002
0.865002
0.875002
0.885002
0.895002
0.905002
0.915002
0.925002
0.935001
0.945001
0.955001
0.965001
0.975001
0.985
0.995
0.00499998
0.0149999
0.0249999
0.0349999
0.045
0.0550001
0.0650001
0.0750003
0.0850004
0.0950005
0.105001
0.115001
0.125001
0.135001
0.145001
0.155001
0.165001
0.175002
0.185002
0.195002
0.205002
0.215002
0.225003
0.235003
0.245003
0.255003
0.265003
0.275003
0.285004
0.295004
0.305004
0.315004
0.325004
0.335004
0.345005
0.355005
0.365005
0.375005
0.385005
0.395005
0.405005
0.415005
0.425005
0.435005
0.445005
0.455005
0.465005
0.475005
0.485005
0.495005
0.505005
0.515005
0.525005
0.535005
0.545005
0.555005
0.565005
0.575005
0.585005
0.595004
0.605004
0.615004
0.625004
0.635004
0.645004
0.655004
0.665004
0.675004
0.685004
0.695004
0.705004
0.715004
0.725003
0.735003
0.745003
0.755003
0.765003
0.775003
0.785003
0.795003
0.805003
0.815003
0.825002
0.835002
0.845002
0.855002
0.865002
0.875002
0.885002
0.895002
0.905002
0.915002
0.925002
0.935001
0.945001
0.955001
0.965001
0.975001
0.985
0.995
0.00499998
0.0149999
0.0249999
0.0349999
0.045
0.0550001
0.0650002
0.0750003
0.0850004
0.0950005
0.105001
0.115001
0.125001
0.135001
0.145001
0.155001
0.165001
0.175002
0.185002
0.195002
0.205002
0.215002
0.225003
0.235003
0.245003
0.255003
0.265003
0.275003
0.285004
0.295004
0.305004
0.315004
0.325004
0.335004
0.345005
0.355005
0.365005
0.375005
0.385005
0.395005
0.405005
0.415005
0.425005
0.435005
0.445005
0.455005
0.465005
0.475005
0.485005
0.495005
0.505005
0.515005
0.525005
0.535005
0.545005
0.555005
0.565005
0.575005
0.585005
0.595004
0.605004
0.615004
0.625004
0.635004
0.645004
0.655004
0.665004
0.675004
0.685004
0.695004
0.705004
0.715004
0.725003
0.735003
0.745003
0.755003
0.765003
0.775003
0.785003
0.795003
0.805003
0.815003
0.825002
0.835002
0.845002
0.855002
0.865002
0.875002
0.885002
0.895002
0.905002
0.915002
0.925002
0.935001
0.945001
0.955001
0.965001
0.975001
0.985
0.995
0.00499998
0.0149999
0.0249999
0.0349999
0.045
0.0550001
0.0650002
0.0750003
0.0850004
0.0950005
0.105001
0.115001
0.125001
0.135001
0.145001
0.155001
0.165001
0.175002
0.185002
0.195002
0.205002
0.215002
0.225003
0.235003
0.245003
0.255003
0.265003
0.275003
0.285004
0.295004
0.305004
0.315004
0.325004
0.335004
0.345005
0.355005
0.365005
0.375005
0.385005
0.395005
0.405005
0.415005
0.425005
0.435005
0.445005
0.455005
0.465005
0.475005
0.485005
0.495005
0.505005
0.515005
0.525005
0.535005
0.545005
0.555005
0.565005
0.575005
0.585005
0.595005
0.605004
0.615004
0.625004
0.635004
0.645004
0.655004
0.665004
0.675004
0.685004
0.695004
0.705004
0.715004
0.725003
0.735003
0.745003
0.755003
0.765003
0.775003
0.785003
0.795003
0.805003
0.815003
0.825002
0.835002
0.845002
0.855002
0.865002
0.875002
0.885002
0.895002
0.905002
0.915002
0.925002
0.935001
0.945001
0.955001
0.965001
0.975001
0.985
0.995
0.00499998
0.0149999
0.0249999
0.0349999
0.045
0.0550001
0.0650002
0.0750003
0.0850004
0.0950005
0.105001
0.115001
0.125001
0.135001
0.145001
0.155001
0.165002
0.175002
0.185002
0.195002
0.205002
0.215002
0.225003
0.235003
0.245003
0.255003
0.265003
0.275003
0.285004
0.295004
0.305004
0.315004
0.325004
0.335004
0.345005
0.355005
0.365005
0.375005
0.385005
0.395005
0.405005
0.415005
0.425005
0.435005
0.445005
0.455005
0.465005
0.475005
0.485005
0.495005
0.505005
0.515005
0.525005
0.535005
0.545005
0.555005
0.565005
0.575005
0.585005
0.595005
0.605004
0.615004
0.625004
0.635004
0.645004
0.655004
0.665004
0.675004
0.685004
0.695004
0.705004
0.715004
0.725003
0.735003
0.745003
0.755003
0.765003
0.775003
0.785003
0.795003
0.805003
0.815003
0.825002
0.835002
0.845002
0.855002
0.865002
0.875002
0.885002
0.895002
0.905002
0.915002
0.925002
0.935001
0.945001
0.955001
0.965001
0.975001
0.985
0.995
0.00499998
0.0149999
0.0249999
0.0349999
0.045
0.0550001
0.0650002
0.0750003
0.0850004
0.0950005
0.105001
0.115001
0.125001
0.135001
0.145001
0.155001
0.165002
0.175002
0.185002
0.195002
0.205002
0.215002
0.225003
0.235003
0.245003
0.255003
0.265003
0.275003
0.285004
0.295004
0.305004
0.315004
0.325004
0.335004
0.345005
0.355005
0.365005
0.375005
0.385005
0.395005
0.405005
0.415005
0.425005
0.435005
0.445005
0.455005
0.465005
0.475005
0.485005
0.495005
0.505005
0.515005
0.525005
0.535005
0.545005
0.555005
0.565005
0.575005
0.585005
0.595005
0.605004
0.615004
0.625004
0.635004
0.645004
0.655004
0.665004
0.675004
0.685004
0.695004
0.705004
0.715004
0.725003
0.735003
0.745003
0.755003
0.765003
0.775003
0.785003
0.795003
0.805003
0.815003
0.825002
0.835002
0.845002
0.855002
0.865002
0.875002
0.885002
0.895002
0.905002
0.915002
0.925002
0.935001
0.945001
0.955001
0.965001
0.975001
0.985
0.995
0.00499998
0.0149999
0.0249999
0.0349999
0.045
0.0550001
0.0650002
0.0750003
0.0850004
0.0950005
0.105001
0.115001
0.125001
0.135001
0.145001
0.155001
0.165002
0.175002
0.185002
0.195002
0.205002
0.215002
0.225003
0.235003
0.245003
0.255003
0.265003
0.275003
0.285004
0.295004
0.305004
0.315004
0.325004
0.335004
0.345005
0.355005
0.365005
0.375005
0.385005
0.395005
0.405005
0.415005
0.425005
0.435005
0.445005
0.455005
0.465005
0.475005
0.485005
0.495005
0.505005
0.515005
0.525005
0.535005
0.545005
0.555005
0.565005
0.575005
0.585005
0.595005
0.605004
0.615004
0.625004
0.635004
0.645004
0.655004
0.665004
0.675004
0.685004
0.695004
0.705004
0.715004
0.725003
0.735003
0.745003
0.755003
0.765003
0.775003
0.785003
0.795003
0.805003
0.815003
0.825002
0.835002
0.845002
0.855002
0.865002
0.875002
0.885002
0.895002
0.905002
0.915002
0.925002
0.935001
0.945001
0.955001
0.965001
0.975001
0.985
0.995
0.00499998
0.0149999
0.0249999
0.0349999
0.045
0.0550001
0.0650002
0.0750003
0.0850004
0.0950005
0.105001
0.115001
0.125001
0.135001
0.145001
0.155001
0.165002
0.175002
0.185002
0.195002
0.205002
0.215002
0.225003
0.235003
0.245003
0.255003
0.265003
0.275003
0.285004
0.295004
0.305004
0.315004
0.325004
0.335004
0.345005
0.355005
0.365005
0.375005
0.385005
0.395005
0.405005
0.415005
0.425005
0.435005
0.445005
0.455005
0.465005
0.475005
0.485005
0.495005
0.505005
0.515005
0.525005
0.535005
0.545005
0.555005
0.565005
0.575005
0.585005
0.595005
0.605004
0.615004
0.625004
0.635004
0.645004
0.655004
0.665004
0.675004
0.685004
0.695004
0.705004
0.715004
0.725003
0.735003
0.745003
0.755003
0.765003
0.775003
0.785003
0.795003
0.805003
0.815003
0.825002
0.835002
0.845002
0.855002
0.865002
0.875002
0.885002
0.895002
0.905002
0.915002
0.925002
0.935001
0.945001
0.955001
0.965001
0.975001
0.985
0.995
0.00499998
0.0149999
0.0249999
0.0349999
0.045
0.0550001
0.0650002
0.0750003
0.0850004
0.0950005
0.105001
0.115001
0.125001
0.135001
0.145001
0.155001
0.165002
0.175002
0.185002
0.195002
0.205002
0.215002
0.225003
0.235003
0.245003
0.255003
0.265003
0.275003
0.285004
0.295004
0.305004
0.315004
0.325004
0.335004
0.345005
0.355005
0.365005
0.375005
0.385005
0.395005
0.405005
0.415005
0.425005
0.435005
0.445005
0.455005
0.465005
0.475005
0.485005
0.495005
0.505005
0.515005
0.525005
0.535005
0.545005
0.555005
0.565005
0.575005
0.585005
0.595005
0.605004
0.615004
0.625004
0.635004
0.645004
0.655004
0.665004
0.675004
0.685004
0.695004
0.705004
0.715004
0.725003
0.735003
0.745003
0.755003
0.765003
0.775003
0.785003
0.795003
0.805003
0.815003
0.825002
0.835002
0.845002
0.855002
0.865002
0.875002
0.885002
0.895002
0.905002
0.915002
0.925002
0.935001
0.945001
0.955001
0.965001
0.975001
0.985
0.995
)
;

boundaryField
{
    Adiabatic_walls
    {
        type            zeroGradient;
    }
    Left
    {
        type            fixedValue;
        value           uniform 0;
    }
    Right
    {
        type            fixedValue;
        value           uniform 1;
    }
    frontAndBack
    {
        type            empty;
    }
}


// ************************************************************************* //
