/*--------------------------------*- C++ -*----------------------------------*\
  =========                 |
  \\      /  F ield         | OpenFOAM: The Open Source CFD Toolbox
   \\    /   O peration     | Website:  https://openfoam.org
    \\  /    A nd           | Version:  6
     \\/     M anipulation  |
\*---------------------------------------------------------------------------*/
FoamFile
{
    version     2.0;
    format      ascii;
    class       volScalarField;
    location    "0";
    object      Tlift0;
}
// * * * * * * * * * * * * * * * * * * * * * * * * * * * * * * * * * * * * * //

dimensions      [0 0 0 1 0 0 0];

internalField   nonuniform List<scalar> 
10000
(
0.995
0.984999
0.974999
0.964999
0.954998
0.944998
0.934998
0.924998
0.914998
0.904998
0.894998
0.884998
0.874998
0.864998
0.854998
0.844998
0.834997
0.824997
0.814997
0.804997
0.794996
0.784996
0.774996
0.764996
0.754995
0.744995
0.734995
0.724995
0.714994
0.704994
0.694994
0.684994
0.674993
0.664993
0.654993
0.644993
0.634993
0.624992
0.614992
0.604992
0.594992
0.584992
0.574991
0.564991
0.554991
0.544991
0.534991
0.524991
0.514991
0.50499
0.49499
0.48499
0.47499
0.46499
0.45499
0.44499
0.43499
0.42499
0.41499
0.40499
0.39499
0.38499
0.37499
0.36499
0.35499
0.34499
0.33499
0.32499
0.31499
0.30499
0.29499
0.28499
0.274991
0.264991
0.254991
0.244991
0.234992
0.224992
0.214992
0.204992
0.194993
0.184993
0.174993
0.164994
0.154994
0.144994
0.134995
0.124995
0.114995
0.104996
0.0949962
0.0849965
0.0749969
0.0649973
0.0549977
0.0449981
0.0349985
0.0249989
0.0149993
0.00499977
0.995
0.984999
0.974999
0.964999
0.954998
0.944998
0.934998
0.924998
0.914998
0.904998
0.894998
0.884998
0.874998
0.864998
0.854998
0.844998
0.834997
0.824997
0.814997
0.804997
0.794996
0.784996
0.774996
0.764996
0.754995
0.744995
0.734995
0.724994
0.714994
0.704994
0.694994
0.684994
0.674993
0.664993
0.654993
0.644993
0.634993
0.624992
0.614992
0.604992
0.594992
0.584992
0.574991
0.564991
0.554991
0.544991
0.534991
0.524991
0.514991
0.50499
0.49499
0.48499
0.47499
0.46499
0.45499
0.44499
0.43499
0.42499
0.41499
0.40499
0.39499
0.38499
0.37499
0.36499
0.35499
0.34499
0.33499
0.32499
0.31499
0.30499
0.29499
0.28499
0.274991
0.264991
0.254991
0.244991
0.234992
0.224992
0.214992
0.204992
0.194993
0.184993
0.174993
0.164994
0.154994
0.144994
0.134995
0.124995
0.114995
0.104996
0.0949962
0.0849965
0.0749969
0.0649973
0.0549977
0.0449981
0.0349985
0.0249989
0.0149993
0.00499977
0.995
0.984999
0.974999
0.964999
0.954998
0.944998
0.934998
0.924998
0.914998
0.904998
0.894998
0.884998
0.874998
0.864998
0.854998
0.844998
0.834997
0.824997
0.814997
0.804997
0.794996
0.784996
0.774996
0.764996
0.754995
0.744995
0.734995
0.724994
0.714994
0.704994
0.694994
0.684994
0.674993
0.664993
0.654993
0.644993
0.634993
0.624992
0.614992
0.604992
0.594992
0.584992
0.574991
0.564991
0.554991
0.544991
0.534991
0.524991
0.51499
0.50499
0.49499
0.48499
0.47499
0.46499
0.45499
0.44499
0.43499
0.42499
0.41499
0.40499
0.394989
0.38499
0.37499
0.36499
0.35499
0.34499
0.33499
0.32499
0.31499
0.30499
0.29499
0.28499
0.274991
0.264991
0.254991
0.244991
0.234992
0.224992
0.214992
0.204992
0.194993
0.184993
0.174993
0.164994
0.154994
0.144994
0.134995
0.124995
0.114995
0.104996
0.0949961
0.0849965
0.0749969
0.0649973
0.0549977
0.0449981
0.0349985
0.0249989
0.0149993
0.00499977
0.995
0.984999
0.974999
0.964999
0.954998
0.944998
0.934998
0.924998
0.914998
0.904998
0.894998
0.884998
0.874998
0.864998
0.854998
0.844998
0.834997
0.824997
0.814997
0.804997
0.794996
0.784996
0.774996
0.764996
0.754995
0.744995
0.734995
0.724994
0.714994
0.704994
0.694994
0.684994
0.674993
0.664993
0.654993
0.644993
0.634993
0.624992
0.614992
0.604992
0.594992
0.584992
0.574991
0.564991
0.554991
0.544991
0.534991
0.524991
0.51499
0.50499
0.49499
0.48499
0.47499
0.46499
0.45499
0.44499
0.43499
0.42499
0.41499
0.404989
0.394989
0.384989
0.37499
0.36499
0.35499
0.34499
0.33499
0.32499
0.31499
0.30499
0.29499
0.28499
0.274991
0.264991
0.254991
0.244991
0.234992
0.224992
0.214992
0.204992
0.194993
0.184993
0.174993
0.164994
0.154994
0.144994
0.134995
0.124995
0.114995
0.104996
0.0949961
0.0849965
0.0749969
0.0649973
0.0549977
0.0449981
0.0349985
0.0249989
0.0149993
0.00499977
0.995
0.984999
0.974999
0.964999
0.954998
0.944998
0.934998
0.924998
0.914998
0.904998
0.894998
0.884998
0.874998
0.864998
0.854998
0.844998
0.834997
0.824997
0.814997
0.804997
0.794996
0.784996
0.774996
0.764996
0.754995
0.744995
0.734995
0.724994
0.714994
0.704994
0.694994
0.684994
0.674993
0.664993
0.654993
0.644993
0.634993
0.624992
0.614992
0.604992
0.594992
0.584992
0.574991
0.564991
0.554991
0.544991
0.534991
0.524991
0.51499
0.50499
0.49499
0.48499
0.47499
0.46499
0.45499
0.44499
0.43499
0.42499
0.414989
0.404989
0.394989
0.384989
0.374989
0.36499
0.35499
0.34499
0.33499
0.32499
0.31499
0.30499
0.29499
0.28499
0.274991
0.264991
0.254991
0.244991
0.234991
0.224992
0.214992
0.204992
0.194993
0.184993
0.174993
0.164994
0.154994
0.144994
0.134995
0.124995
0.114995
0.104996
0.0949961
0.0849965
0.0749969
0.0649973
0.0549977
0.0449981
0.0349985
0.0249989
0.0149993
0.00499977
0.995
0.984999
0.974999
0.964999
0.954998
0.944998
0.934998
0.924998
0.914998
0.904998
0.894998
0.884998
0.874998
0.864998
0.854998
0.844998
0.834997
0.824997
0.814997
0.804997
0.794996
0.784996
0.774996
0.764996
0.754995
0.744995
0.734995
0.724994
0.714994
0.704994
0.694994
0.684993
0.674993
0.664993
0.654993
0.644993
0.634992
0.624992
0.614992
0.604992
0.594992
0.584992
0.574991
0.564991
0.554991
0.544991
0.534991
0.524991
0.51499
0.50499
0.49499
0.48499
0.47499
0.46499
0.45499
0.44499
0.43499
0.424989
0.414989
0.404989
0.394989
0.384989
0.374989
0.364989
0.35499
0.34499
0.33499
0.32499
0.31499
0.30499
0.29499
0.28499
0.274991
0.264991
0.254991
0.244991
0.234991
0.224992
0.214992
0.204992
0.194993
0.184993
0.174993
0.164994
0.154994
0.144994
0.134995
0.124995
0.114995
0.104996
0.0949961
0.0849965
0.0749969
0.0649973
0.0549977
0.0449981
0.0349985
0.0249989
0.0149993
0.00499977
0.995
0.984999
0.974999
0.964999
0.954998
0.944998
0.934998
0.924998
0.914998
0.904998
0.894998
0.884998
0.874998
0.864998
0.854998
0.844998
0.834997
0.824997
0.814997
0.804997
0.794996
0.784996
0.774996
0.764996
0.754995
0.744995
0.734995
0.724994
0.714994
0.704994
0.694994
0.684993
0.674993
0.664993
0.654993
0.644993
0.634992
0.624992
0.614992
0.604992
0.594992
0.584992
0.574991
0.564991
0.554991
0.544991
0.534991
0.524991
0.51499
0.50499
0.49499
0.48499
0.47499
0.46499
0.45499
0.44499
0.43499
0.424989
0.414989
0.404989
0.394989
0.384989
0.374989
0.364989
0.35499
0.34499
0.33499
0.32499
0.31499
0.30499
0.29499
0.28499
0.274991
0.264991
0.254991
0.244991
0.234991
0.224992
0.214992
0.204992
0.194993
0.184993
0.174993
0.164994
0.154994
0.144994
0.134995
0.124995
0.114995
0.104996
0.0949961
0.0849965
0.0749969
0.0649973
0.0549977
0.0449981
0.0349985
0.0249989
0.0149993
0.00499977
0.995
0.984999
0.974999
0.964999
0.954998
0.944998
0.934998
0.924998
0.914998
0.904998
0.894998
0.884998
0.874998
0.864998
0.854998
0.844998
0.834997
0.824997
0.814997
0.804997
0.794996
0.784996
0.774996
0.764995
0.754995
0.744995
0.734995
0.724994
0.714994
0.704994
0.694994
0.684993
0.674993
0.664993
0.654993
0.644993
0.634992
0.624992
0.614992
0.604992
0.594992
0.584991
0.574991
0.564991
0.554991
0.544991
0.534991
0.52499
0.51499
0.50499
0.49499
0.48499
0.47499
0.46499
0.45499
0.44499
0.434989
0.424989
0.414989
0.404989
0.394989
0.384989
0.374989
0.364989
0.354989
0.34499
0.33499
0.32499
0.31499
0.30499
0.29499
0.28499
0.274991
0.264991
0.254991
0.244991
0.234991
0.224992
0.214992
0.204992
0.194993
0.184993
0.174993
0.164994
0.154994
0.144994
0.134995
0.124995
0.114995
0.104996
0.0949961
0.0849965
0.0749969
0.0649973
0.0549977
0.0449981
0.0349985
0.0249989
0.0149993
0.00499977
0.995
0.984999
0.974999
0.964999
0.954998
0.944998
0.934998
0.924998
0.914998
0.904998
0.894998
0.884998
0.874998
0.864998
0.854998
0.844998
0.834997
0.824997
0.814997
0.804997
0.794996
0.784996
0.774996
0.764995
0.754995
0.744995
0.734995
0.724994
0.714994
0.704994
0.694994
0.684993
0.674993
0.664993
0.654993
0.644993
0.634992
0.624992
0.614992
0.604992
0.594992
0.584991
0.574991
0.564991
0.554991
0.544991
0.534991
0.52499
0.51499
0.50499
0.49499
0.48499
0.47499
0.46499
0.45499
0.444989
0.434989
0.424989
0.414989
0.404989
0.394989
0.384989
0.374989
0.364989
0.354989
0.344989
0.33499
0.32499
0.31499
0.30499
0.29499
0.28499
0.27499
0.264991
0.254991
0.244991
0.234991
0.224992
0.214992
0.204992
0.194993
0.184993
0.174993
0.164994
0.154994
0.144994
0.134995
0.124995
0.114995
0.104996
0.0949961
0.0849965
0.0749969
0.0649973
0.0549977
0.0449981
0.0349985
0.0249989
0.0149993
0.00499977
0.995
0.984999
0.974999
0.964999
0.954998
0.944998
0.934998
0.924998
0.914998
0.904998
0.894998
0.884998
0.874998
0.864998
0.854998
0.844998
0.834997
0.824997
0.814997
0.804997
0.794996
0.784996
0.774996
0.764995
0.754995
0.744995
0.734995
0.724994
0.714994
0.704994
0.694994
0.684993
0.674993
0.664993
0.654993
0.644993
0.634992
0.624992
0.614992
0.604992
0.594992
0.584991
0.574991
0.564991
0.554991
0.544991
0.534991
0.52499
0.51499
0.50499
0.49499
0.48499
0.47499
0.46499
0.45499
0.444989
0.434989
0.424989
0.414989
0.404989
0.394989
0.384989
0.374989
0.364989
0.354989
0.344989
0.33499
0.32499
0.31499
0.30499
0.29499
0.28499
0.27499
0.264991
0.254991
0.244991
0.234991
0.224992
0.214992
0.204992
0.194993
0.184993
0.174993
0.164993
0.154994
0.144994
0.134995
0.124995
0.114995
0.104996
0.0949961
0.0849965
0.0749969
0.0649973
0.0549977
0.044998
0.0349985
0.0249989
0.0149993
0.00499977
0.995
0.984999
0.974999
0.964999
0.954998
0.944998
0.934998
0.924998
0.914998
0.904998
0.894998
0.884998
0.874998
0.864998
0.854998
0.844998
0.834997
0.824997
0.814997
0.804997
0.794996
0.784996
0.774996
0.764995
0.754995
0.744995
0.734995
0.724994
0.714994
0.704994
0.694994
0.684993
0.674993
0.664993
0.654993
0.644992
0.634992
0.624992
0.614992
0.604992
0.594992
0.584991
0.574991
0.564991
0.554991
0.544991
0.53499
0.52499
0.51499
0.50499
0.49499
0.48499
0.47499
0.46499
0.454989
0.444989
0.434989
0.424989
0.414989
0.404989
0.394989
0.384989
0.374989
0.364989
0.354989
0.344989
0.33499
0.32499
0.31499
0.30499
0.29499
0.28499
0.27499
0.264991
0.254991
0.244991
0.234991
0.224992
0.214992
0.204992
0.194992
0.184993
0.174993
0.164993
0.154994
0.144994
0.134995
0.124995
0.114995
0.104996
0.0949961
0.0849965
0.0749969
0.0649973
0.0549976
0.044998
0.0349984
0.0249989
0.0149993
0.00499977
0.995
0.984999
0.974999
0.964999
0.954998
0.944998
0.934998
0.924998
0.914998
0.904998
0.894998
0.884998
0.874998
0.864998
0.854998
0.844998
0.834997
0.824997
0.814997
0.804997
0.794996
0.784996
0.774996
0.764995
0.754995
0.744995
0.734995
0.724994
0.714994
0.704994
0.694994
0.684993
0.674993
0.664993
0.654993
0.644992
0.634992
0.624992
0.614992
0.604992
0.594991
0.584991
0.574991
0.564991
0.554991
0.544991
0.53499
0.52499
0.51499
0.50499
0.49499
0.48499
0.47499
0.46499
0.454989
0.444989
0.434989
0.424989
0.414989
0.404989
0.394989
0.384989
0.374989
0.364989
0.354989
0.344989
0.334989
0.32499
0.31499
0.30499
0.29499
0.28499
0.27499
0.264991
0.254991
0.244991
0.234991
0.224992
0.214992
0.204992
0.194992
0.184993
0.174993
0.164993
0.154994
0.144994
0.134995
0.124995
0.114995
0.104996
0.0949961
0.0849965
0.0749969
0.0649972
0.0549976
0.044998
0.0349984
0.0249989
0.0149993
0.00499977
0.995
0.984999
0.974999
0.964999
0.954998
0.944998
0.934998
0.924998
0.914998
0.904998
0.894998
0.884998
0.874998
0.864998
0.854998
0.844998
0.834997
0.824997
0.814997
0.804997
0.794996
0.784996
0.774996
0.764995
0.754995
0.744995
0.734994
0.724994
0.714994
0.704994
0.694993
0.684993
0.674993
0.664993
0.654993
0.644992
0.634992
0.624992
0.614992
0.604992
0.594991
0.584991
0.574991
0.564991
0.554991
0.544991
0.53499
0.52499
0.51499
0.50499
0.49499
0.48499
0.47499
0.464989
0.454989
0.444989
0.434989
0.424989
0.414989
0.404989
0.394989
0.384989
0.374989
0.364989
0.354989
0.344989
0.334989
0.32499
0.31499
0.30499
0.29499
0.28499
0.27499
0.264991
0.254991
0.244991
0.234991
0.224992
0.214992
0.204992
0.194992
0.184993
0.174993
0.164993
0.154994
0.144994
0.134995
0.124995
0.114995
0.104996
0.0949961
0.0849964
0.0749968
0.0649972
0.0549976
0.044998
0.0349984
0.0249989
0.0149993
0.00499977
0.995
0.984999
0.974999
0.964999
0.954998
0.944998
0.934998
0.924998
0.914998
0.904998
0.894998
0.884998
0.874998
0.864998
0.854998
0.844997
0.834997
0.824997
0.814997
0.804996
0.794996
0.784996
0.774996
0.764995
0.754995
0.744995
0.734994
0.724994
0.714994
0.704994
0.694993
0.684993
0.674993
0.664993
0.654993
0.644992
0.634992
0.624992
0.614992
0.604992
0.594991
0.584991
0.574991
0.564991
0.554991
0.54499
0.53499
0.52499
0.51499
0.50499
0.49499
0.48499
0.474989
0.464989
0.454989
0.444989
0.434989
0.424989
0.414989
0.404989
0.394989
0.384989
0.374989
0.364989
0.354989
0.344989
0.334989
0.324989
0.31499
0.30499
0.29499
0.28499
0.27499
0.26499
0.254991
0.244991
0.234991
0.224991
0.214992
0.204992
0.194992
0.184993
0.174993
0.164993
0.154994
0.144994
0.134994
0.124995
0.114995
0.104996
0.094996
0.0849964
0.0749968
0.0649972
0.0549976
0.044998
0.0349984
0.0249989
0.0149993
0.00499977
0.995
0.984999
0.974999
0.964999
0.954998
0.944998
0.934998
0.924998
0.914998
0.904998
0.894998
0.884998
0.874998
0.864998
0.854998
0.844997
0.834997
0.824997
0.814997
0.804996
0.794996
0.784996
0.774996
0.764995
0.754995
0.744995
0.734994
0.724994
0.714994
0.704994
0.694993
0.684993
0.674993
0.664993
0.654992
0.644992
0.634992
0.624992
0.614992
0.604991
0.594991
0.584991
0.574991
0.564991
0.554991
0.54499
0.53499
0.52499
0.51499
0.50499
0.49499
0.48499
0.474989
0.464989
0.454989
0.444989
0.434989
0.424989
0.414989
0.404989
0.394989
0.384989
0.374989
0.364989
0.354989
0.344989
0.334989
0.324989
0.31499
0.30499
0.29499
0.28499
0.27499
0.26499
0.254991
0.244991
0.234991
0.224991
0.214992
0.204992
0.194992
0.184993
0.174993
0.164993
0.154994
0.144994
0.134994
0.124995
0.114995
0.104996
0.094996
0.0849964
0.0749968
0.0649972
0.0549976
0.044998
0.0349984
0.0249989
0.0149993
0.00499977
0.995
0.984999
0.974999
0.964999
0.954998
0.944998
0.934998
0.924998
0.914998
0.904998
0.894998
0.884998
0.874998
0.864998
0.854998
0.844997
0.834997
0.824997
0.814997
0.804996
0.794996
0.784996
0.774996
0.764995
0.754995
0.744995
0.734994
0.724994
0.714994
0.704994
0.694993
0.684993
0.674993
0.664993
0.654992
0.644992
0.634992
0.624992
0.614992
0.604991
0.594991
0.584991
0.574991
0.564991
0.554991
0.54499
0.53499
0.52499
0.51499
0.50499
0.49499
0.484989
0.474989
0.464989
0.454989
0.444989
0.434989
0.424989
0.414989
0.404989
0.394989
0.384989
0.374989
0.364989
0.354989
0.344989
0.334989
0.324989
0.314989
0.30499
0.29499
0.28499
0.27499
0.26499
0.254991
0.244991
0.234991
0.224991
0.214992
0.204992
0.194992
0.184993
0.174993
0.164993
0.154994
0.144994
0.134994
0.124995
0.114995
0.104996
0.094996
0.0849964
0.0749968
0.0649972
0.0549976
0.044998
0.0349984
0.0249989
0.0149993
0.00499977
0.995
0.984999
0.974999
0.964999
0.954998
0.944998
0.934998
0.924998
0.914998
0.904998
0.894998
0.884998
0.874998
0.864998
0.854998
0.844997
0.834997
0.824997
0.814997
0.804996
0.794996
0.784996
0.774995
0.764995
0.754995
0.744995
0.734994
0.724994
0.714994
0.704994
0.694993
0.684993
0.674993
0.664993
0.654992
0.644992
0.634992
0.624992
0.614992
0.604991
0.594991
0.584991
0.574991
0.564991
0.55499
0.54499
0.53499
0.52499
0.51499
0.50499
0.49499
0.484989
0.474989
0.464989
0.454989
0.444989
0.434989
0.424989
0.414989
0.404989
0.394989
0.384989
0.374989
0.364989
0.354989
0.344989
0.334989
0.324989
0.314989
0.30499
0.29499
0.28499
0.27499
0.26499
0.254991
0.244991
0.234991
0.224991
0.214992
0.204992
0.194992
0.184993
0.174993
0.164993
0.154994
0.144994
0.134994
0.124995
0.114995
0.104996
0.094996
0.0849964
0.0749968
0.0649972
0.0549976
0.044998
0.0349984
0.0249989
0.0149993
0.00499976
0.995
0.984999
0.974999
0.964999
0.954998
0.944998
0.934998
0.924998
0.914998
0.904998
0.894998
0.884998
0.874998
0.864998
0.854998
0.844997
0.834997
0.824997
0.814997
0.804996
0.794996
0.784996
0.774995
0.764995
0.754995
0.744995
0.734994
0.724994
0.714994
0.704993
0.694993
0.684993
0.674993
0.664993
0.654992
0.644992
0.634992
0.624992
0.614991
0.604991
0.594991
0.584991
0.574991
0.564991
0.55499
0.54499
0.53499
0.52499
0.51499
0.50499
0.494989
0.484989
0.474989
0.464989
0.454989
0.444989
0.434989
0.424989
0.414989
0.404989
0.394989
0.384989
0.374989
0.364989
0.354989
0.344989
0.334989
0.324989
0.314989
0.30499
0.29499
0.28499
0.27499
0.26499
0.254991
0.244991
0.234991
0.224991
0.214992
0.204992
0.194992
0.184993
0.174993
0.164993
0.154994
0.144994
0.134994
0.124995
0.114995
0.104996
0.094996
0.0849964
0.0749968
0.0649972
0.0549976
0.044998
0.0349984
0.0249988
0.0149993
0.00499976
0.995
0.984999
0.974999
0.964999
0.954998
0.944998
0.934998
0.924998
0.914998
0.904998
0.894998
0.884998
0.874998
0.864998
0.854998
0.844997
0.834997
0.824997
0.814997
0.804996
0.794996
0.784996
0.774995
0.764995
0.754995
0.744995
0.734994
0.724994
0.714994
0.704993
0.694993
0.684993
0.674993
0.664992
0.654992
0.644992
0.634992
0.624992
0.614991
0.604991
0.594991
0.584991
0.574991
0.56499
0.55499
0.54499
0.53499
0.52499
0.51499
0.504989
0.494989
0.484989
0.474989
0.464989
0.454989
0.444989
0.434989
0.424989
0.414989
0.404989
0.394989
0.384989
0.374989
0.364989
0.354989
0.344989
0.334989
0.324989
0.314989
0.304989
0.29499
0.28499
0.27499
0.26499
0.254991
0.244991
0.234991
0.224991
0.214992
0.204992
0.194992
0.184993
0.174993
0.164993
0.154994
0.144994
0.134994
0.124995
0.114995
0.104996
0.094996
0.0849964
0.0749968
0.0649972
0.0549976
0.044998
0.0349984
0.0249988
0.0149993
0.00499976
0.995
0.984999
0.974999
0.964999
0.954998
0.944998
0.934998
0.924998
0.914998
0.904998
0.894998
0.884998
0.874998
0.864998
0.854998
0.844997
0.834997
0.824997
0.814997
0.804996
0.794996
0.784996
0.774995
0.764995
0.754995
0.744994
0.734994
0.724994
0.714994
0.704993
0.694993
0.684993
0.674993
0.664992
0.654992
0.644992
0.634992
0.624992
0.614991
0.604991
0.594991
0.584991
0.574991
0.56499
0.55499
0.54499
0.53499
0.52499
0.51499
0.504989
0.494989
0.484989
0.474989
0.464989
0.454989
0.444989
0.434989
0.424989
0.414989
0.404989
0.394989
0.384989
0.374989
0.364989
0.354989
0.344989
0.334989
0.324989
0.314989
0.304989
0.29499
0.28499
0.27499
0.26499
0.25499
0.244991
0.234991
0.224991
0.214992
0.204992
0.194992
0.184993
0.174993
0.164993
0.154994
0.144994
0.134994
0.124995
0.114995
0.104996
0.0949959
0.0849963
0.0749968
0.0649972
0.0549976
0.044998
0.0349984
0.0249988
0.0149993
0.00499976
0.995
0.984999
0.974999
0.964999
0.954998
0.944998
0.934998
0.924998
0.914998
0.904998
0.894998
0.884998
0.874998
0.864998
0.854998
0.844997
0.834997
0.824997
0.814997
0.804996
0.794996
0.784996
0.774995
0.764995
0.754995
0.744994
0.734994
0.724994
0.714994
0.704993
0.694993
0.684993
0.674993
0.664992
0.654992
0.644992
0.634992
0.624991
0.614991
0.604991
0.594991
0.584991
0.574991
0.56499
0.55499
0.54499
0.53499
0.52499
0.514989
0.504989
0.494989
0.484989
0.474989
0.464989
0.454989
0.444989
0.434989
0.424989
0.414989
0.404989
0.394989
0.384989
0.374989
0.364989
0.354989
0.344989
0.334989
0.324989
0.314989
0.304989
0.29499
0.28499
0.27499
0.26499
0.25499
0.244991
0.234991
0.224991
0.214992
0.204992
0.194992
0.184992
0.174993
0.164993
0.154994
0.144994
0.134994
0.124995
0.114995
0.104996
0.0949959
0.0849963
0.0749967
0.0649971
0.0549976
0.044998
0.0349984
0.0249988
0.0149993
0.00499976
0.995
0.984999
0.974999
0.964999
0.954998
0.944998
0.934998
0.924998
0.914998
0.904998
0.894998
0.884998
0.874998
0.864998
0.854997
0.844997
0.834997
0.824997
0.814996
0.804996
0.794996
0.784996
0.774995
0.764995
0.754995
0.744994
0.734994
0.724994
0.714994
0.704993
0.694993
0.684993
0.674993
0.664992
0.654992
0.644992
0.634992
0.624991
0.614991
0.604991
0.594991
0.584991
0.57499
0.56499
0.55499
0.54499
0.53499
0.52499
0.514989
0.504989
0.494989
0.484989
0.474989
0.464989
0.454989
0.444989
0.434989
0.424989
0.414988
0.404988
0.394988
0.384989
0.374989
0.364989
0.354989
0.344989
0.334989
0.324989
0.314989
0.304989
0.294989
0.28499
0.27499
0.26499
0.25499
0.244991
0.234991
0.224991
0.214991
0.204992
0.194992
0.184992
0.174993
0.164993
0.154994
0.144994
0.134994
0.124995
0.114995
0.104995
0.0949959
0.0849963
0.0749967
0.0649971
0.0549975
0.044998
0.0349984
0.0249988
0.0149993
0.00499976
0.995
0.984999
0.974999
0.964999
0.954998
0.944998
0.934998
0.924998
0.914998
0.904998
0.894998
0.884998
0.874998
0.864998
0.854997
0.844997
0.834997
0.824997
0.814996
0.804996
0.794996
0.784996
0.774995
0.764995
0.754995
0.744994
0.734994
0.724994
0.714993
0.704993
0.694993
0.684993
0.674992
0.664992
0.654992
0.644992
0.634992
0.624991
0.614991
0.604991
0.594991
0.584991
0.57499
0.56499
0.55499
0.54499
0.53499
0.524989
0.514989
0.504989
0.494989
0.484989
0.474989
0.464989
0.454989
0.444989
0.434988
0.424988
0.414988
0.404988
0.394988
0.384988
0.374988
0.364989
0.354989
0.344989
0.334989
0.324989
0.314989
0.304989
0.294989
0.28499
0.27499
0.26499
0.25499
0.244991
0.234991
0.224991
0.214991
0.204992
0.194992
0.184992
0.174993
0.164993
0.154994
0.144994
0.134994
0.124995
0.114995
0.104995
0.0949959
0.0849963
0.0749967
0.0649971
0.0549975
0.044998
0.0349984
0.0249988
0.0149993
0.00499976
0.995
0.984999
0.974999
0.964999
0.954998
0.944998
0.934998
0.924998
0.914998
0.904998
0.894998
0.884998
0.874998
0.864998
0.854997
0.844997
0.834997
0.824997
0.814996
0.804996
0.794996
0.784996
0.774995
0.764995
0.754995
0.744994
0.734994
0.724994
0.714993
0.704993
0.694993
0.684993
0.674992
0.664992
0.654992
0.644992
0.634991
0.624991
0.614991
0.604991
0.594991
0.58499
0.57499
0.56499
0.55499
0.54499
0.53499
0.524989
0.514989
0.504989
0.494989
0.484989
0.474989
0.464989
0.454989
0.444988
0.434988
0.424988
0.414988
0.404988
0.394988
0.384988
0.374988
0.364988
0.354989
0.344989
0.334989
0.324989
0.314989
0.304989
0.294989
0.28499
0.27499
0.26499
0.25499
0.244991
0.234991
0.224991
0.214991
0.204992
0.194992
0.184992
0.174993
0.164993
0.154993
0.144994
0.134994
0.124995
0.114995
0.104995
0.0949959
0.0849963
0.0749967
0.0649971
0.0549975
0.0449979
0.0349984
0.0249988
0.0149993
0.00499976
0.995
0.984999
0.974999
0.964999
0.954998
0.944998
0.934998
0.924998
0.914998
0.904998
0.894998
0.884998
0.874998
0.864998
0.854997
0.844997
0.834997
0.824997
0.814996
0.804996
0.794996
0.784995
0.774995
0.764995
0.754995
0.744994
0.734994
0.724994
0.714993
0.704993
0.694993
0.684993
0.674992
0.664992
0.654992
0.644992
0.634991
0.624991
0.614991
0.604991
0.594991
0.58499
0.57499
0.56499
0.55499
0.54499
0.534989
0.524989
0.514989
0.504989
0.494989
0.484989
0.474989
0.464989
0.454988
0.444988
0.434988
0.424988
0.414988
0.404988
0.394988
0.384988
0.374988
0.364988
0.354988
0.344989
0.334989
0.324989
0.314989
0.304989
0.294989
0.28499
0.27499
0.26499
0.25499
0.24499
0.234991
0.224991
0.214991
0.204992
0.194992
0.184992
0.174993
0.164993
0.154993
0.144994
0.134994
0.124995
0.114995
0.104995
0.0949959
0.0849963
0.0749967
0.0649971
0.0549975
0.0449979
0.0349984
0.0249988
0.0149993
0.00499976
0.995
0.984999
0.974999
0.964999
0.954998
0.944998
0.934998
0.924998
0.914998
0.904998
0.894998
0.884998
0.874998
0.864998
0.854997
0.844997
0.834997
0.824997
0.814996
0.804996
0.794996
0.784995
0.774995
0.764995
0.754994
0.744994
0.734994
0.724994
0.714993
0.704993
0.694993
0.684992
0.674992
0.664992
0.654992
0.644992
0.634991
0.624991
0.614991
0.604991
0.59499
0.58499
0.57499
0.56499
0.55499
0.54499
0.534989
0.524989
0.514989
0.504989
0.494989
0.484989
0.474989
0.464988
0.454988
0.444988
0.434988
0.424988
0.414988
0.404988
0.394988
0.384988
0.374988
0.364988
0.354988
0.344989
0.334989
0.324989
0.314989
0.304989
0.294989
0.284989
0.27499
0.26499
0.25499
0.24499
0.234991
0.224991
0.214991
0.204992
0.194992
0.184992
0.174993
0.164993
0.154993
0.144994
0.134994
0.124995
0.114995
0.104995
0.0949958
0.0849963
0.0749967
0.0649971
0.0549975
0.0449979
0.0349984
0.0249988
0.0149993
0.00499976
0.995
0.984999
0.974999
0.964999
0.954998
0.944998
0.934998
0.924998
0.914998
0.904998
0.894998
0.884998
0.874998
0.864998
0.854997
0.844997
0.834997
0.824997
0.814996
0.804996
0.794996
0.784995
0.774995
0.764995
0.754994
0.744994
0.734994
0.724993
0.714993
0.704993
0.694993
0.684992
0.674992
0.664992
0.654992
0.644991
0.634991
0.624991
0.614991
0.604991
0.59499
0.58499
0.57499
0.56499
0.55499
0.544989
0.534989
0.524989
0.514989
0.504989
0.494989
0.484989
0.474988
0.464988
0.454988
0.444988
0.434988
0.424988
0.414988
0.404988
0.394988
0.384988
0.374988
0.364988
0.354988
0.344988
0.334989
0.324989
0.314989
0.304989
0.294989
0.284989
0.27499
0.26499
0.25499
0.24499
0.234991
0.224991
0.214991
0.204992
0.194992
0.184992
0.174993
0.164993
0.154993
0.144994
0.134994
0.124995
0.114995
0.104995
0.0949958
0.0849962
0.0749967
0.0649971
0.0549975
0.0449979
0.0349984
0.0249988
0.0149993
0.00499976
0.995
0.984999
0.974999
0.964999
0.954998
0.944998
0.934998
0.924998
0.914998
0.904998
0.894998
0.884998
0.874998
0.864998
0.854997
0.844997
0.834997
0.824997
0.814996
0.804996
0.794996
0.784995
0.774995
0.764995
0.754994
0.744994
0.734994
0.724993
0.714993
0.704993
0.694993
0.684992
0.674992
0.664992
0.654992
0.644991
0.634991
0.624991
0.614991
0.604991
0.59499
0.58499
0.57499
0.56499
0.55499
0.544989
0.534989
0.524989
0.514989
0.504989
0.494989
0.484988
0.474988
0.464988
0.454988
0.444988
0.434988
0.424988
0.414988
0.404988
0.394988
0.384988
0.374988
0.364988
0.354988
0.344988
0.334988
0.324989
0.314989
0.304989
0.294989
0.284989
0.27499
0.26499
0.25499
0.24499
0.234991
0.224991
0.214991
0.204992
0.194992
0.184992
0.174993
0.164993
0.154993
0.144994
0.134994
0.124995
0.114995
0.104995
0.0949958
0.0849962
0.0749966
0.0649971
0.0549975
0.0449979
0.0349983
0.0249988
0.0149993
0.00499975
0.995
0.984999
0.974999
0.964999
0.954998
0.944998
0.934998
0.924998
0.914998
0.904998
0.894998
0.884998
0.874998
0.864998
0.854997
0.844997
0.834997
0.824997
0.814996
0.804996
0.794996
0.784995
0.774995
0.764995
0.754994
0.744994
0.734994
0.724993
0.714993
0.704993
0.694993
0.684992
0.674992
0.664992
0.654992
0.644991
0.634991
0.624991
0.614991
0.60499
0.59499
0.58499
0.57499
0.56499
0.554989
0.544989
0.534989
0.524989
0.514989
0.504989
0.494989
0.484988
0.474988
0.464988
0.454988
0.444988
0.434988
0.424988
0.414988
0.404988
0.394988
0.384988
0.374988
0.364988
0.354988
0.344988
0.334988
0.324989
0.314989
0.304989
0.294989
0.284989
0.27499
0.26499
0.25499
0.24499
0.234991
0.224991
0.214991
0.204992
0.194992
0.184992
0.174993
0.164993
0.154993
0.144994
0.134994
0.124995
0.114995
0.104995
0.0949958
0.0849962
0.0749966
0.0649971
0.0549975
0.0449979
0.0349983
0.0249988
0.0149993
0.00499975
0.995
0.984999
0.974999
0.964998
0.954998
0.944998
0.934998
0.924998
0.914998
0.904998
0.894998
0.884998
0.874998
0.864997
0.854997
0.844997
0.834997
0.824996
0.814996
0.804996
0.794996
0.784995
0.774995
0.764995
0.754994
0.744994
0.734994
0.724993
0.714993
0.704993
0.694992
0.684992
0.674992
0.664992
0.654991
0.644991
0.634991
0.624991
0.614991
0.60499
0.59499
0.58499
0.57499
0.56499
0.554989
0.544989
0.534989
0.524989
0.514989
0.504989
0.494988
0.484988
0.474988
0.464988
0.454988
0.444988
0.434988
0.424988
0.414988
0.404988
0.394988
0.384988
0.374988
0.364988
0.354988
0.344988
0.334988
0.324988
0.314989
0.304989
0.294989
0.284989
0.274989
0.26499
0.25499
0.24499
0.234991
0.224991
0.214991
0.204991
0.194992
0.184992
0.174993
0.164993
0.154993
0.144994
0.134994
0.124995
0.114995
0.104995
0.0949958
0.0849962
0.0749966
0.064997
0.0549975
0.0449979
0.0349983
0.0249988
0.0149993
0.00499975
0.995
0.984999
0.974999
0.964998
0.954998
0.944998
0.934998
0.924998
0.914998
0.904998
0.894998
0.884998
0.874998
0.864997
0.854997
0.844997
0.834997
0.824996
0.814996
0.804996
0.794996
0.784995
0.774995
0.764995
0.754994
0.744994
0.734994
0.724993
0.714993
0.704993
0.694992
0.684992
0.674992
0.664992
0.654991
0.644991
0.634991
0.624991
0.614991
0.60499
0.59499
0.58499
0.57499
0.564989
0.554989
0.544989
0.534989
0.524989
0.514989
0.504988
0.494988
0.484988
0.474988
0.464988
0.454988
0.444988
0.434988
0.424988
0.414988
0.404988
0.394988
0.384988
0.374988
0.364988
0.354988
0.344988
0.334988
0.324988
0.314989
0.304989
0.294989
0.284989
0.274989
0.26499
0.25499
0.24499
0.23499
0.224991
0.214991
0.204991
0.194992
0.184992
0.174993
0.164993
0.154993
0.144994
0.134994
0.124994
0.114995
0.104995
0.0949958
0.0849962
0.0749966
0.064997
0.0549975
0.0449979
0.0349983
0.0249988
0.0149993
0.00499975
0.995
0.984999
0.974999
0.964998
0.954998
0.944998
0.934998
0.924998
0.914998
0.904998
0.894998
0.884998
0.874998
0.864997
0.854997
0.844997
0.834997
0.824996
0.814996
0.804996
0.794995
0.784995
0.774995
0.764994
0.754994
0.744994
0.734993
0.724993
0.714993
0.704993
0.694992
0.684992
0.674992
0.664992
0.654991
0.644991
0.634991
0.624991
0.61499
0.60499
0.59499
0.58499
0.57499
0.564989
0.554989
0.544989
0.534989
0.524989
0.514989
0.504988
0.494988
0.484988
0.474988
0.464988
0.454988
0.444988
0.434988
0.424988
0.414988
0.404988
0.394988
0.384988
0.374988
0.364988
0.354988
0.344988
0.334988
0.324988
0.314989
0.304989
0.294989
0.284989
0.274989
0.26499
0.25499
0.24499
0.23499
0.224991
0.214991
0.204991
0.194992
0.184992
0.174992
0.164993
0.154993
0.144994
0.134994
0.124994
0.114995
0.104995
0.0949957
0.0849962
0.0749966
0.064997
0.0549974
0.0449979
0.0349983
0.0249988
0.0149993
0.00499975
0.995
0.984999
0.974999
0.964998
0.954998
0.944998
0.934998
0.924998
0.914998
0.904998
0.894998
0.884998
0.874998
0.864997
0.854997
0.844997
0.834997
0.824996
0.814996
0.804996
0.794995
0.784995
0.774995
0.764994
0.754994
0.744994
0.734993
0.724993
0.714993
0.704993
0.694992
0.684992
0.674992
0.664992
0.654991
0.644991
0.634991
0.624991
0.61499
0.60499
0.59499
0.58499
0.57499
0.564989
0.554989
0.544989
0.534989
0.524989
0.514988
0.504988
0.494988
0.484988
0.474988
0.464988
0.454988
0.444988
0.434988
0.424988
0.414988
0.404988
0.394988
0.384988
0.374988
0.364988
0.354988
0.344988
0.334988
0.324988
0.314988
0.304989
0.294989
0.284989
0.274989
0.26499
0.25499
0.24499
0.23499
0.224991
0.214991
0.204991
0.194992
0.184992
0.174992
0.164993
0.154993
0.144994
0.134994
0.124994
0.114995
0.104995
0.0949957
0.0849962
0.0749966
0.064997
0.0549974
0.0449979
0.0349983
0.0249988
0.0149993
0.00499975
0.995
0.984999
0.974999
0.964998
0.954998
0.944998
0.934998
0.924998
0.914998
0.904998
0.894998
0.884998
0.874998
0.864997
0.854997
0.844997
0.834997
0.824996
0.814996
0.804996
0.794995
0.784995
0.774995
0.764994
0.754994
0.744994
0.734993
0.724993
0.714993
0.704992
0.694992
0.684992
0.674992
0.664991
0.654991
0.644991
0.634991
0.62499
0.61499
0.60499
0.59499
0.58499
0.574989
0.564989
0.554989
0.544989
0.534989
0.524989
0.514988
0.504988
0.494988
0.484988
0.474988
0.464988
0.454988
0.444988
0.434988
0.424988
0.414988
0.404988
0.394988
0.384988
0.374988
0.364988
0.354988
0.344988
0.334988
0.324988
0.314988
0.304989
0.294989
0.284989
0.274989
0.26499
0.25499
0.24499
0.23499
0.224991
0.214991
0.204991
0.194992
0.184992
0.174992
0.164993
0.154993
0.144994
0.134994
0.124994
0.114995
0.104995
0.0949957
0.0849961
0.0749966
0.064997
0.0549974
0.0449979
0.0349983
0.0249988
0.0149993
0.00499975
0.995
0.984999
0.974999
0.964998
0.954998
0.944998
0.934998
0.924998
0.914998
0.904998
0.894998
0.884998
0.874998
0.864997
0.854997
0.844997
0.834997
0.824996
0.814996
0.804996
0.794995
0.784995
0.774995
0.764994
0.754994
0.744994
0.734993
0.724993
0.714993
0.704992
0.694992
0.684992
0.674992
0.664991
0.654991
0.644991
0.634991
0.62499
0.61499
0.60499
0.59499
0.58499
0.574989
0.564989
0.554989
0.544989
0.534989
0.524988
0.514988
0.504988
0.494988
0.484988
0.474988
0.464988
0.454988
0.444988
0.434988
0.424988
0.414987
0.404987
0.394988
0.384988
0.374988
0.364988
0.354988
0.344988
0.334988
0.324988
0.314988
0.304989
0.294989
0.284989
0.274989
0.264989
0.25499
0.24499
0.23499
0.224991
0.214991
0.204991
0.194992
0.184992
0.174992
0.164993
0.154993
0.144994
0.134994
0.124994
0.114995
0.104995
0.0949957
0.0849961
0.0749966
0.064997
0.0549974
0.0449979
0.0349983
0.0249988
0.0149993
0.00499975
0.995
0.984999
0.974999
0.964998
0.954998
0.944998
0.934998
0.924998
0.914998
0.904998
0.894998
0.884998
0.874997
0.864997
0.854997
0.844997
0.834997
0.824996
0.814996
0.804996
0.794995
0.784995
0.774995
0.764994
0.754994
0.744994
0.734993
0.724993
0.714993
0.704992
0.694992
0.684992
0.674992
0.664991
0.654991
0.644991
0.634991
0.62499
0.61499
0.60499
0.59499
0.584989
0.574989
0.564989
0.554989
0.544989
0.534989
0.524988
0.514988
0.504988
0.494988
0.484988
0.474988
0.464988
0.454988
0.444987
0.434987
0.424987
0.414987
0.404987
0.394987
0.384987
0.374988
0.364988
0.354988
0.344988
0.334988
0.324988
0.314988
0.304988
0.294989
0.284989
0.274989
0.264989
0.25499
0.24499
0.23499
0.224991
0.214991
0.204991
0.194992
0.184992
0.174992
0.164993
0.154993
0.144994
0.134994
0.124994
0.114995
0.104995
0.0949957
0.0849961
0.0749966
0.064997
0.0549974
0.0449979
0.0349983
0.0249988
0.0149993
0.00499975
0.995
0.984999
0.974999
0.964998
0.954998
0.944998
0.934998
0.924998
0.914998
0.904998
0.894998
0.884998
0.874997
0.864997
0.854997
0.844997
0.834996
0.824996
0.814996
0.804996
0.794995
0.784995
0.774995
0.764994
0.754994
0.744994
0.734993
0.724993
0.714993
0.704992
0.694992
0.684992
0.674991
0.664991
0.654991
0.644991
0.63499
0.62499
0.61499
0.60499
0.59499
0.584989
0.574989
0.564989
0.554989
0.544989
0.534988
0.524988
0.514988
0.504988
0.494988
0.484988
0.474988
0.464988
0.454987
0.444987
0.434987
0.424987
0.414987
0.404987
0.394987
0.384987
0.374987
0.364988
0.354988
0.344988
0.334988
0.324988
0.314988
0.304988
0.294989
0.284989
0.274989
0.264989
0.25499
0.24499
0.23499
0.224991
0.214991
0.204991
0.194992
0.184992
0.174992
0.164993
0.154993
0.144994
0.134994
0.124994
0.114995
0.104995
0.0949957
0.0849961
0.0749965
0.064997
0.0549974
0.0449978
0.0349983
0.0249988
0.0149992
0.00499975
0.995
0.984999
0.974999
0.964998
0.954998
0.944998
0.934998
0.924998
0.914998
0.904998
0.894998
0.884998
0.874997
0.864997
0.854997
0.844997
0.834996
0.824996
0.814996
0.804996
0.794995
0.784995
0.774994
0.764994
0.754994
0.744993
0.734993
0.724993
0.714993
0.704992
0.694992
0.684992
0.674991
0.664991
0.654991
0.644991
0.63499
0.62499
0.61499
0.60499
0.59499
0.584989
0.574989
0.564989
0.554989
0.544989
0.534988
0.524988
0.514988
0.504988
0.494988
0.484988
0.474988
0.464987
0.454987
0.444987
0.434987
0.424987
0.414987
0.404987
0.394987
0.384987
0.374987
0.364988
0.354988
0.344988
0.334988
0.324988
0.314988
0.304988
0.294989
0.284989
0.274989
0.264989
0.25499
0.24499
0.23499
0.224991
0.214991
0.204991
0.194992
0.184992
0.174992
0.164993
0.154993
0.144994
0.134994
0.124994
0.114995
0.104995
0.0949957
0.0849961
0.0749965
0.064997
0.0549974
0.0449978
0.0349983
0.0249988
0.0149992
0.00499975
0.995
0.984999
0.974999
0.964998
0.954998
0.944998
0.934998
0.924998
0.914998
0.904998
0.894998
0.884998
0.874997
0.864997
0.854997
0.844997
0.834996
0.824996
0.814996
0.804995
0.794995
0.784995
0.774994
0.764994
0.754994
0.744993
0.734993
0.724993
0.714992
0.704992
0.694992
0.684992
0.674991
0.664991
0.654991
0.644991
0.63499
0.62499
0.61499
0.60499
0.594989
0.584989
0.574989
0.564989
0.554989
0.544988
0.534988
0.524988
0.514988
0.504988
0.494988
0.484988
0.474987
0.464987
0.454987
0.444987
0.434987
0.424987
0.414987
0.404987
0.394987
0.384987
0.374987
0.364987
0.354988
0.344988
0.334988
0.324988
0.314988
0.304988
0.294989
0.284989
0.274989
0.264989
0.25499
0.24499
0.23499
0.224991
0.214991
0.204991
0.194992
0.184992
0.174992
0.164993
0.154993
0.144994
0.134994
0.124994
0.114995
0.104995
0.0949956
0.0849961
0.0749965
0.064997
0.0549974
0.0449978
0.0349983
0.0249988
0.0149992
0.00499975
0.995
0.984999
0.974999
0.964998
0.954998
0.944998
0.934998
0.924998
0.914998
0.904998
0.894998
0.884998
0.874997
0.864997
0.854997
0.844997
0.834996
0.824996
0.814996
0.804995
0.794995
0.784995
0.774994
0.764994
0.754994
0.744993
0.734993
0.724993
0.714992
0.704992
0.694992
0.684992
0.674991
0.664991
0.654991
0.644991
0.63499
0.62499
0.61499
0.60499
0.594989
0.584989
0.574989
0.564989
0.554989
0.544988
0.534988
0.524988
0.514988
0.504988
0.494988
0.484988
0.474987
0.464987
0.454987
0.444987
0.434987
0.424987
0.414987
0.404987
0.394987
0.384987
0.374987
0.364987
0.354987
0.344988
0.334988
0.324988
0.314988
0.304988
0.294989
0.284989
0.274989
0.264989
0.25499
0.24499
0.23499
0.22499
0.214991
0.204991
0.194992
0.184992
0.174992
0.164993
0.154993
0.144993
0.134994
0.124994
0.114995
0.104995
0.0949956
0.0849961
0.0749965
0.0649969
0.0549974
0.0449978
0.0349983
0.0249988
0.0149992
0.00499975
0.995
0.984999
0.974999
0.964998
0.954998
0.944998
0.934998
0.924998
0.914998
0.904998
0.894998
0.884998
0.874997
0.864997
0.854997
0.844997
0.834996
0.824996
0.814996
0.804995
0.794995
0.784995
0.774994
0.764994
0.754994
0.744993
0.734993
0.724993
0.714992
0.704992
0.694992
0.684991
0.674991
0.664991
0.654991
0.64499
0.63499
0.62499
0.61499
0.60499
0.594989
0.584989
0.574989
0.564989
0.554988
0.544988
0.534988
0.524988
0.514988
0.504988
0.494988
0.484987
0.474987
0.464987
0.454987
0.444987
0.434987
0.424987
0.414987
0.404987
0.394987
0.384987
0.374987
0.364987
0.354987
0.344988
0.334988
0.324988
0.314988
0.304988
0.294988
0.284989
0.274989
0.264989
0.25499
0.24499
0.23499
0.22499
0.214991
0.204991
0.194991
0.184992
0.174992
0.164993
0.154993
0.144993
0.134994
0.124994
0.114995
0.104995
0.0949956
0.0849961
0.0749965
0.0649969
0.0549974
0.0449978
0.0349983
0.0249988
0.0149992
0.00499974
0.995
0.984999
0.974999
0.964998
0.954998
0.944998
0.934998
0.924998
0.914998
0.904998
0.894998
0.884998
0.874997
0.864997
0.854997
0.844997
0.834996
0.824996
0.814996
0.804995
0.794995
0.784995
0.774994
0.764994
0.754994
0.744993
0.734993
0.724993
0.714992
0.704992
0.694992
0.684991
0.674991
0.664991
0.654991
0.64499
0.63499
0.62499
0.61499
0.604989
0.594989
0.584989
0.574989
0.564989
0.554988
0.544988
0.534988
0.524988
0.514988
0.504988
0.494987
0.484987
0.474987
0.464987
0.454987
0.444987
0.434987
0.424987
0.414987
0.404987
0.394987
0.384987
0.374987
0.364987
0.354987
0.344988
0.334988
0.324988
0.314988
0.304988
0.294988
0.284989
0.274989
0.264989
0.254989
0.24499
0.23499
0.22499
0.214991
0.204991
0.194991
0.184992
0.174992
0.164993
0.154993
0.144993
0.134994
0.124994
0.114995
0.104995
0.0949956
0.0849961
0.0749965
0.0649969
0.0549974
0.0449978
0.0349983
0.0249987
0.0149992
0.00499974
0.995
0.984999
0.974999
0.964998
0.954998
0.944998
0.934998
0.924998
0.914998
0.904998
0.894998
0.884997
0.874997
0.864997
0.854997
0.844997
0.834996
0.824996
0.814996
0.804995
0.794995
0.784995
0.774994
0.764994
0.754994
0.744993
0.734993
0.724993
0.714992
0.704992
0.694992
0.684991
0.674991
0.664991
0.654991
0.64499
0.63499
0.62499
0.61499
0.604989
0.594989
0.584989
0.574989
0.564989
0.554988
0.544988
0.534988
0.524988
0.514988
0.504988
0.494987
0.484987
0.474987
0.464987
0.454987
0.444987
0.434987
0.424987
0.414987
0.404987
0.394987
0.384987
0.374987
0.364987
0.354987
0.344987
0.334988
0.324988
0.314988
0.304988
0.294988
0.284989
0.274989
0.264989
0.254989
0.24499
0.23499
0.22499
0.214991
0.204991
0.194991
0.184992
0.174992
0.164993
0.154993
0.144993
0.134994
0.124994
0.114995
0.104995
0.0949956
0.084996
0.0749965
0.0649969
0.0549974
0.0449978
0.0349983
0.0249987
0.0149992
0.00499974
0.995
0.984999
0.974999
0.964998
0.954998
0.944998
0.934998
0.924998
0.914998
0.904998
0.894998
0.884997
0.874997
0.864997
0.854997
0.844997
0.834996
0.824996
0.814996
0.804995
0.794995
0.784995
0.774994
0.764994
0.754993
0.744993
0.734993
0.724992
0.714992
0.704992
0.694992
0.684991
0.674991
0.664991
0.65499
0.64499
0.63499
0.62499
0.61499
0.604989
0.594989
0.584989
0.574989
0.564988
0.554988
0.544988
0.534988
0.524988
0.514988
0.504987
0.494987
0.484987
0.474987
0.464987
0.454987
0.444987
0.434987
0.424987
0.414987
0.404987
0.394987
0.384987
0.374987
0.364987
0.354987
0.344987
0.334988
0.324988
0.314988
0.304988
0.294988
0.284989
0.274989
0.264989
0.254989
0.24499
0.23499
0.22499
0.214991
0.204991
0.194991
0.184992
0.174992
0.164993
0.154993
0.144993
0.134994
0.124994
0.114995
0.104995
0.0949956
0.084996
0.0749965
0.0649969
0.0549974
0.0449978
0.0349983
0.0249987
0.0149992
0.00499974
0.995
0.984999
0.974999
0.964998
0.954998
0.944998
0.934998
0.924998
0.914998
0.904998
0.894998
0.884997
0.874997
0.864997
0.854997
0.844997
0.834996
0.824996
0.814996
0.804995
0.794995
0.784995
0.774994
0.764994
0.754993
0.744993
0.734993
0.724992
0.714992
0.704992
0.694991
0.684991
0.674991
0.664991
0.65499
0.64499
0.63499
0.62499
0.614989
0.604989
0.594989
0.584989
0.574989
0.564988
0.554988
0.544988
0.534988
0.524988
0.514988
0.504987
0.494987
0.484987
0.474987
0.464987
0.454987
0.444987
0.434987
0.424987
0.414987
0.404987
0.394987
0.384987
0.374987
0.364987
0.354987
0.344987
0.334988
0.324988
0.314988
0.304988
0.294988
0.284989
0.274989
0.264989
0.254989
0.24499
0.23499
0.22499
0.214991
0.204991
0.194991
0.184992
0.174992
0.164993
0.154993
0.144993
0.134994
0.124994
0.114995
0.104995
0.0949956
0.084996
0.0749965
0.0649969
0.0549974
0.0449978
0.0349983
0.0249987
0.0149992
0.00499974
0.995
0.984999
0.974999
0.964998
0.954998
0.944998
0.934998
0.924998
0.914998
0.904998
0.894998
0.884997
0.874997
0.864997
0.854997
0.844996
0.834996
0.824996
0.814996
0.804995
0.794995
0.784994
0.774994
0.764994
0.754993
0.744993
0.734993
0.724992
0.714992
0.704992
0.694991
0.684991
0.674991
0.664991
0.65499
0.64499
0.63499
0.62499
0.614989
0.604989
0.594989
0.584989
0.574989
0.564988
0.554988
0.544988
0.534988
0.524988
0.514987
0.504987
0.494987
0.484987
0.474987
0.464987
0.454987
0.444987
0.434987
0.424987
0.414987
0.404987
0.394987
0.384987
0.374987
0.364987
0.354987
0.344987
0.334987
0.324988
0.314988
0.304988
0.294988
0.284989
0.274989
0.264989
0.254989
0.24499
0.23499
0.22499
0.214991
0.204991
0.194991
0.184992
0.174992
0.164993
0.154993
0.144993
0.134994
0.124994
0.114995
0.104995
0.0949956
0.084996
0.0749965
0.0649969
0.0549974
0.0449978
0.0349983
0.0249987
0.0149992
0.00499974
0.995
0.984999
0.974999
0.964998
0.954998
0.944998
0.934998
0.924998
0.914998
0.904998
0.894998
0.884997
0.874997
0.864997
0.854997
0.844996
0.834996
0.824996
0.814995
0.804995
0.794995
0.784994
0.774994
0.764994
0.754993
0.744993
0.734993
0.724992
0.714992
0.704992
0.694991
0.684991
0.674991
0.664991
0.65499
0.64499
0.63499
0.62499
0.614989
0.604989
0.594989
0.584989
0.574988
0.564988
0.554988
0.544988
0.534988
0.524988
0.514987
0.504987
0.494987
0.484987
0.474987
0.464987
0.454987
0.444987
0.434987
0.424987
0.414987
0.404987
0.394987
0.384987
0.374987
0.364987
0.354987
0.344987
0.334987
0.324988
0.314988
0.304988
0.294988
0.284988
0.274989
0.264989
0.254989
0.24499
0.23499
0.22499
0.214991
0.204991
0.194991
0.184992
0.174992
0.164993
0.154993
0.144993
0.134994
0.124994
0.114995
0.104995
0.0949956
0.084996
0.0749965
0.0649969
0.0549974
0.0449978
0.0349983
0.0249987
0.0149992
0.00499974
0.995
0.984999
0.974999
0.964998
0.954998
0.944998
0.934998
0.924998
0.914998
0.904998
0.894998
0.884997
0.874997
0.864997
0.854997
0.844996
0.834996
0.824996
0.814995
0.804995
0.794995
0.784994
0.774994
0.764994
0.754993
0.744993
0.734993
0.724992
0.714992
0.704992
0.694991
0.684991
0.674991
0.66499
0.65499
0.64499
0.63499
0.624989
0.614989
0.604989
0.594989
0.584989
0.574988
0.564988
0.554988
0.544988
0.534988
0.524987
0.514987
0.504987
0.494987
0.484987
0.474987
0.464987
0.454987
0.444987
0.434987
0.424987
0.414987
0.404987
0.394987
0.384987
0.374987
0.364987
0.354987
0.344987
0.334987
0.324988
0.314988
0.304988
0.294988
0.284988
0.274989
0.264989
0.254989
0.24499
0.23499
0.22499
0.214991
0.204991
0.194991
0.184992
0.174992
0.164993
0.154993
0.144993
0.134994
0.124994
0.114995
0.104995
0.0949956
0.084996
0.0749965
0.0649969
0.0549973
0.0449978
0.0349983
0.0249987
0.0149992
0.00499974
0.995
0.984999
0.974999
0.964998
0.954998
0.944998
0.934998
0.924998
0.914998
0.904998
0.894998
0.884997
0.874997
0.864997
0.854997
0.844996
0.834996
0.824996
0.814995
0.804995
0.794995
0.784994
0.774994
0.764994
0.754993
0.744993
0.734993
0.724992
0.714992
0.704992
0.694991
0.684991
0.674991
0.66499
0.65499
0.64499
0.63499
0.624989
0.614989
0.604989
0.594989
0.584989
0.574988
0.564988
0.554988
0.544988
0.534988
0.524987
0.514987
0.504987
0.494987
0.484987
0.474987
0.464987
0.454987
0.444987
0.434987
0.424987
0.414987
0.404987
0.394987
0.384987
0.374987
0.364987
0.354987
0.344987
0.334987
0.324988
0.314988
0.304988
0.294988
0.284988
0.274989
0.264989
0.254989
0.24499
0.23499
0.22499
0.214991
0.204991
0.194991
0.184992
0.174992
0.164993
0.154993
0.144993
0.134994
0.124994
0.114995
0.104995
0.0949956
0.084996
0.0749965
0.0649969
0.0549973
0.0449978
0.0349983
0.0249987
0.0149992
0.00499974
0.995
0.984999
0.974999
0.964998
0.954998
0.944998
0.934998
0.924998
0.914998
0.904998
0.894998
0.884997
0.874997
0.864997
0.854997
0.844996
0.834996
0.824996
0.814995
0.804995
0.794995
0.784994
0.774994
0.764994
0.754993
0.744993
0.734992
0.724992
0.714992
0.704992
0.694991
0.684991
0.674991
0.66499
0.65499
0.64499
0.63499
0.624989
0.614989
0.604989
0.594989
0.584988
0.574988
0.564988
0.554988
0.544988
0.534988
0.524987
0.514987
0.504987
0.494987
0.484987
0.474987
0.464987
0.454987
0.444987
0.434987
0.424987
0.414987
0.404987
0.394987
0.384987
0.374987
0.364987
0.354987
0.344987
0.334987
0.324988
0.314988
0.304988
0.294988
0.284988
0.274989
0.264989
0.254989
0.24499
0.23499
0.22499
0.214991
0.204991
0.194991
0.184992
0.174992
0.164993
0.154993
0.144993
0.134994
0.124994
0.114995
0.104995
0.0949956
0.084996
0.0749964
0.0649969
0.0549973
0.0449978
0.0349983
0.0249987
0.0149992
0.00499974
0.995
0.984999
0.974999
0.964998
0.954998
0.944998
0.934998
0.924998
0.914998
0.904998
0.894997
0.884997
0.874997
0.864997
0.854997
0.844996
0.834996
0.824996
0.814995
0.804995
0.794995
0.784994
0.774994
0.764994
0.754993
0.744993
0.734992
0.724992
0.714992
0.704991
0.694991
0.684991
0.674991
0.66499
0.65499
0.64499
0.63499
0.624989
0.614989
0.604989
0.594989
0.584988
0.574988
0.564988
0.554988
0.544988
0.534987
0.524987
0.514987
0.504987
0.494987
0.484987
0.474987
0.464987
0.454987
0.444987
0.434987
0.424987
0.414987
0.404987
0.394987
0.384987
0.374987
0.364987
0.354987
0.344987
0.334987
0.324987
0.314988
0.304988
0.294988
0.284988
0.274989
0.264989
0.254989
0.24499
0.23499
0.22499
0.214991
0.204991
0.194991
0.184992
0.174992
0.164993
0.154993
0.144993
0.134994
0.124994
0.114995
0.104995
0.0949955
0.084996
0.0749964
0.0649969
0.0549973
0.0449978
0.0349983
0.0249987
0.0149992
0.00499974
0.995
0.984999
0.974999
0.964998
0.954998
0.944998
0.934998
0.924998
0.914998
0.904998
0.894997
0.884997
0.874997
0.864997
0.854997
0.844996
0.834996
0.824996
0.814995
0.804995
0.794995
0.784994
0.774994
0.764993
0.754993
0.744993
0.734992
0.724992
0.714992
0.704991
0.694991
0.684991
0.674991
0.66499
0.65499
0.64499
0.634989
0.624989
0.614989
0.604989
0.594989
0.584988
0.574988
0.564988
0.554988
0.544988
0.534987
0.524987
0.514987
0.504987
0.494987
0.484987
0.474987
0.464987
0.454987
0.444987
0.434986
0.424986
0.414986
0.404987
0.394987
0.384987
0.374987
0.364987
0.354987
0.344987
0.334987
0.324987
0.314988
0.304988
0.294988
0.284988
0.274989
0.264989
0.254989
0.24499
0.23499
0.22499
0.214991
0.204991
0.194991
0.184992
0.174992
0.164992
0.154993
0.144993
0.134994
0.124994
0.114995
0.104995
0.0949955
0.084996
0.0749964
0.0649969
0.0549973
0.0449978
0.0349983
0.0249987
0.0149992
0.00499974
0.995
0.984999
0.974999
0.964998
0.954998
0.944998
0.934998
0.924998
0.914998
0.904998
0.894997
0.884997
0.874997
0.864997
0.854997
0.844996
0.834996
0.824996
0.814995
0.804995
0.794995
0.784994
0.774994
0.764993
0.754993
0.744993
0.734992
0.724992
0.714992
0.704991
0.694991
0.684991
0.67499
0.66499
0.65499
0.64499
0.634989
0.624989
0.614989
0.604989
0.594989
0.584988
0.574988
0.564988
0.554988
0.544988
0.534987
0.524987
0.514987
0.504987
0.494987
0.484987
0.474987
0.464987
0.454986
0.444986
0.434986
0.424986
0.414986
0.404986
0.394987
0.384987
0.374987
0.364987
0.354987
0.344987
0.334987
0.324987
0.314988
0.304988
0.294988
0.284988
0.274989
0.264989
0.254989
0.24499
0.23499
0.22499
0.214991
0.204991
0.194991
0.184992
0.174992
0.164992
0.154993
0.144993
0.134994
0.124994
0.114995
0.104995
0.0949955
0.084996
0.0749964
0.0649969
0.0549973
0.0449978
0.0349982
0.0249987
0.0149992
0.00499974
0.995
0.984999
0.974999
0.964998
0.954998
0.944998
0.934998
0.924998
0.914998
0.904998
0.894997
0.884997
0.874997
0.864997
0.854997
0.844996
0.834996
0.824996
0.814995
0.804995
0.794995
0.784994
0.774994
0.764993
0.754993
0.744993
0.734992
0.724992
0.714992
0.704991
0.694991
0.684991
0.67499
0.66499
0.65499
0.64499
0.634989
0.624989
0.614989
0.604989
0.594988
0.584988
0.574988
0.564988
0.554988
0.544987
0.534987
0.524987
0.514987
0.504987
0.494987
0.484987
0.474987
0.464987
0.454986
0.444986
0.434986
0.424986
0.414986
0.404986
0.394987
0.384987
0.374987
0.364987
0.354987
0.344987
0.334987
0.324987
0.314988
0.304988
0.294988
0.284988
0.274989
0.264989
0.254989
0.24499
0.23499
0.22499
0.214991
0.204991
0.194991
0.184992
0.174992
0.164992
0.154993
0.144993
0.134994
0.124994
0.114995
0.104995
0.0949955
0.084996
0.0749964
0.0649969
0.0549973
0.0449978
0.0349982
0.0249987
0.0149992
0.00499974
0.995
0.984999
0.974999
0.964998
0.954998
0.944998
0.934998
0.924998
0.914998
0.904998
0.894997
0.884997
0.874997
0.864997
0.854996
0.844996
0.834996
0.824996
0.814995
0.804995
0.794994
0.784994
0.774994
0.764993
0.754993
0.744993
0.734992
0.724992
0.714992
0.704991
0.694991
0.684991
0.67499
0.66499
0.65499
0.64499
0.634989
0.624989
0.614989
0.604989
0.594988
0.584988
0.574988
0.564988
0.554988
0.544987
0.534987
0.524987
0.514987
0.504987
0.494987
0.484987
0.474987
0.464986
0.454986
0.444986
0.434986
0.424986
0.414986
0.404986
0.394986
0.384987
0.374987
0.364987
0.354987
0.344987
0.334987
0.324987
0.314988
0.304988
0.294988
0.284988
0.274989
0.264989
0.254989
0.244989
0.23499
0.22499
0.214991
0.204991
0.194991
0.184992
0.174992
0.164992
0.154993
0.144993
0.134994
0.124994
0.114995
0.104995
0.0949955
0.084996
0.0749964
0.0649969
0.0549973
0.0449978
0.0349982
0.0249987
0.0149992
0.00499974
0.995
0.984999
0.974999
0.964998
0.954998
0.944998
0.934998
0.924998
0.914998
0.904998
0.894997
0.884997
0.874997
0.864997
0.854996
0.844996
0.834996
0.824996
0.814995
0.804995
0.794994
0.784994
0.774994
0.764993
0.754993
0.744993
0.734992
0.724992
0.714992
0.704991
0.694991
0.684991
0.67499
0.66499
0.65499
0.64499
0.634989
0.624989
0.614989
0.604989
0.594988
0.584988
0.574988
0.564988
0.554988
0.544987
0.534987
0.524987
0.514987
0.504987
0.494987
0.484987
0.474986
0.464986
0.454986
0.444986
0.434986
0.424986
0.414986
0.404986
0.394986
0.384987
0.374987
0.364987
0.354987
0.344987
0.334987
0.324987
0.314988
0.304988
0.294988
0.284988
0.274989
0.264989
0.254989
0.244989
0.23499
0.22499
0.214991
0.204991
0.194991
0.184992
0.174992
0.164992
0.154993
0.144993
0.134994
0.124994
0.114995
0.104995
0.0949955
0.084996
0.0749964
0.0649969
0.0549973
0.0449978
0.0349982
0.0249987
0.0149992
0.00499974
0.995
0.984999
0.974999
0.964998
0.954998
0.944998
0.934998
0.924998
0.914998
0.904998
0.894997
0.884997
0.874997
0.864997
0.854996
0.844996
0.834996
0.824995
0.814995
0.804995
0.794994
0.784994
0.774994
0.764993
0.754993
0.744993
0.734992
0.724992
0.714991
0.704991
0.694991
0.684991
0.67499
0.66499
0.65499
0.644989
0.634989
0.624989
0.614989
0.604989
0.594988
0.584988
0.574988
0.564988
0.554988
0.544987
0.534987
0.524987
0.514987
0.504987
0.494987
0.484987
0.474986
0.464986
0.454986
0.444986
0.434986
0.424986
0.414986
0.404986
0.394986
0.384986
0.374987
0.364987
0.354987
0.344987
0.334987
0.324987
0.314988
0.304988
0.294988
0.284988
0.274989
0.264989
0.254989
0.244989
0.23499
0.22499
0.214991
0.204991
0.194991
0.184992
0.174992
0.164992
0.154993
0.144993
0.134994
0.124994
0.114995
0.104995
0.0949955
0.084996
0.0749964
0.0649969
0.0549973
0.0449978
0.0349982
0.0249987
0.0149992
0.00499974
0.995
0.984999
0.974999
0.964998
0.954998
0.944998
0.934998
0.924998
0.914998
0.904997
0.894997
0.884997
0.874997
0.864997
0.854996
0.844996
0.834996
0.824995
0.814995
0.804995
0.794994
0.784994
0.774994
0.764993
0.754993
0.744992
0.734992
0.724992
0.714991
0.704991
0.694991
0.684991
0.67499
0.66499
0.65499
0.644989
0.634989
0.624989
0.614989
0.604988
0.594988
0.584988
0.574988
0.564988
0.554987
0.544987
0.534987
0.524987
0.514987
0.504987
0.494987
0.484986
0.474986
0.464986
0.454986
0.444986
0.434986
0.424986
0.414986
0.404986
0.394986
0.384986
0.374987
0.364987
0.354987
0.344987
0.334987
0.324987
0.314988
0.304988
0.294988
0.284988
0.274989
0.264989
0.254989
0.244989
0.23499
0.22499
0.214991
0.204991
0.194991
0.184992
0.174992
0.164992
0.154993
0.144993
0.134994
0.124994
0.114995
0.104995
0.0949955
0.084996
0.0749964
0.0649969
0.0549973
0.0449978
0.0349982
0.0249987
0.0149992
0.00499974
0.995
0.984999
0.974999
0.964998
0.954998
0.944998
0.934998
0.924998
0.914998
0.904997
0.894997
0.884997
0.874997
0.864997
0.854996
0.844996
0.834996
0.824995
0.814995
0.804995
0.794994
0.784994
0.774994
0.764993
0.754993
0.744992
0.734992
0.724992
0.714991
0.704991
0.694991
0.68499
0.67499
0.66499
0.65499
0.644989
0.634989
0.624989
0.614989
0.604988
0.594988
0.584988
0.574988
0.564988
0.554987
0.544987
0.534987
0.524987
0.514987
0.504987
0.494987
0.484986
0.474986
0.464986
0.454986
0.444986
0.434986
0.424986
0.414986
0.404986
0.394986
0.384986
0.374987
0.364987
0.354987
0.344987
0.334987
0.324987
0.314988
0.304988
0.294988
0.284988
0.274989
0.264989
0.254989
0.244989
0.23499
0.22499
0.214991
0.204991
0.194991
0.184992
0.174992
0.164992
0.154993
0.144993
0.134994
0.124994
0.114995
0.104995
0.0949955
0.084996
0.0749964
0.0649969
0.0549973
0.0449978
0.0349982
0.0249987
0.0149992
0.00499974
0.995
0.984999
0.974999
0.964998
0.954998
0.944998
0.934998
0.924998
0.914998
0.904997
0.894997
0.884997
0.874997
0.864997
0.854996
0.844996
0.834996
0.824995
0.814995
0.804995
0.794994
0.784994
0.774994
0.764993
0.754993
0.744992
0.734992
0.724992
0.714991
0.704991
0.694991
0.68499
0.67499
0.66499
0.65499
0.644989
0.634989
0.624989
0.614989
0.604988
0.594988
0.584988
0.574988
0.564988
0.554987
0.544987
0.534987
0.524987
0.514987
0.504987
0.494987
0.484986
0.474986
0.464986
0.454986
0.444986
0.434986
0.424986
0.414986
0.404986
0.394986
0.384986
0.374987
0.364987
0.354987
0.344987
0.334987
0.324987
0.314988
0.304988
0.294988
0.284988
0.274989
0.264989
0.254989
0.244989
0.23499
0.22499
0.214991
0.204991
0.194991
0.184992
0.174992
0.164992
0.154993
0.144993
0.134994
0.124994
0.114995
0.104995
0.0949955
0.084996
0.0749964
0.0649969
0.0549973
0.0449978
0.0349982
0.0249987
0.0149992
0.00499974
0.995
0.984999
0.974999
0.964998
0.954998
0.944998
0.934998
0.924998
0.914998
0.904997
0.894997
0.884997
0.874997
0.864997
0.854996
0.844996
0.834996
0.824995
0.814995
0.804995
0.794994
0.784994
0.774993
0.764993
0.754993
0.744992
0.734992
0.724992
0.714991
0.704991
0.694991
0.68499
0.67499
0.66499
0.65499
0.644989
0.634989
0.624989
0.614989
0.604988
0.594988
0.584988
0.574988
0.564988
0.554987
0.544987
0.534987
0.524987
0.514987
0.504987
0.494986
0.484986
0.474986
0.464986
0.454986
0.444986
0.434986
0.424986
0.414986
0.404986
0.394986
0.384986
0.374986
0.364987
0.354987
0.344987
0.334987
0.324987
0.314988
0.304988
0.294988
0.284988
0.274989
0.264989
0.254989
0.244989
0.23499
0.22499
0.21499
0.204991
0.194991
0.184992
0.174992
0.164992
0.154993
0.144993
0.134994
0.124994
0.114995
0.104995
0.0949955
0.084996
0.0749964
0.0649969
0.0549973
0.0449978
0.0349982
0.0249987
0.0149992
0.00499974
0.995
0.984999
0.974999
0.964998
0.954998
0.944998
0.934998
0.924998
0.914998
0.904997
0.894997
0.884997
0.874997
0.864997
0.854996
0.844996
0.834996
0.824995
0.814995
0.804995
0.794994
0.784994
0.774993
0.764993
0.754993
0.744992
0.734992
0.724992
0.714991
0.704991
0.694991
0.68499
0.67499
0.66499
0.654989
0.644989
0.634989
0.624989
0.614989
0.604988
0.594988
0.584988
0.574988
0.564987
0.554987
0.544987
0.534987
0.524987
0.514987
0.504987
0.494986
0.484986
0.474986
0.464986
0.454986
0.444986
0.434986
0.424986
0.414986
0.404986
0.394986
0.384986
0.374986
0.364987
0.354987
0.344987
0.334987
0.324987
0.314987
0.304988
0.294988
0.284988
0.274989
0.264989
0.254989
0.244989
0.23499
0.22499
0.21499
0.204991
0.194991
0.184992
0.174992
0.164992
0.154993
0.144993
0.134994
0.124994
0.114995
0.104995
0.0949955
0.084996
0.0749964
0.0649969
0.0549973
0.0449978
0.0349982
0.0249987
0.0149992
0.00499974
0.995
0.984999
0.974999
0.964998
0.954998
0.944998
0.934998
0.924998
0.914998
0.904997
0.894997
0.884997
0.874997
0.864997
0.854996
0.844996
0.834996
0.824995
0.814995
0.804995
0.794994
0.784994
0.774993
0.764993
0.754993
0.744992
0.734992
0.724992
0.714991
0.704991
0.694991
0.68499
0.67499
0.66499
0.654989
0.644989
0.634989
0.624989
0.614988
0.604988
0.594988
0.584988
0.574988
0.564987
0.554987
0.544987
0.534987
0.524987
0.514987
0.504987
0.494986
0.484986
0.474986
0.464986
0.454986
0.444986
0.434986
0.424986
0.414986
0.404986
0.394986
0.384986
0.374986
0.364987
0.354987
0.344987
0.334987
0.324987
0.314987
0.304988
0.294988
0.284988
0.274989
0.264989
0.254989
0.244989
0.23499
0.22499
0.21499
0.204991
0.194991
0.184992
0.174992
0.164992
0.154993
0.144993
0.134994
0.124994
0.114995
0.104995
0.0949955
0.084996
0.0749964
0.0649969
0.0549973
0.0449978
0.0349982
0.0249987
0.0149992
0.00499974
0.995
0.984999
0.974999
0.964998
0.954998
0.944998
0.934998
0.924998
0.914998
0.904997
0.894997
0.884997
0.874997
0.864997
0.854996
0.844996
0.834996
0.824995
0.814995
0.804995
0.794994
0.784994
0.774993
0.764993
0.754993
0.744992
0.734992
0.724992
0.714991
0.704991
0.694991
0.68499
0.67499
0.66499
0.654989
0.644989
0.634989
0.624989
0.614988
0.604988
0.594988
0.584988
0.574988
0.564987
0.554987
0.544987
0.534987
0.524987
0.514987
0.504986
0.494986
0.484986
0.474986
0.464986
0.454986
0.444986
0.434986
0.424986
0.414986
0.404986
0.394986
0.384986
0.374986
0.364987
0.354987
0.344987
0.334987
0.324987
0.314987
0.304988
0.294988
0.284988
0.274989
0.264989
0.254989
0.244989
0.23499
0.22499
0.21499
0.204991
0.194991
0.184992
0.174992
0.164992
0.154993
0.144993
0.134994
0.124994
0.114995
0.104995
0.0949955
0.084996
0.0749964
0.0649969
0.0549973
0.0449978
0.0349982
0.0249987
0.0149992
0.00499974
0.995
0.984999
0.974999
0.964998
0.954998
0.944998
0.934998
0.924998
0.914997
0.904997
0.894997
0.884997
0.874997
0.864997
0.854996
0.844996
0.834996
0.824995
0.814995
0.804994
0.794994
0.784994
0.774993
0.764993
0.754993
0.744992
0.734992
0.724991
0.714991
0.704991
0.694991
0.68499
0.67499
0.66499
0.654989
0.644989
0.634989
0.624989
0.614988
0.604988
0.594988
0.584988
0.574988
0.564987
0.554987
0.544987
0.534987
0.524987
0.514987
0.504986
0.494986
0.484986
0.474986
0.464986
0.454986
0.444986
0.434986
0.424986
0.414986
0.404986
0.394986
0.384986
0.374986
0.364987
0.354987
0.344987
0.334987
0.324987
0.314987
0.304988
0.294988
0.284988
0.274989
0.264989
0.254989
0.244989
0.23499
0.22499
0.21499
0.204991
0.194991
0.184992
0.174992
0.164992
0.154993
0.144993
0.134994
0.124994
0.114995
0.104995
0.0949955
0.084996
0.0749964
0.0649969
0.0549973
0.0449978
0.0349983
0.0249987
0.0149992
0.00499974
0.995
0.984999
0.974999
0.964998
0.954998
0.944998
0.934998
0.924998
0.914997
0.904997
0.894997
0.884997
0.874997
0.864996
0.854996
0.844996
0.834996
0.824995
0.814995
0.804994
0.794994
0.784994
0.774993
0.764993
0.754993
0.744992
0.734992
0.724991
0.714991
0.704991
0.69499
0.68499
0.67499
0.66499
0.654989
0.644989
0.634989
0.624989
0.614988
0.604988
0.594988
0.584988
0.574988
0.564987
0.554987
0.544987
0.534987
0.524987
0.514987
0.504986
0.494986
0.484986
0.474986
0.464986
0.454986
0.444986
0.434986
0.424986
0.414986
0.404986
0.394986
0.384986
0.374986
0.364987
0.354987
0.344987
0.334987
0.324987
0.314987
0.304988
0.294988
0.284988
0.274989
0.264989
0.254989
0.244989
0.23499
0.22499
0.214991
0.204991
0.194991
0.184992
0.174992
0.164992
0.154993
0.144993
0.134994
0.124994
0.114995
0.104995
0.0949955
0.084996
0.0749964
0.0649969
0.0549973
0.0449978
0.0349983
0.0249987
0.0149992
0.00499974
0.995
0.984999
0.974999
0.964998
0.954998
0.944998
0.934998
0.924998
0.914997
0.904997
0.894997
0.884997
0.874997
0.864996
0.854996
0.844996
0.834996
0.824995
0.814995
0.804994
0.794994
0.784994
0.774993
0.764993
0.754992
0.744992
0.734992
0.724991
0.714991
0.704991
0.69499
0.68499
0.67499
0.66499
0.654989
0.644989
0.634989
0.624989
0.614988
0.604988
0.594988
0.584988
0.574987
0.564987
0.554987
0.544987
0.534987
0.524987
0.514987
0.504986
0.494986
0.484986
0.474986
0.464986
0.454986
0.444986
0.434986
0.424986
0.414986
0.404986
0.394986
0.384986
0.374986
0.364987
0.354987
0.344987
0.334987
0.324987
0.314987
0.304988
0.294988
0.284988
0.274989
0.264989
0.254989
0.244989
0.23499
0.22499
0.214991
0.204991
0.194991
0.184992
0.174992
0.164992
0.154993
0.144993
0.134994
0.124994
0.114995
0.104995
0.0949955
0.084996
0.0749964
0.0649969
0.0549973
0.0449978
0.0349983
0.0249987
0.0149992
0.00499974
0.995
0.984999
0.974999
0.964998
0.954998
0.944998
0.934998
0.924998
0.914997
0.904997
0.894997
0.884997
0.874997
0.864996
0.854996
0.844996
0.834995
0.824995
0.814995
0.804994
0.794994
0.784994
0.774993
0.764993
0.754992
0.744992
0.734992
0.724991
0.714991
0.704991
0.69499
0.68499
0.67499
0.66499
0.654989
0.644989
0.634989
0.624989
0.614988
0.604988
0.594988
0.584988
0.574987
0.564987
0.554987
0.544987
0.534987
0.524987
0.514986
0.504986
0.494986
0.484986
0.474986
0.464986
0.454986
0.444986
0.434986
0.424986
0.414986
0.404986
0.394986
0.384986
0.374986
0.364987
0.354987
0.344987
0.334987
0.324987
0.314987
0.304988
0.294988
0.284988
0.274989
0.264989
0.254989
0.244989
0.23499
0.22499
0.214991
0.204991
0.194991
0.184992
0.174992
0.164992
0.154993
0.144993
0.134994
0.124994
0.114995
0.104995
0.0949956
0.084996
0.0749965
0.0649969
0.0549973
0.0449978
0.0349983
0.0249987
0.0149992
0.00499974
0.995
0.984999
0.974999
0.964998
0.954998
0.944998
0.934998
0.924998
0.914997
0.904997
0.894997
0.884997
0.874997
0.864996
0.854996
0.844996
0.834995
0.824995
0.814995
0.804994
0.794994
0.784994
0.774993
0.764993
0.754992
0.744992
0.734992
0.724991
0.714991
0.704991
0.69499
0.68499
0.67499
0.664989
0.654989
0.644989
0.634989
0.624988
0.614988
0.604988
0.594988
0.584988
0.574987
0.564987
0.554987
0.544987
0.534987
0.524987
0.514986
0.504986
0.494986
0.484986
0.474986
0.464986
0.454986
0.444986
0.434986
0.424986
0.414986
0.404986
0.394986
0.384986
0.374986
0.364987
0.354987
0.344987
0.334987
0.324987
0.314987
0.304988
0.294988
0.284988
0.274989
0.264989
0.254989
0.244989
0.23499
0.22499
0.214991
0.204991
0.194991
0.184992
0.174992
0.164992
0.154993
0.144993
0.134994
0.124994
0.114995
0.104995
0.0949956
0.084996
0.0749965
0.0649969
0.0549973
0.0449978
0.0349983
0.0249987
0.0149992
0.00499974
0.995
0.984999
0.974999
0.964998
0.954998
0.944998
0.934998
0.924998
0.914997
0.904997
0.894997
0.884997
0.874997
0.864996
0.854996
0.844996
0.834995
0.824995
0.814995
0.804994
0.794994
0.784994
0.774993
0.764993
0.754992
0.744992
0.734992
0.724991
0.714991
0.704991
0.69499
0.68499
0.67499
0.664989
0.654989
0.644989
0.634989
0.624988
0.614988
0.604988
0.594988
0.584988
0.574987
0.564987
0.554987
0.544987
0.534987
0.524987
0.514986
0.504986
0.494986
0.484986
0.474986
0.464986
0.454986
0.444986
0.434986
0.424986
0.414986
0.404986
0.394986
0.384986
0.374986
0.364987
0.354987
0.344987
0.334987
0.324987
0.314987
0.304988
0.294988
0.284988
0.274989
0.264989
0.254989
0.244989
0.23499
0.22499
0.214991
0.204991
0.194991
0.184992
0.174992
0.164992
0.154993
0.144993
0.134994
0.124994
0.114995
0.104995
0.0949956
0.084996
0.0749965
0.0649969
0.0549973
0.0449978
0.0349983
0.0249987
0.0149992
0.00499974
0.995
0.984999
0.974999
0.964998
0.954998
0.944998
0.934998
0.924998
0.914997
0.904997
0.894997
0.884997
0.874997
0.864996
0.854996
0.844996
0.834995
0.824995
0.814995
0.804994
0.794994
0.784994
0.774993
0.764993
0.754992
0.744992
0.734992
0.724991
0.714991
0.704991
0.69499
0.68499
0.67499
0.664989
0.654989
0.644989
0.634989
0.624988
0.614988
0.604988
0.594988
0.584988
0.574987
0.564987
0.554987
0.544987
0.534987
0.524987
0.514986
0.504986
0.494986
0.484986
0.474986
0.464986
0.454986
0.444986
0.434986
0.424986
0.414986
0.404986
0.394986
0.384986
0.374986
0.364987
0.354987
0.344987
0.334987
0.324987
0.314987
0.304988
0.294988
0.284988
0.274989
0.264989
0.254989
0.244989
0.23499
0.22499
0.214991
0.204991
0.194991
0.184992
0.174992
0.164993
0.154993
0.144993
0.134994
0.124994
0.114995
0.104995
0.0949956
0.084996
0.0749965
0.0649969
0.0549973
0.0449978
0.0349983
0.0249987
0.0149992
0.00499974
0.995
0.984999
0.974999
0.964998
0.954998
0.944998
0.934998
0.924997
0.914997
0.904997
0.894997
0.884997
0.874997
0.864996
0.854996
0.844996
0.834995
0.824995
0.814995
0.804994
0.794994
0.784993
0.774993
0.764993
0.754992
0.744992
0.734992
0.724991
0.714991
0.704991
0.69499
0.68499
0.67499
0.664989
0.654989
0.644989
0.634989
0.624988
0.614988
0.604988
0.594988
0.584988
0.574987
0.564987
0.554987
0.544987
0.534987
0.524987
0.514986
0.504986
0.494986
0.484986
0.474986
0.464986
0.454986
0.444986
0.434986
0.424986
0.414986
0.404986
0.394986
0.384986
0.374986
0.364987
0.354987
0.344987
0.334987
0.324987
0.314987
0.304988
0.294988
0.284988
0.274989
0.264989
0.254989
0.244989
0.23499
0.22499
0.214991
0.204991
0.194991
0.184992
0.174992
0.164993
0.154993
0.144993
0.134994
0.124994
0.114995
0.104995
0.0949956
0.084996
0.0749965
0.0649969
0.0549974
0.0449978
0.0349983
0.0249987
0.0149992
0.00499974
0.995
0.984999
0.974999
0.964998
0.954998
0.944998
0.934998
0.924997
0.914997
0.904997
0.894997
0.884997
0.874997
0.864996
0.854996
0.844996
0.834995
0.824995
0.814995
0.804994
0.794994
0.784993
0.774993
0.764993
0.754992
0.744992
0.734992
0.724991
0.714991
0.704991
0.69499
0.68499
0.67499
0.664989
0.654989
0.644989
0.634989
0.624988
0.614988
0.604988
0.594988
0.584987
0.574987
0.564987
0.554987
0.544987
0.534987
0.524986
0.514986
0.504986
0.494986
0.484986
0.474986
0.464986
0.454986
0.444986
0.434986
0.424986
0.414986
0.404986
0.394986
0.384986
0.374986
0.364986
0.354987
0.344987
0.334987
0.324987
0.314987
0.304988
0.294988
0.284988
0.274989
0.264989
0.254989
0.244989
0.23499
0.22499
0.214991
0.204991
0.194991
0.184992
0.174992
0.164993
0.154993
0.144993
0.134994
0.124994
0.114995
0.104995
0.0949956
0.084996
0.0749965
0.0649969
0.0549974
0.0449978
0.0349983
0.0249987
0.0149992
0.00499974
0.995
0.984999
0.974999
0.964998
0.954998
0.944998
0.934998
0.924997
0.914997
0.904997
0.894997
0.884997
0.874997
0.864996
0.854996
0.844996
0.834995
0.824995
0.814995
0.804994
0.794994
0.784993
0.774993
0.764993
0.754992
0.744992
0.734992
0.724991
0.714991
0.70499
0.69499
0.68499
0.67499
0.664989
0.654989
0.644989
0.634989
0.624988
0.614988
0.604988
0.594988
0.584987
0.574987
0.564987
0.554987
0.544987
0.534987
0.524986
0.514986
0.504986
0.494986
0.484986
0.474986
0.464986
0.454986
0.444986
0.434986
0.424986
0.414986
0.404986
0.394986
0.384986
0.374986
0.364986
0.354987
0.344987
0.334987
0.324987
0.314987
0.304988
0.294988
0.284988
0.274989
0.264989
0.254989
0.244989
0.23499
0.22499
0.214991
0.204991
0.194991
0.184992
0.174992
0.164993
0.154993
0.144993
0.134994
0.124994
0.114995
0.104995
0.0949956
0.084996
0.0749965
0.0649969
0.0549974
0.0449978
0.0349983
0.0249987
0.0149992
0.00499974
0.995
0.984999
0.974999
0.964998
0.954998
0.944998
0.934998
0.924997
0.914997
0.904997
0.894997
0.884997
0.874997
0.864996
0.854996
0.844996
0.834995
0.824995
0.814995
0.804994
0.794994
0.784993
0.774993
0.764993
0.754992
0.744992
0.734991
0.724991
0.714991
0.70499
0.69499
0.68499
0.67499
0.664989
0.654989
0.644989
0.634989
0.624988
0.614988
0.604988
0.594988
0.584987
0.574987
0.564987
0.554987
0.544987
0.534987
0.524986
0.514986
0.504986
0.494986
0.484986
0.474986
0.464986
0.454986
0.444986
0.434986
0.424986
0.414986
0.404986
0.394986
0.384986
0.374986
0.364986
0.354987
0.344987
0.334987
0.324987
0.314987
0.304988
0.294988
0.284988
0.274989
0.264989
0.254989
0.244989
0.23499
0.22499
0.214991
0.204991
0.194991
0.184992
0.174992
0.164993
0.154993
0.144993
0.134994
0.124994
0.114995
0.104995
0.0949956
0.084996
0.0749965
0.0649969
0.0549974
0.0449978
0.0349983
0.0249987
0.0149992
0.00499974
0.995
0.984999
0.974999
0.964998
0.954998
0.944998
0.934998
0.924997
0.914997
0.904997
0.894997
0.884997
0.874997
0.864996
0.854996
0.844996
0.834995
0.824995
0.814995
0.804994
0.794994
0.784993
0.774993
0.764993
0.754992
0.744992
0.734991
0.724991
0.714991
0.70499
0.69499
0.68499
0.67499
0.664989
0.654989
0.644989
0.634988
0.624988
0.614988
0.604988
0.594988
0.584987
0.574987
0.564987
0.554987
0.544987
0.534987
0.524986
0.514986
0.504986
0.494986
0.484986
0.474986
0.464986
0.454986
0.444986
0.434986
0.424986
0.414986
0.404986
0.394986
0.384986
0.374986
0.364986
0.354987
0.344987
0.334987
0.324987
0.314987
0.304988
0.294988
0.284988
0.274989
0.264989
0.254989
0.244989
0.23499
0.22499
0.214991
0.204991
0.194991
0.184992
0.174992
0.164993
0.154993
0.144993
0.134994
0.124994
0.114995
0.104995
0.0949956
0.084996
0.0749965
0.0649969
0.0549974
0.0449978
0.0349983
0.0249987
0.0149992
0.00499974
0.995
0.984999
0.974999
0.964998
0.954998
0.944998
0.934998
0.924997
0.914997
0.904997
0.894997
0.884997
0.874996
0.864996
0.854996
0.844996
0.834995
0.824995
0.814995
0.804994
0.794994
0.784993
0.774993
0.764993
0.754992
0.744992
0.734991
0.724991
0.714991
0.70499
0.69499
0.68499
0.674989
0.664989
0.654989
0.644989
0.634988
0.624988
0.614988
0.604988
0.594988
0.584987
0.574987
0.564987
0.554987
0.544987
0.534987
0.524986
0.514986
0.504986
0.494986
0.484986
0.474986
0.464986
0.454986
0.444986
0.434986
0.424986
0.414986
0.404986
0.394986
0.384986
0.374986
0.364986
0.354987
0.344987
0.334987
0.324987
0.314987
0.304988
0.294988
0.284988
0.274989
0.264989
0.254989
0.244989
0.23499
0.22499
0.214991
0.204991
0.194991
0.184992
0.174992
0.164993
0.154993
0.144993
0.134994
0.124994
0.114995
0.104995
0.0949956
0.084996
0.0749965
0.0649969
0.0549974
0.0449978
0.0349983
0.0249987
0.0149992
0.00499974
0.995
0.984999
0.974999
0.964998
0.954998
0.944998
0.934998
0.924997
0.914997
0.904997
0.894997
0.884997
0.874996
0.864996
0.854996
0.844996
0.834995
0.824995
0.814994
0.804994
0.794994
0.784993
0.774993
0.764993
0.754992
0.744992
0.734991
0.724991
0.714991
0.70499
0.69499
0.68499
0.674989
0.664989
0.654989
0.644989
0.634988
0.624988
0.614988
0.604988
0.594988
0.584987
0.574987
0.564987
0.554987
0.544987
0.534987
0.524986
0.514986
0.504986
0.494986
0.484986
0.474986
0.464986
0.454986
0.444986
0.434986
0.424986
0.414986
0.404986
0.394986
0.384986
0.374986
0.364986
0.354987
0.344987
0.334987
0.324987
0.314987
0.304988
0.294988
0.284988
0.274989
0.264989
0.254989
0.244989
0.23499
0.22499
0.214991
0.204991
0.194991
0.184992
0.174992
0.164993
0.154993
0.144993
0.134994
0.124994
0.114995
0.104995
0.0949956
0.084996
0.0749965
0.0649969
0.0549974
0.0449978
0.0349983
0.0249987
0.0149992
0.00499974
0.995
0.984999
0.974999
0.964998
0.954998
0.944998
0.934998
0.924997
0.914997
0.904997
0.894997
0.884997
0.874996
0.864996
0.854996
0.844996
0.834995
0.824995
0.814994
0.804994
0.794994
0.784993
0.774993
0.764992
0.754992
0.744992
0.734991
0.724991
0.714991
0.70499
0.69499
0.68499
0.674989
0.664989
0.654989
0.644989
0.634988
0.624988
0.614988
0.604988
0.594988
0.584987
0.574987
0.564987
0.554987
0.544987
0.534986
0.524986
0.514986
0.504986
0.494986
0.484986
0.474986
0.464986
0.454986
0.444986
0.434986
0.424986
0.414986
0.404986
0.394986
0.384986
0.374986
0.364986
0.354987
0.344987
0.334987
0.324987
0.314987
0.304988
0.294988
0.284988
0.274989
0.264989
0.254989
0.244989
0.23499
0.22499
0.214991
0.204991
0.194991
0.184992
0.174992
0.164993
0.154993
0.144993
0.134994
0.124994
0.114995
0.104995
0.0949956
0.0849961
0.0749965
0.0649969
0.0549974
0.0449978
0.0349983
0.0249987
0.0149992
0.00499974
0.995
0.984999
0.974999
0.964998
0.954998
0.944998
0.934998
0.924997
0.914997
0.904997
0.894997
0.884997
0.874996
0.864996
0.854996
0.844996
0.834995
0.824995
0.814994
0.804994
0.794994
0.784993
0.774993
0.764992
0.754992
0.744992
0.734991
0.724991
0.714991
0.70499
0.69499
0.68499
0.674989
0.664989
0.654989
0.644989
0.634988
0.624988
0.614988
0.604988
0.594987
0.584987
0.574987
0.564987
0.554987
0.544987
0.534986
0.524986
0.514986
0.504986
0.494986
0.484986
0.474986
0.464986
0.454986
0.444986
0.434986
0.424986
0.414986
0.404986
0.394986
0.384986
0.374986
0.364986
0.354987
0.344987
0.334987
0.324987
0.314987
0.304988
0.294988
0.284988
0.274989
0.264989
0.254989
0.24499
0.23499
0.22499
0.214991
0.204991
0.194991
0.184992
0.174992
0.164993
0.154993
0.144993
0.134994
0.124994
0.114995
0.104995
0.0949956
0.0849961
0.0749965
0.0649969
0.0549974
0.0449978
0.0349983
0.0249987
0.0149992
0.00499974
0.995
0.984999
0.974999
0.964998
0.954998
0.944998
0.934997
0.924997
0.914997
0.904997
0.894997
0.884997
0.874996
0.864996
0.854996
0.844995
0.834995
0.824995
0.814994
0.804994
0.794994
0.784993
0.774993
0.764992
0.754992
0.744992
0.734991
0.724991
0.714991
0.70499
0.69499
0.68499
0.674989
0.664989
0.654989
0.644989
0.634988
0.624988
0.614988
0.604988
0.594987
0.584987
0.574987
0.564987
0.554987
0.544987
0.534986
0.524986
0.514986
0.504986
0.494986
0.484986
0.474986
0.464986
0.454986
0.444986
0.434986
0.424986
0.414986
0.404986
0.394986
0.384986
0.374986
0.364986
0.354987
0.344987
0.334987
0.324987
0.314987
0.304988
0.294988
0.284988
0.274989
0.264989
0.254989
0.24499
0.23499
0.22499
0.214991
0.204991
0.194991
0.184992
0.174992
0.164993
0.154993
0.144993
0.134994
0.124994
0.114995
0.104995
0.0949956
0.0849961
0.0749965
0.0649969
0.0549974
0.0449978
0.0349983
0.0249987
0.0149992
0.00499974
0.995
0.984999
0.974999
0.964998
0.954998
0.944998
0.934997
0.924997
0.914997
0.904997
0.894997
0.884997
0.874996
0.864996
0.854996
0.844995
0.834995
0.824995
0.814994
0.804994
0.794994
0.784993
0.774993
0.764992
0.754992
0.744992
0.734991
0.724991
0.714991
0.70499
0.69499
0.68499
0.674989
0.664989
0.654989
0.644989
0.634988
0.624988
0.614988
0.604988
0.594987
0.584987
0.574987
0.564987
0.554987
0.544987
0.534986
0.524986
0.514986
0.504986
0.494986
0.484986
0.474986
0.464986
0.454986
0.444986
0.434986
0.424986
0.414986
0.404986
0.394986
0.384986
0.374986
0.364986
0.354987
0.344987
0.334987
0.324987
0.314987
0.304988
0.294988
0.284988
0.274989
0.264989
0.254989
0.24499
0.23499
0.22499
0.214991
0.204991
0.194991
0.184992
0.174992
0.164993
0.154993
0.144993
0.134994
0.124994
0.114995
0.104995
0.0949956
0.0849961
0.0749965
0.0649969
0.0549974
0.0449978
0.0349983
0.0249988
0.0149992
0.00499974
0.995
0.984999
0.974999
0.964998
0.954998
0.944998
0.934997
0.924997
0.914997
0.904997
0.894997
0.884997
0.874996
0.864996
0.854996
0.844995
0.834995
0.824995
0.814994
0.804994
0.794994
0.784993
0.774993
0.764992
0.754992
0.744992
0.734991
0.724991
0.714991
0.70499
0.69499
0.68499
0.674989
0.664989
0.654989
0.644989
0.634988
0.624988
0.614988
0.604988
0.594987
0.584987
0.574987
0.564987
0.554987
0.544987
0.534986
0.524986
0.514986
0.504986
0.494986
0.484986
0.474986
0.464986
0.454986
0.444986
0.434986
0.424986
0.414986
0.404986
0.394986
0.384986
0.374986
0.364986
0.354987
0.344987
0.334987
0.324987
0.314987
0.304988
0.294988
0.284988
0.274989
0.264989
0.254989
0.24499
0.23499
0.22499
0.214991
0.204991
0.194991
0.184992
0.174992
0.164993
0.154993
0.144993
0.134994
0.124994
0.114995
0.104995
0.0949956
0.0849961
0.0749965
0.0649969
0.0549974
0.0449978
0.0349983
0.0249988
0.0149992
0.00499974
0.995
0.984999
0.974999
0.964998
0.954998
0.944998
0.934997
0.924997
0.914997
0.904997
0.894997
0.884997
0.874996
0.864996
0.854996
0.844995
0.834995
0.824995
0.814994
0.804994
0.794994
0.784993
0.774993
0.764992
0.754992
0.744992
0.734991
0.724991
0.714991
0.70499
0.69499
0.68499
0.674989
0.664989
0.654989
0.644989
0.634988
0.624988
0.614988
0.604988
0.594987
0.584987
0.574987
0.564987
0.554987
0.544987
0.534986
0.524986
0.514986
0.504986
0.494986
0.484986
0.474986
0.464986
0.454986
0.444986
0.434986
0.424986
0.414986
0.404986
0.394986
0.384986
0.374986
0.364986
0.354987
0.344987
0.334987
0.324987
0.314987
0.304988
0.294988
0.284988
0.274989
0.264989
0.254989
0.24499
0.23499
0.22499
0.214991
0.204991
0.194991
0.184992
0.174992
0.164993
0.154993
0.144993
0.134994
0.124994
0.114995
0.104995
0.0949956
0.0849961
0.0749965
0.064997
0.0549974
0.0449978
0.0349983
0.0249988
0.0149992
0.00499975
0.995
0.984999
0.974999
0.964998
0.954998
0.944998
0.934997
0.924997
0.914997
0.904997
0.894997
0.884997
0.874996
0.864996
0.854996
0.844995
0.834995
0.824995
0.814994
0.804994
0.794994
0.784993
0.774993
0.764992
0.754992
0.744992
0.734991
0.724991
0.71499
0.70499
0.69499
0.68499
0.674989
0.664989
0.654989
0.644988
0.634988
0.624988
0.614988
0.604988
0.594987
0.584987
0.574987
0.564987
0.554987
0.544987
0.534986
0.524986
0.514986
0.504986
0.494986
0.484986
0.474986
0.464986
0.454986
0.444986
0.434986
0.424986
0.414986
0.404986
0.394986
0.384986
0.374986
0.364986
0.354987
0.344987
0.334987
0.324987
0.314987
0.304988
0.294988
0.284988
0.274989
0.264989
0.254989
0.24499
0.23499
0.22499
0.214991
0.204991
0.194991
0.184992
0.174992
0.164993
0.154993
0.144993
0.134994
0.124994
0.114995
0.104995
0.0949956
0.0849961
0.0749965
0.064997
0.0549974
0.0449978
0.0349983
0.0249988
0.0149992
0.00499975
0.995
0.984999
0.974999
0.964998
0.954998
0.944998
0.934997
0.924997
0.914997
0.904997
0.894997
0.884997
0.874996
0.864996
0.854996
0.844995
0.834995
0.824995
0.814994
0.804994
0.794994
0.784993
0.774993
0.764992
0.754992
0.744992
0.734991
0.724991
0.71499
0.70499
0.69499
0.68499
0.674989
0.664989
0.654989
0.644988
0.634988
0.624988
0.614988
0.604988
0.594987
0.584987
0.574987
0.564987
0.554987
0.544987
0.534986
0.524986
0.514986
0.504986
0.494986
0.484986
0.474986
0.464986
0.454986
0.444986
0.434986
0.424986
0.414986
0.404986
0.394986
0.384986
0.374986
0.364986
0.354987
0.344987
0.334987
0.324987
0.314987
0.304988
0.294988
0.284988
0.274989
0.264989
0.254989
0.24499
0.23499
0.22499
0.214991
0.204991
0.194991
0.184992
0.174992
0.164993
0.154993
0.144993
0.134994
0.124994
0.114995
0.104995
0.0949956
0.0849961
0.0749965
0.064997
0.0549974
0.0449978
0.0349983
0.0249988
0.0149992
0.00499975
0.995
0.984999
0.974999
0.964998
0.954998
0.944998
0.934997
0.924997
0.914997
0.904997
0.894997
0.884997
0.874996
0.864996
0.854996
0.844995
0.834995
0.824995
0.814994
0.804994
0.794993
0.784993
0.774993
0.764992
0.754992
0.744992
0.734991
0.724991
0.71499
0.70499
0.69499
0.68499
0.674989
0.664989
0.654989
0.644988
0.634988
0.624988
0.614988
0.604988
0.594987
0.584987
0.574987
0.564987
0.554987
0.544986
0.534986
0.524986
0.514986
0.504986
0.494986
0.484986
0.474986
0.464986
0.454986
0.444986
0.434986
0.424986
0.414986
0.404986
0.394986
0.384986
0.374986
0.364986
0.354987
0.344987
0.334987
0.324987
0.314987
0.304988
0.294988
0.284988
0.274989
0.264989
0.254989
0.24499
0.23499
0.22499
0.214991
0.204991
0.194991
0.184992
0.174992
0.164993
0.154993
0.144993
0.134994
0.124994
0.114995
0.104995
0.0949956
0.0849961
0.0749965
0.064997
0.0549974
0.0449978
0.0349983
0.0249988
0.0149992
0.00499975
0.995
0.984999
0.974999
0.964998
0.954998
0.944998
0.934997
0.924997
0.914997
0.904997
0.894997
0.884997
0.874996
0.864996
0.854996
0.844995
0.834995
0.824995
0.814994
0.804994
0.794993
0.784993
0.774993
0.764992
0.754992
0.744991
0.734991
0.724991
0.71499
0.70499
0.69499
0.684989
0.674989
0.664989
0.654989
0.644988
0.634988
0.624988
0.614988
0.604988
0.594987
0.584987
0.574987
0.564987
0.554987
0.544986
0.534986
0.524986
0.514986
0.504986
0.494986
0.484986
0.474986
0.464986
0.454986
0.444986
0.434986
0.424986
0.414986
0.404986
0.394986
0.384986
0.374986
0.364986
0.354987
0.344987
0.334987
0.324987
0.314987
0.304988
0.294988
0.284988
0.274989
0.264989
0.254989
0.24499
0.23499
0.22499
0.214991
0.204991
0.194991
0.184992
0.174992
0.164993
0.154993
0.144993
0.134994
0.124994
0.114995
0.104995
0.0949957
0.0849961
0.0749965
0.064997
0.0549974
0.0449978
0.0349983
0.0249988
0.0149992
0.00499975
0.995
0.984999
0.974999
0.964998
0.954998
0.944998
0.934997
0.924997
0.914997
0.904997
0.894997
0.884997
0.874996
0.864996
0.854996
0.844995
0.834995
0.824995
0.814994
0.804994
0.794993
0.784993
0.774993
0.764992
0.754992
0.744991
0.734991
0.724991
0.71499
0.70499
0.69499
0.684989
0.674989
0.664989
0.654989
0.644988
0.634988
0.624988
0.614988
0.604988
0.594987
0.584987
0.574987
0.564987
0.554987
0.544986
0.534986
0.524986
0.514986
0.504986
0.494986
0.484986
0.474986
0.464986
0.454986
0.444986
0.434986
0.424986
0.414986
0.404986
0.394986
0.384986
0.374986
0.364986
0.354987
0.344987
0.334987
0.324987
0.314988
0.304988
0.294988
0.284988
0.274989
0.264989
0.254989
0.24499
0.23499
0.22499
0.214991
0.204991
0.194991
0.184992
0.174992
0.164993
0.154993
0.144993
0.134994
0.124994
0.114995
0.104995
0.0949957
0.0849961
0.0749965
0.064997
0.0549974
0.0449978
0.0349983
0.0249988
0.0149992
0.00499975
0.995
0.984999
0.974999
0.964998
0.954998
0.944998
0.934997
0.924997
0.914997
0.904997
0.894997
0.884997
0.874996
0.864996
0.854996
0.844995
0.834995
0.824995
0.814994
0.804994
0.794993
0.784993
0.774993
0.764992
0.754992
0.744991
0.734991
0.724991
0.71499
0.70499
0.69499
0.684989
0.674989
0.664989
0.654989
0.644988
0.634988
0.624988
0.614988
0.604988
0.594987
0.584987
0.574987
0.564987
0.554987
0.544986
0.534986
0.524986
0.514986
0.504986
0.494986
0.484986
0.474986
0.464986
0.454986
0.444986
0.434986
0.424986
0.414986
0.404986
0.394986
0.384986
0.374986
0.364987
0.354987
0.344987
0.334987
0.324987
0.314988
0.304988
0.294988
0.284988
0.274989
0.264989
0.254989
0.24499
0.23499
0.22499
0.214991
0.204991
0.194991
0.184992
0.174992
0.164993
0.154993
0.144993
0.134994
0.124994
0.114995
0.104995
0.0949957
0.0849961
0.0749965
0.064997
0.0549974
0.0449978
0.0349983
0.0249988
0.0149992
0.00499975
0.995
0.984999
0.974999
0.964998
0.954998
0.944998
0.934997
0.924997
0.914997
0.904997
0.894997
0.884997
0.874996
0.864996
0.854996
0.844995
0.834995
0.824995
0.814994
0.804994
0.794993
0.784993
0.774993
0.764992
0.754992
0.744991
0.734991
0.724991
0.71499
0.70499
0.69499
0.684989
0.674989
0.664989
0.654989
0.644988
0.634988
0.624988
0.614988
0.604987
0.594987
0.584987
0.574987
0.564987
0.554987
0.544986
0.534986
0.524986
0.514986
0.504986
0.494986
0.484986
0.474986
0.464986
0.454986
0.444986
0.434986
0.424986
0.414986
0.404986
0.394986
0.384986
0.374986
0.364987
0.354987
0.344987
0.334987
0.324987
0.314988
0.304988
0.294988
0.284988
0.274989
0.264989
0.254989
0.24499
0.23499
0.22499
0.214991
0.204991
0.194991
0.184992
0.174992
0.164993
0.154993
0.144993
0.134994
0.124994
0.114995
0.104995
0.0949957
0.0849961
0.0749965
0.064997
0.0549974
0.0449978
0.0349983
0.0249988
0.0149992
0.00499975
0.995
0.984999
0.974999
0.964998
0.954998
0.944998
0.934997
0.924997
0.914997
0.904997
0.894997
0.884997
0.874996
0.864996
0.854996
0.844995
0.834995
0.824995
0.814994
0.804994
0.794993
0.784993
0.774993
0.764992
0.754992
0.744991
0.734991
0.724991
0.71499
0.70499
0.69499
0.684989
0.674989
0.664989
0.654989
0.644988
0.634988
0.624988
0.614988
0.604987
0.594987
0.584987
0.574987
0.564987
0.554987
0.544986
0.534986
0.524986
0.514986
0.504986
0.494986
0.484986
0.474986
0.464986
0.454986
0.444986
0.434986
0.424986
0.414986
0.404986
0.394986
0.384986
0.374986
0.364987
0.354987
0.344987
0.334987
0.324987
0.314988
0.304988
0.294988
0.284988
0.274989
0.264989
0.254989
0.24499
0.23499
0.22499
0.214991
0.204991
0.194991
0.184992
0.174992
0.164993
0.154993
0.144993
0.134994
0.124994
0.114995
0.104995
0.0949957
0.0849961
0.0749965
0.064997
0.0549974
0.0449978
0.0349983
0.0249988
0.0149992
0.00499975
0.995
0.984999
0.974999
0.964998
0.954998
0.944998
0.934997
0.924997
0.914997
0.904997
0.894997
0.884997
0.874996
0.864996
0.854996
0.844995
0.834995
0.824995
0.814994
0.804994
0.794993
0.784993
0.774993
0.764992
0.754992
0.744991
0.734991
0.724991
0.71499
0.70499
0.69499
0.684989
0.674989
0.664989
0.654989
0.644988
0.634988
0.624988
0.614988
0.604987
0.594987
0.584987
0.574987
0.564987
0.554987
0.544986
0.534986
0.524986
0.514986
0.504986
0.494986
0.484986
0.474986
0.464986
0.454986
0.444986
0.434986
0.424986
0.414986
0.404986
0.394986
0.384986
0.374986
0.364987
0.354987
0.344987
0.334987
0.324987
0.314988
0.304988
0.294988
0.284988
0.274989
0.264989
0.254989
0.24499
0.23499
0.22499
0.214991
0.204991
0.194991
0.184992
0.174992
0.164993
0.154993
0.144994
0.134994
0.124994
0.114995
0.104995
0.0949957
0.0849961
0.0749966
0.064997
0.0549974
0.0449979
0.0349983
0.0249988
0.0149992
0.00499975
0.995
0.984999
0.974999
0.964998
0.954998
0.944998
0.934997
0.924997
0.914997
0.904997
0.894997
0.884996
0.874996
0.864996
0.854996
0.844995
0.834995
0.824995
0.814994
0.804994
0.794993
0.784993
0.774993
0.764992
0.754992
0.744991
0.734991
0.724991
0.71499
0.70499
0.69499
0.684989
0.674989
0.664989
0.654989
0.644988
0.634988
0.624988
0.614988
0.604987
0.594987
0.584987
0.574987
0.564987
0.554987
0.544986
0.534986
0.524986
0.514986
0.504986
0.494986
0.484986
0.474986
0.464986
0.454986
0.444986
0.434986
0.424986
0.414986
0.404986
0.394986
0.384986
0.374986
0.364987
0.354987
0.344987
0.334987
0.324987
0.314988
0.304988
0.294988
0.284988
0.274989
0.264989
0.254989
0.24499
0.23499
0.22499
0.214991
0.204991
0.194991
0.184992
0.174992
0.164993
0.154993
0.144994
0.134994
0.124994
0.114995
0.104995
0.0949957
0.0849961
0.0749966
0.064997
0.0549974
0.0449979
0.0349983
0.0249988
0.0149992
0.00499975
0.995
0.984999
0.974999
0.964998
0.954998
0.944998
0.934997
0.924997
0.914997
0.904997
0.894997
0.884996
0.874996
0.864996
0.854996
0.844995
0.834995
0.824995
0.814994
0.804994
0.794993
0.784993
0.774993
0.764992
0.754992
0.744991
0.734991
0.724991
0.71499
0.70499
0.69499
0.684989
0.674989
0.664989
0.654989
0.644988
0.634988
0.624988
0.614988
0.604987
0.594987
0.584987
0.574987
0.564987
0.554987
0.544986
0.534986
0.524986
0.514986
0.504986
0.494986
0.484986
0.474986
0.464986
0.454986
0.444986
0.434986
0.424986
0.414986
0.404986
0.394986
0.384986
0.374986
0.364987
0.354987
0.344987
0.334987
0.324987
0.314988
0.304988
0.294988
0.284988
0.274989
0.264989
0.254989
0.24499
0.23499
0.22499
0.214991
0.204991
0.194991
0.184992
0.174992
0.164993
0.154993
0.144994
0.134994
0.124994
0.114995
0.104995
0.0949957
0.0849961
0.0749966
0.064997
0.0549974
0.0449979
0.0349983
0.0249988
0.0149992
0.00499975
0.995
0.984999
0.974999
0.964998
0.954998
0.944998
0.934997
0.924997
0.914997
0.904997
0.894997
0.884996
0.874996
0.864996
0.854996
0.844995
0.834995
0.824995
0.814994
0.804994
0.794993
0.784993
0.774993
0.764992
0.754992
0.744991
0.734991
0.724991
0.71499
0.70499
0.69499
0.684989
0.674989
0.664989
0.654989
0.644988
0.634988
0.624988
0.614988
0.604987
0.594987
0.584987
0.574987
0.564987
0.554987
0.544986
0.534986
0.524986
0.514986
0.504986
0.494986
0.484986
0.474986
0.464986
0.454986
0.444986
0.434986
0.424986
0.414986
0.404986
0.394986
0.384986
0.374986
0.364987
0.354987
0.344987
0.334987
0.324987
0.314988
0.304988
0.294988
0.284988
0.274989
0.264989
0.254989
0.24499
0.23499
0.22499
0.214991
0.204991
0.194991
0.184992
0.174992
0.164993
0.154993
0.144994
0.134994
0.124994
0.114995
0.104995
0.0949957
0.0849961
0.0749966
0.064997
0.0549974
0.0449979
0.0349983
0.0249988
0.0149992
0.00499975
0.995
0.984999
0.974998
0.964998
0.954998
0.944998
0.934997
0.924997
0.914997
0.904997
0.894997
0.884996
0.874996
0.864996
0.854996
0.844995
0.834995
0.824995
0.814994
0.804994
0.794993
0.784993
0.774993
0.764992
0.754992
0.744991
0.734991
0.724991
0.71499
0.70499
0.69499
0.684989
0.674989
0.664989
0.654989
0.644988
0.634988
0.624988
0.614988
0.604987
0.594987
0.584987
0.574987
0.564987
0.554987
0.544986
0.534986
0.524986
0.514986
0.504986
0.494986
0.484986
0.474986
0.464986
0.454986
0.444986
0.434986
0.424986
0.414986
0.404986
0.394986
0.384986
0.374986
0.364987
0.354987
0.344987
0.334987
0.324987
0.314988
0.304988
0.294988
0.284988
0.274989
0.264989
0.254989
0.24499
0.23499
0.22499
0.214991
0.204991
0.194991
0.184992
0.174992
0.164993
0.154993
0.144994
0.134994
0.124994
0.114995
0.104995
0.0949957
0.0849961
0.0749966
0.064997
0.0549974
0.0449979
0.0349983
0.0249988
0.0149992
0.00499975
0.995
0.984999
0.974998
0.964998
0.954998
0.944997
0.934997
0.924997
0.914997
0.904997
0.894997
0.884996
0.874996
0.864996
0.854996
0.844995
0.834995
0.824995
0.814994
0.804994
0.794993
0.784993
0.774993
0.764992
0.754992
0.744991
0.734991
0.724991
0.71499
0.70499
0.69499
0.684989
0.674989
0.664989
0.654989
0.644988
0.634988
0.624988
0.614988
0.604987
0.594987
0.584987
0.574987
0.564987
0.554987
0.544986
0.534986
0.524986
0.514986
0.504986
0.494986
0.484986
0.474986
0.464986
0.454986
0.444986
0.434986
0.424986
0.414986
0.404986
0.394986
0.384986
0.374986
0.364987
0.354987
0.344987
0.334987
0.324987
0.314988
0.304988
0.294988
0.284988
0.274989
0.264989
0.254989
0.24499
0.23499
0.22499
0.214991
0.204991
0.194991
0.184992
0.174992
0.164993
0.154993
0.144994
0.134994
0.124994
0.114995
0.104995
0.0949957
0.0849961
0.0749966
0.064997
0.0549974
0.0449979
0.0349983
0.0249988
0.0149992
0.00499975
0.995
0.984999
0.974998
0.964998
0.954998
0.944997
0.934997
0.924997
0.914997
0.904997
0.894997
0.884996
0.874996
0.864996
0.854996
0.844995
0.834995
0.824995
0.814994
0.804994
0.794993
0.784993
0.774993
0.764992
0.754992
0.744991
0.734991
0.724991
0.71499
0.70499
0.69499
0.684989
0.674989
0.664989
0.654989
0.644988
0.634988
0.624988
0.614988
0.604987
0.594987
0.584987
0.574987
0.564987
0.554987
0.544986
0.534986
0.524986
0.514986
0.504986
0.494986
0.484986
0.474986
0.464986
0.454986
0.444986
0.434986
0.424986
0.414986
0.404986
0.394986
0.384986
0.374986
0.364987
0.354987
0.344987
0.334987
0.324987
0.314988
0.304988
0.294988
0.284988
0.274989
0.264989
0.254989
0.24499
0.23499
0.22499
0.214991
0.204991
0.194991
0.184992
0.174992
0.164993
0.154993
0.144994
0.134994
0.124994
0.114995
0.104995
0.0949957
0.0849961
0.0749966
0.064997
0.0549974
0.0449979
0.0349983
0.0249988
0.0149992
0.00499975
0.995
0.984999
0.974998
0.964998
0.954998
0.944997
0.934997
0.924997
0.914997
0.904997
0.894997
0.884996
0.874996
0.864996
0.854996
0.844995
0.834995
0.824995
0.814994
0.804994
0.794993
0.784993
0.774993
0.764992
0.754992
0.744991
0.734991
0.724991
0.71499
0.70499
0.69499
0.684989
0.674989
0.664989
0.654989
0.644988
0.634988
0.624988
0.614988
0.604987
0.594987
0.584987
0.574987
0.564987
0.554987
0.544986
0.534986
0.524986
0.514986
0.504986
0.494986
0.484986
0.474986
0.464986
0.454986
0.444986
0.434986
0.424986
0.414986
0.404986
0.394986
0.384986
0.374986
0.364987
0.354987
0.344987
0.334987
0.324987
0.314988
0.304988
0.294988
0.284988
0.274989
0.264989
0.254989
0.24499
0.23499
0.22499
0.214991
0.204991
0.194991
0.184992
0.174992
0.164993
0.154993
0.144994
0.134994
0.124994
0.114995
0.104995
0.0949957
0.0849961
0.0749966
0.064997
0.0549974
0.0449979
0.0349983
0.0249988
0.0149993
0.00499975
)
;

boundaryField
{
    Adiabatic_walls
    {
        type            zeroGradient;
    }
    Left
    {
        type            fixedValue;
        value           uniform 1;
    }
    Right
    {
        type            fixedValue;
        value           uniform 0;
    }
    frontAndBack
    {
        type            empty;
    }
}


// ************************************************************************* //
