93.9692620786	-34.2020143326
94.5518575599	-32.5568154457
95.1056516295	-30.9016994375
95.6304755963	-29.2371704723
96.1261695938	-27.5637355817
96.5925826289	-25.8819045103
97.0295726276	-24.19218956
97.4370064785	-22.4951054344
97.8147600734	-20.7911690818
98.1627183448	-19.0808995377
98.4807753012	-17.3648177667
98.7688340595	-15.643446504
99.0268068742	-13.917310096
99.2546151641	-12.1869343405
99.4521895368	-10.4528463268
99.6194698092	-8.7155742748
99.756405026	-6.9756473744
99.8629534755	-5.2335956243
99.9390827019	-3.4899496703
99.9847695156	-1.7452406437
100	0
99.9847695156	1.7452406437
99.9390827019	3.4899496703
99.8629534755	5.2335956243
99.756405026	6.9756473744
99.6194698092	8.7155742748
99.4521895368	10.4528463268
99.2546151641	12.1869343405
99.0268068742	13.917310096
98.7688340595	15.643446504
98.4807753012	17.3648177667
98.1627183448	19.0808995377
97.8147600734	20.7911690818
97.4370064785	22.4951054344
97.0295726276	24.19218956
96.5925826289	25.8819045103
96.1261695938	27.5637355817
95.6304755963	29.2371704723
95.1056516295	30.9016994375
94.5518575599	32.5568154457
93.9692620786	34.2020143326
