0.005	1
0.01	2
0.015	3
0.02	3
0.025	3
0.03	4
0.035	5
0.04	6
0.045	6
0.05	7
0.055	7
0.06	7
0.065	8
0.07	8
0.075	9
0.08	9
0.085	10
0.09	10
0.095	11
0.1	12
0.105	13
0.11	13
0.115	14
0.12	14
0.125	15
0.13	16
0.135	16
0.14	16
0.145	17
0.15	17
0.155	17
0.16	18
0.165	19
0.17	19
0.175	20
0.18	20
0.185	21
0.19	22
0.195	22
0.2	23
0.205	23
0.21	24
0.215	24
0.22	25
0.225	25
0.23	25
0.235	26
0.24	26
0.245	26
0.25	27
0.255	27
0.26	28
0.265	28
0.27	29
0.275	30
0.28	30
0.285	31
0.29	32
0.295	32
0.3	32
0.305	33
0.31	33
0.315	33
0.32	34
0.325	34
0.33	34
0.335	35
0.34	36
0.345	36
0.35	36
0.355	37
0.36	38
0.365	38
0.37	39
0.375	40
0.38	40
0.385	41
0.39	41
0.395	41
0.4	42
0.405	42
0.41	43
0.415	43
0.42	43
0.425	44
0.43	44
0.435	45
0.44	45
0.445	45
0.45	46
0.455	46
0.46	47
0.465	47
0.47	48
0.475	48
0.48	49
0.485	49
0.49	49
0.495	50
0.5	50
0.505	50
0.51	51
0.515	51
0.52	51
0.525	52
0.53	52
0.535	53
0.54	53
0.545	53
0.55	53
0.555	54
0.56	54
0.565	54
0.57	55
0.575	55
0.58	55
0.585	56
0.59	56
0.595	57
0.6	57
0.605	58
0.61	59
0.615	59
0.62	59
0.625	59
0.63	60
0.635	61
0.64	61
0.645	62
0.65	62
0.655	62
0.66	63
0.665	63
0.67	64
0.675	64
0.68	64
0.685	65
0.69	65
0.695	65
0.7	66
0.705	66
0.71	67
0.715	67
0.72	68
0.725	69
0.73	69
0.735	70
0.74	71
0.745	71
0.75	72
0.755	72
0.76	73
0.765	73
0.77	74
0.775	74
0.78	75
0.785	76
0.79	76
0.795	76
0.8	77
0.805	77
0.81	78
0.815	79
0.82	79
0.825	80
0.83	81
0.835	81
0.84	82
0.845	82
0.85	83
0.855	83
0.86	84
0.865	84
0.87	84
0.875	85
0.88	85
0.885	85
0.89	86
0.895	87
0.9	87
0.905	87
0.91	88
0.915	89
0.92	89
0.925	89
0.93	90
0.935	90
0.94	90
0.945	91
0.95	92
0.955	93
0.96	93
0.965	93
0.97	94
0.975	94
0.98	95
0.985	96
0.99	96
0.995	96
1	97
1.005	97
1.01	97
1.015	98
1.02	98
1.025	98
1.03	99
1.035	99
1.04	100
1.045	100
1.05	100
1.055	101
1.06	102
1.065	102
1.07	102
1.075	102
1.08	103
1.085	103
1.09	104
1.095	104
1.1	105
1.105	105
1.11	106
1.115	106
1.12	106
1.125	107
1.13	108
1.135	108
1.14	109
1.145	109
1.15	110
1.155	110
1.16	111
1.165	111
1.17	112
1.175	113
1.18	113
1.185	113
1.19	113
1.195	114
1.2	114
1.205	114
1.21	115
1.215	115
1.22	116
1.225	116
1.23	117
1.235	117
1.24	117
1.245	117
1.25	118
1.255	119
1.26	119
1.265	119
1.27	120
1.275	120
1.28	120
1.285	121
1.29	121
1.295	122
1.3	122
1.305	122
1.31	123
1.315	123
1.32	123
1.325	124
1.33	124
1.335	124
1.34	125
1.345	125
1.35	125
1.355	126
1.36	126
1.365	126
1.37	126
1.375	127
1.38	127
1.385	128
1.39	128
1.395	129
1.4	129
1.405	129
1.41	130
1.415	130
1.42	130
1.425	131
1.43	131
1.435	131
1.44	132
1.445	132
1.45	133
1.455	133
1.46	134
1.465	134
1.47	134
1.475	135
1.48	135
1.485	135
1.49	136
1.495	136
1.5	136
1.505	137
1.51	137
1.515	137
1.52	138
1.525	138
1.53	138
1.535	139
1.54	139
1.545	139
1.55	140
1.555	140
1.56	140
1.565	140
1.57	141
1.575	141
1.58	141
1.585	142
1.59	142
1.595	142
1.6	143
1.605	143
1.61	143
1.615	143
1.62	144
1.625	144
1.63	145
1.635	145
1.64	146
1.645	146
1.65	146
1.655	147
1.66	147
1.665	147
1.67	148
1.675	148
1.68	149
1.685	149
1.69	149
1.695	150
1.7	150
1.705	151
1.71	151
1.715	151
1.72	152
1.725	152
1.73	152
1.735	153
1.74	153
1.745	153
1.75	153
1.755	154
1.76	154
1.765	154
1.77	155
1.775	155
1.78	155
1.785	155
1.79	156
1.795	156
1.8	156
1.805	157
1.81	157
1.815	157
1.82	158
1.825	158
1.83	158
1.835	158
1.84	159
1.845	159
1.85	159
1.855	160
1.86	160
1.865	161
1.87	161
1.875	161
1.88	162
1.885	162
1.89	162
1.895	162
1.9	163
1.905	163
1.91	164
1.915	164
1.92	164
1.925	165
1.93	165
1.935	166
1.94	166
1.945	166
1.95	167
1.955	167
1.96	167
1.965	168
1.97	168
1.975	168
1.98	169
1.985	169
1.99	170
1.995	170
2	170
2.005	170
2.01	171
2.015	171
2.02	171
2.025	172
2.03	172
2.035	172
2.04	173
2.045	173
2.05	173
2.055	174
2.06	174
2.065	174
2.07	174
2.075	175
2.08	175
2.085	175
2.09	176
2.095	176
2.1	176
2.105	177
2.11	177
2.115	177
2.12	177
2.125	178
2.13	178
2.135	178
2.14	179
2.145	179
2.15	179
2.155	180
2.16	180
2.165	180
2.17	180
2.175	181
2.18	181
2.185	182
2.19	182
2.195	183
2.2	183
2.205	183
2.21	184
2.215	184
2.22	184
2.225	185
2.23	185
2.235	186
2.24	186
2.245	187
2.25	187
2.255	187
2.26	187
2.265	188
2.27	188
2.275	188
2.28	189
2.285	189
2.29	189
2.295	189
2.3	190
2.305	190
2.31	190
2.315	191
2.32	191
2.325	191
2.33	192
2.335	192
2.34	192
2.345	193
2.35	193
2.355	194
2.36	194
2.365	194
2.37	195
2.375	195
2.38	195
2.385	195
2.39	196
2.395	196
2.4	197
2.405	197
2.41	197
2.415	197
2.42	198
2.425	198
2.43	198
2.435	198
2.44	199
2.445	199
2.45	199
2.455	199
2.46	200
2.465	200
2.47	201
2.475	201
2.48	202
2.485	202
2.49	202
2.495	203
2.5	203
2.505	203
2.51	203
2.515	204
2.52	204
2.525	204
2.53	204
2.535	205
2.54	205
2.545	206
2.55	206
2.555	206
2.56	207
2.565	207
2.57	208
2.575	208
2.58	208
2.585	209
2.59	209
2.595	209
2.6	209
2.605	210
2.61	210
2.615	211
2.62	211
2.625	211
2.63	212
2.635	212
2.64	212
2.645	213
2.65	213
2.655	213
2.66	213
2.665	214
2.67	214
2.675	214
2.68	214
2.685	215
2.69	215
2.695	216
2.7	216
2.705	216
2.71	216
2.715	217
2.72	217
2.725	218
2.73	218
2.735	219
2.74	219
2.745	219
2.75	219
2.755	220
2.76	220
2.765	220
2.77	220
2.775	221
2.78	221
2.785	221
2.79	221
2.795	222
2.8	222
2.805	222
2.81	222
2.815	223
2.82	223
2.825	223
2.83	224
2.835	224
2.84	224
2.845	225
2.85	225
2.855	226
2.86	226
2.865	226
2.87	226
2.875	227
2.88	227
2.885	227
2.89	228
2.895	228
2.9	228
2.905	229
2.91	229
2.915	229
2.92	230
2.925	230
2.93	231
2.935	231
2.94	231
2.945	232
2.95	232
2.955	232
2.96	233
2.965	233
2.97	234
2.975	234
2.98	234
2.985	234
2.99	235
2.995	235
3	236
3.005	236
3.01	236
3.015	237
3.02	237
3.025	238
3.03	238
3.035	238
3.04	238
3.045	239
3.05	239
3.055	240
3.06	240
3.065	240
3.07	240
3.075	241
3.08	241
3.085	242
3.09	242
3.095	242
3.1	243
3.105	243
3.11	243
3.115	244
3.12	244
3.125	244
3.13	245
3.135	245
3.14	245
3.145	245
3.15	246
3.155	246
3.16	246
3.165	246
3.17	247
3.175	247
3.18	247
3.185	248
3.19	248
3.195	248
3.2	248
3.205	249
3.21	249
3.215	249
3.22	250
3.225	250
3.23	250
3.235	250
3.24	251
3.245	251
3.25	251
3.255	251
3.26	252
3.265	252
3.27	253
3.275	253
3.28	254
3.285	254
3.29	255
3.295	255
3.3	255
3.305	256
3.31	256
3.315	256
3.32	257
3.325	257
3.33	257
3.335	258
3.34	258
3.345	258
3.35	259
3.355	259
3.36	260
3.365	260
3.37	260
3.375	261
3.38	261
3.385	261
3.39	261
3.395	262
3.4	262
3.405	262
3.41	263
3.415	263
3.42	264
3.425	264
3.43	264
3.435	264
3.44	265
3.445	265
3.45	265
3.455	265
3.46	266
3.465	266
3.47	266
3.475	266
3.48	267
3.485	267
3.49	267
3.495	267
3.5	268
3.505	268
3.51	269
3.515	269
3.52	269
3.525	270
3.53	270
3.535	270
3.54	271
3.545	271
3.55	271
3.555	271
3.56	272
3.565	272
3.57	273
3.575	273
3.58	274
3.585	274
3.59	274
3.595	275
3.6	275
3.605	275
3.61	275
3.615	276
3.62	276
3.625	276
3.63	276
3.635	277
3.64	277
3.645	277
3.65	278
3.655	278
3.66	278
3.665	279
3.67	279
3.675	279
3.68	280
3.685	280
3.69	280
3.695	280
3.7	281
3.705	281
3.71	281
3.715	282
3.72	282
3.725	283
3.73	283
3.735	283
3.74	284
3.745	284
3.75	284
3.755	285
3.76	285
3.765	285
3.77	285
3.775	286
3.78	286
3.785	286
3.79	287
3.795	287
3.8	287
3.805	287
3.81	288
3.815	288
3.82	288
3.825	288
3.83	288
3.835	289
3.84	289
3.845	289
3.85	289
3.855	289
3.86	290
3.865	290
3.87	290
3.875	290
3.88	290
3.885	291
3.89	291
3.895	291
3.9	291
3.905	291
3.91	292
3.915	292
3.92	292
3.925	292
3.93	292
3.935	293
3.94	293
3.945	293
3.95	293
3.955	293
3.96	294
3.965	294
3.97	294
3.975	294
3.98	295
3.985	295
3.99	295
3.995	295
4	295
4.005	296
4.01	296
4.015	296
4.02	296
4.025	296
4.03	297
4.035	297
4.04	297
4.045	297
4.05	297
4.055	298
4.06	298
4.065	298
4.07	298
4.075	298
4.08	299
4.085	299
4.09	299
4.095	299
4.1	299
4.105	300
4.11	300
4.115	300
4.12	300
4.125	300
4.13	301
4.135	301
4.14	301
4.145	301
4.15	301
4.155	302
4.16	302
4.165	302
4.17	302
4.175	303
4.18	303
4.185	303
4.19	303
4.195	303
4.2	303
4.205	304
4.21	304
4.215	304
4.22	304
4.225	304
4.23	305
4.235	305
4.24	305
4.245	305
4.25	305
4.255	306
4.26	306
4.265	306
4.27	306
4.275	306
4.28	307
4.285	307
4.29	307
4.295	307
4.3	307
4.305	308
4.31	308
4.315	308
4.32	308
4.325	308
4.33	309
4.335	309
4.34	309
4.345	309
4.35	310
4.355	310
4.36	310
4.365	310
4.37	310
4.375	310
4.38	311
4.385	311
4.39	311
4.395	311
4.4	311
4.405	312
4.41	312
4.415	312
4.42	312
4.425	312
4.43	313
4.435	313
4.44	313
4.445	313
4.45	313
4.455	314
4.46	314
4.465	314
4.47	314
4.475	314
4.48	315
4.485	315
4.49	315
4.495	315
4.5	315
4.505	316
4.51	316
4.515	316
4.52	316
4.525	316
4.53	317
4.535	317
4.54	317
4.545	317
4.55	317
4.555	318
4.56	318
4.565	318
4.57	318
4.575	318
4.58	319
4.585	319
4.59	319
4.595	319
4.6	319
4.605	320
4.61	320
4.615	320
4.62	320
4.625	320
4.63	321
4.635	321
4.64	321
4.645	321
4.65	321
4.655	322
4.66	322
4.665	322
4.67	322
4.675	323
4.68	323
4.685	323
4.69	323
4.695	323
4.7	324
4.705	324
4.71	324
4.715	324
4.72	324
4.725	325
4.73	325
4.735	325
4.74	325
4.745	325
4.75	326
4.755	326
4.76	326
4.765	326
4.77	327
4.775	327
4.78	327
4.785	328
4.79	328
4.795	329
4.8	329
4.805	329
4.81	330
4.815	330
4.82	330
4.825	331
4.83	331
4.835	331
4.84	331
4.845	332
4.85	332
4.855	332
4.86	332
4.865	333
4.87	333
4.875	333
4.88	334
4.885	334
4.89	334
4.895	334
4.9	335
4.905	335
4.91	335
4.915	335
4.92	336
4.925	336
4.93	337
4.935	337
4.94	337
4.945	338
4.95	338
4.955	339
4.96	339
4.965	339
4.97	340
4.975	340
4.98	340
4.985	340
4.99	341
4.995	341
5	341
5.005	341
5.01	341
5.015	342
5.02	342
5.025	342
5.03	342
5.035	343
5.04	343
5.045	343
5.05	344
5.055	344
5.06	344
5.065	345
5.07	345
5.075	345
5.08	346
5.085	346
5.09	346
5.095	346
5.1	347
5.105	347
5.11	347
5.115	347
5.12	348
5.125	348
5.13	348
5.135	348
5.14	349
5.145	349
5.15	350
5.155	350
5.16	350
5.165	351
5.17	351
5.175	351
5.18	352
5.185	352
5.19	352
5.195	352
5.2	353
5.205	353
5.21	353
5.215	354
5.22	354
5.225	355
5.23	355
5.235	355
5.24	355
5.245	356
5.25	356
5.255	356
5.26	357
5.265	357
5.27	357
5.275	357
5.28	358
5.285	358
5.29	358
5.295	358
5.3	359
5.305	359
5.31	359
5.315	360
5.32	360
5.325	360
5.33	360
5.335	361
5.34	361
5.345	361
5.35	361
5.355	362
5.36	362
5.365	362
5.37	362
5.375	363
5.38	363
5.385	363
5.39	363
5.395	364
5.4	364
5.405	364
5.41	364
5.415	365
5.42	365
5.425	365
5.43	365
5.435	366
5.44	366
5.445	366
5.45	366
5.455	367
5.46	367
5.465	367
5.47	367
5.475	368
5.48	368
5.485	368
5.49	368
5.495	369
5.5	369
5.505	369
5.51	369
5.515	369
5.52	370
5.525	370
5.53	370
5.535	370
5.54	371
5.545	371
5.55	371
5.555	371
5.56	372
5.565	372
5.57	372
5.575	373
5.58	373
5.585	373
5.59	373
5.595	373
5.6	374
5.605	374
5.61	375
5.615	375
5.62	375
5.625	376
5.63	376
5.635	376
5.64	377
5.645	377
5.65	377
5.655	377
5.66	378
5.665	378
5.67	378
5.675	378
5.68	378
5.685	379
5.69	379
5.695	379
5.7	379
5.705	380
5.71	380
5.715	380
5.72	380
5.725	381
5.73	381
5.735	381
5.74	381
5.745	381
5.75	382
5.755	382
5.76	382
5.765	382
5.77	383
5.775	383
5.78	383
5.785	384
5.79	384
5.795	384
5.8	384
5.805	385
5.81	385
5.815	385
5.82	385
5.825	386
5.83	386
5.835	386
5.84	386
5.845	387
5.85	387
5.855	387
5.86	387
5.865	388
5.87	388
5.875	388
5.88	388
5.885	389
5.89	389
5.895	389
5.9	390
5.905	390
5.91	390
5.915	391
5.92	391
5.925	391
5.93	392
5.935	392
5.94	392
5.945	393
5.95	393
5.955	393
5.96	393
5.965	393
5.97	394
5.975	394
5.98	395
5.985	395
5.99	395
5.995	395
6	396
6.005	396
6.01	396
6.015	396
6.02	396
6.025	397
6.03	397
6.035	397
6.04	397
6.045	398
6.05	398
6.055	398
6.06	398
6.065	399
6.07	399
6.075	399
6.08	399
6.085	400
6.09	400
6.095	400
6.1	400
6.105	401
6.11	401
6.115	401
6.12	401
6.125	402
6.13	402
6.135	402
6.14	402
6.145	402
6.15	403
6.155	403
6.16	403
6.165	404
6.17	404
6.175	404
6.18	405
6.185	405
6.19	405
6.195	405
6.2	406
6.205	406
6.21	406
6.215	406
6.22	407
6.225	407
6.23	407
6.235	408
6.24	408
6.245	408
6.25	409
6.255	409
6.26	409
6.265	409
6.27	409
6.275	410
6.28	410
6.285	410
6.29	410
6.295	411
6.3	411
6.305	411
6.31	411
6.315	412
6.32	412
6.325	412
6.33	412
6.335	412
6.34	413
6.345	413
6.35	413
6.355	414
6.36	414
6.365	414
6.37	415
6.375	415
6.38	415
6.385	415
6.39	416
6.395	416
6.4	417
6.405	417
6.41	417
6.415	418
6.42	418
6.425	418
6.43	418
6.435	419
6.44	419
6.445	419
6.45	420
6.455	420
6.46	420
6.465	420
6.47	421
6.475	421
6.48	421
6.485	421
6.49	422
6.495	422
6.5	422
6.505	422
6.51	423
6.515	423
6.52	423
6.525	424
6.53	424
6.535	424
6.54	424
6.545	425
6.55	425
6.555	425
6.56	425
6.565	426
6.57	426
6.575	426
6.58	427
6.585	427
6.59	427
6.595	427
6.6	427
6.605	428
6.61	428
6.615	429
6.62	429
6.625	429
6.63	430
6.635	430
6.64	430
6.645	430
6.65	431
6.655	431
6.66	431
6.665	431
6.67	432
6.675	432
6.68	432
6.685	432
6.69	433
6.695	433
6.7	433
6.705	433
6.71	433
6.715	434
6.72	434
6.725	434
6.73	435
6.735	435
6.74	435
6.745	435
6.75	436
6.755	436
6.76	436
6.765	437
6.77	437
6.775	437
6.78	437
6.785	438
6.79	438
6.795	438
6.8	439
6.805	439
6.81	439
6.815	440
6.82	440
6.825	440
6.83	440
6.835	441
6.84	441
6.845	441
6.85	442
6.855	442
6.86	442
6.865	442
6.87	443
6.875	443
6.88	443
6.885	444
6.89	444
6.895	444
6.9	445
6.905	445
6.91	445
6.915	445
6.92	446
6.925	446
6.93	446
6.935	447
6.94	447
6.945	447
6.95	447
6.955	448
6.96	448
6.965	448
6.97	449
6.975	449
6.98	449
6.985	449
6.99	449
6.995	450
7	450
7.005	450
7.01	451
7.015	451
7.02	451
7.025	451
7.03	451
7.035	452
7.04	452
7.045	452
7.05	452
7.055	453
7.06	453
7.065	453
7.07	453
7.075	453
7.08	454
7.085	454
7.09	454
7.095	454
7.1	455
7.105	455
7.11	455
7.115	455
7.12	455
7.125	456
7.13	456
7.135	456
7.14	456
7.145	457
7.15	457
7.155	457
7.16	457
7.165	458
7.17	458
7.175	458
7.18	458
7.185	459
7.19	459
7.195	459
7.2	459
7.205	460
7.21	460
7.215	460
7.22	461
7.225	461
7.23	461
7.235	461
7.24	462
7.245	462
7.25	462
7.255	463
7.26	463
7.265	463
7.27	463
7.275	464
7.28	464
7.285	464
7.29	464
7.295	464
7.3	465
7.305	465
7.31	465
7.315	465
7.32	466
7.325	466
7.33	466
7.335	466
7.34	466
7.345	467
7.35	467
7.355	467
7.36	467
7.365	467
7.37	468
7.375	468
7.38	468
7.385	468
7.39	469
7.395	469
7.4	469
7.405	469
7.41	470
7.415	470
7.42	470
7.425	470
7.43	470
7.435	471
7.44	471
7.445	471
7.45	471
7.455	472
7.46	472
7.465	472
7.47	472
7.475	473
7.48	473
7.485	473
7.49	473
7.495	473
7.5	474
7.505	474
7.51	474
7.515	475
7.52	475
7.525	475
7.53	475
7.535	475
7.54	476
7.545	476
7.55	476
7.555	476
7.56	477
7.565	477
7.57	477
7.575	477
7.58	478
7.585	478
7.59	478
7.595	478
7.6	478
7.605	479
7.61	479
7.615	479
7.62	479
7.625	480
7.63	480
7.635	480
7.64	480
7.645	480
7.65	481
7.655	481
7.66	481
7.665	481
7.67	482
7.675	482
7.68	482
7.685	482
7.69	482
7.695	483
7.7	483
7.705	483
7.71	483
7.715	484
7.72	484
7.725	484
7.73	484
7.735	485
7.74	485
7.745	485
7.75	485
7.755	486
7.76	486
7.765	486
7.77	486
7.775	487
7.78	487
7.785	487
7.79	487
7.795	488
7.8	488
7.805	488
7.81	489
7.815	489
7.82	489
7.825	489
7.83	490
7.835	490
7.84	490
7.845	490
7.85	491
7.855	491
7.86	491
7.865	491
7.87	492
7.875	492
7.88	492
7.885	492
7.89	493
7.895	493
7.9	493
7.905	493
7.91	493
7.915	494
7.92	494
7.925	494
7.93	494
7.935	495
7.94	495
7.945	495
7.95	495
7.955	496
7.96	496
7.965	496
7.97	497
7.975	497
7.98	497
7.985	498
7.99	498
7.995	498
8	498
8.005	499
8.01	499
8.015	499
8.02	499
8.025	500
8.03	500
8.035	500
8.04	500
8.045	501
8.05	501
8.055	501
8.06	502
8.065	502
8.07	502
8.075	502
8.08	503
8.085	503
8.09	503
8.095	503
8.1	503
8.105	504
8.11	504
8.115	504
8.12	504
8.125	504
8.13	505
8.135	505
8.14	505
8.145	506
8.15	506
8.155	506
8.16	506
8.165	507
8.17	507
8.175	507
8.18	507
8.185	507
8.19	508
8.195	508
8.2	508
8.205	508
8.21	509
8.215	509
8.22	509
8.225	509
8.23	509
8.235	510
8.24	510
8.245	510
8.25	510
8.255	511
8.26	511
8.265	511
8.27	512
8.275	512
8.28	512
8.285	512
8.29	513
8.295	513
8.3	513
8.305	513
8.31	513
8.315	514
8.32	514
8.325	514
8.33	515
8.335	515
8.34	515
8.345	515
8.35	515
8.355	516
8.36	516
8.365	516
8.37	516
8.375	517
8.38	517
8.385	517
8.39	518
8.395	518
8.4	518
8.405	518
8.41	518
8.415	519
8.42	519
8.425	519
8.43	519
8.435	520
8.44	520
8.445	520
8.45	520
8.455	521
8.46	521
8.465	521
8.47	521
8.475	521
8.48	522
8.485	522
8.49	522
8.495	522
8.5	523
8.505	523
8.51	523
8.515	523
8.52	523
8.525	524
8.53	524
8.535	524
8.54	524
8.545	525
8.55	525
8.555	525
8.56	525
8.565	525
8.57	526
8.575	526
8.58	526
8.585	526
8.59	527
8.595	527
8.6	527
8.605	527
8.61	527
8.615	528
8.62	528
8.625	528
8.63	528
8.635	528
8.64	529
8.645	529
8.65	529
8.655	529
8.66	530
8.665	530
8.67	530
8.675	530
8.68	530
8.685	531
8.69	531
8.695	531
8.7	531
8.705	532
8.71	532
8.715	532
8.72	532
8.725	533
8.73	533
8.735	533
8.74	533
8.745	534
8.75	534
8.755	534
8.76	534
8.765	535
8.77	535
8.775	535
8.78	535
8.785	536
8.79	536
8.795	536
8.8	536
8.805	537
8.81	537
8.815	537
8.82	537
8.825	538
8.83	538
8.835	538
8.84	538
8.845	539
8.85	539
8.855	539
8.86	539
8.865	540
8.87	540
8.875	540
8.88	540
8.885	540
8.89	541
8.895	541
8.9	541
8.905	541
8.91	542
8.915	542
8.92	542
8.925	542
8.93	543
8.935	543
8.94	543
8.945	543
8.95	543
8.955	544
8.96	544
8.965	544
8.97	544
8.975	545
8.98	545
8.985	545
8.99	545
8.995	546
9	546
9.005	546
9.01	547
9.015	547
9.02	547
9.025	547
9.03	547
9.035	548
9.04	548
9.045	548
9.05	548
9.055	549
9.06	549
9.065	549
9.07	549
9.075	550
9.08	550
9.085	550
9.09	550
9.095	551
9.1	551
9.105	551
9.11	551
9.115	551
9.12	552
9.125	552
9.13	552
9.135	552
9.14	552
9.145	553
9.15	553
9.155	553
9.16	554
9.165	554
9.17	554
9.175	554
9.18	555
9.185	555
9.19	555
9.195	555
9.2	556
9.205	556
9.21	556
9.215	556
9.22	557
9.225	557
9.23	557
9.235	557
9.24	558
9.245	558
9.25	558
9.255	558
9.26	559
9.265	559
9.27	559
9.275	559
9.28	559
9.285	560
9.29	560
9.295	560
9.3	560
9.305	561
9.31	561
9.315	561
9.32	561
9.325	561
9.33	562
9.335	562
9.34	562
9.345	563
9.35	563
9.355	563
9.36	563
9.365	563
9.37	564
9.375	564
9.38	564
9.385	564
9.39	565
9.395	565
9.4	565
9.405	565
9.41	566
9.415	566
9.42	566
9.425	567
9.43	567
9.435	567
9.44	567
9.445	567
9.45	568
9.455	568
9.46	568
9.465	569
9.47	569
9.475	569
9.48	569
9.485	570
9.49	570
9.495	570
9.5	570
9.505	571
9.51	571
9.515	571
9.52	571
9.525	572
9.53	572
9.535	572
9.54	572
9.545	572
9.55	573
9.555	573
9.56	573
9.565	573
9.57	573
9.575	574
9.58	574
9.585	574
9.59	575
9.595	575
9.6	575
9.605	575
9.61	576
9.615	576
9.62	576
9.625	576
9.63	577
9.635	577
9.64	577
9.645	578
9.65	578
9.655	578
9.66	578
9.665	578
9.67	579
9.675	579
9.68	579
9.685	579
9.69	580
9.695	580
9.7	580
9.705	580
9.71	581
9.715	581
9.72	581
9.725	581
9.73	581
9.735	582
9.74	582
9.745	582
9.75	583
9.755	583
9.76	583
9.765	584
9.77	584
9.775	584
9.78	585
9.785	585
9.79	585
9.795	585
9.8	586
9.805	586
9.81	586
9.815	586
9.82	587
9.825	587
9.83	587
9.835	587
9.84	587
9.845	588
9.85	588
9.855	588
9.86	589
9.865	589
9.87	589
9.875	589
9.88	590
9.885	590
9.89	590
9.895	590
9.9	591
9.905	591
9.91	591
9.915	591
9.92	591
9.925	592
9.93	592
9.935	592
9.94	592
9.945	593
9.95	593
9.955	593
9.96	593
9.965	593
9.97	594
9.975	594
9.98	594
9.985	594
9.99	595
9.995	595
10	595
