0.005	0.64
0.01	1.54
0.015	2.39
0.02	2.74
0.025	3.08
0.03	3.65
0.035	4.46
0.04	5.23
0.045	5.8
0.05	6.2
0.055	6.53
0.06	6.87
0.065	7.22
0.07	7.48
0.075	8.33
0.08	8.71
0.085	9.05
0.09	9.58
0.095	10.2
0.1	10.76
0.105	11.57
0.11	12.12
0.115	12.88
0.12	13.16
0.125	13.97
0.13	14.43
0.135	14.8
0.14	15.09
0.145	15.43
0.15	15.69
0.155	16.02
0.16	16.58
0.165	17.39
0.17	17.86
0.175	18.68
0.18	18.95
0.185	19.72
0.19	20.27
0.195	20.63
0.2	20.89
0.205	21.71
0.21	22.3
0.215	22.63
0.22	22.89
0.225	23.22
0.23	23.48
0.235	23.81
0.24	24.06
0.245	24.4
0.25	24.67
0.255	25.45
0.26	25.71
0.265	26.04
0.27	26.56
0.275	27.42
0.28	27.96
0.285	28.81
0.29	29.33
0.295	29.68
0.3	29.94
0.305	30.28
0.31	30.54
0.315	30.88
0.32	31.13
0.325	31.48
0.33	31.89
0.335	32.65
0.34	33.2
0.345	33.55
0.35	33.82
0.355	34.38
0.36	35.15
0.365	35.7
0.37	36.25
0.375	37.04
0.38	37.31
0.385	37.6
0.39	37.94
0.395	38.2
0.4	38.75
0.405	39.12
0.41	39.61
0.415	39.89
0.42	40.22
0.425	40.48
0.43	40.74
0.435	41.27
0.44	41.83
0.445	42.11
0.45	42.45
0.455	42.84
0.46	43.1
0.465	43.74
0.47	44.29
0.475	44.55
0.48	45.34
0.485	45.59
0.49	45.85
0.495	46.1
0.5	46.43
0.505	46.69
0.51	46.95
0.515	47.27
0.52	47.59
0.525	48.14
0.53	48.39
0.535	48.65
0.54	48.98
0.545	49.23
0.55	49.48
0.555	49.74
0.56	50.07
0.565	50.32
0.57	50.58
0.575	51.02
0.58	51.35
0.585	51.6
0.59	51.85
0.595	52.38
0.6	53.22
0.605	53.75
0.61	54.23
0.615	54.49
0.62	54.8
0.625	55.06
0.63	55.51
0.635	56.05
0.64	56.31
0.645	57.11
0.65	57.37
0.655	57.62
0.66	57.88
0.665	58.13
0.67	58.96
0.675	59.22
0.68	59.48
0.685	59.93
0.69	60.19
0.695	60.53
0.7	61.01
0.705	61.53
0.71	61.81
0.715	62.34
0.72	63.21
0.725	63.73
0.73	64.29
0.735	64.81
0.74	65.34
0.745	66.15
0.75	66.64
0.755	66.9
0.76	67.42
0.765	67.7
0.77	68.54
0.775	69.09
0.78	69.59
0.785	70.12
0.79	70.66
0.795	70.94
0.8	71.27
0.805	71.82
0.81	72.37
0.815	72.94
0.82	73.52
0.825	74.05
0.83	74.92
0.835	75.44
0.84	75.98
0.845	76.51
0.85	77
0.855	77.29
0.86	77.76
0.865	78
0.87	78.25
0.875	78.57
0.88	79.11
0.885	79.37
0.89	80.2
0.895	80.74
0.9	80.99
0.905	81.24
0.91	81.75
0.915	82.25
0.92	82.59
0.925	82.85
0.93	83.13
0.935	83.45
0.94	83.98
0.945	84.54
0.95	85.4
0.955	85.91
0.96	86.41
0.965	86.66
0.97	86.91
0.975	87.44
0.98	87.9
0.985	88.72
0.99	89.24
0.995	89.49
1	89.74
1.005	90
1.01	90.24
1.015	90.63
1.02	90.95
1.025	91.2
1.03	91.44
1.035	91.94
1.04	92.46
1.045	92.72
1.05	92.96
1.055	93.77
1.06	94.3
1.065	94.55
1.07	94.79
1.075	95.04
1.08	95.29
1.085	95.53
1.09	96.36
1.095	96.85
1.1	97.4
1.105	97.66
1.11	97.91
1.115	98.15
1.12	98.67
1.125	99.21
1.13	100.02
1.135	100.52
1.14	100.97
1.145	101.39
1.15	101.87
1.155	102.41
1.16	102.93
1.165	103.23
1.17	103.99
1.175	104.5
1.18	104.75
1.185	105.01
1.19	105.25
1.195	105.5
1.2	105.76
1.205	106.01
1.21	106.33
1.215	106.84
1.22	107.36
1.225	107.88
1.23	108.17
1.235	108.43
1.24	108.67
1.245	108.93
1.25	109.68
1.255	110.18
1.26	110.43
1.265	110.68
1.27	110.92
1.275	111.2
1.28	111.67
1.285	111.96
1.29	112.28
1.295	112.75
1.3	113.21
1.305	113.47
1.31	113.73
1.315	113.98
1.32	114.23
1.325	114.47
1.33	115.03
1.335	115.36
1.34	115.6
1.345	115.85
1.35	116.09
1.355	116.35
1.36	116.6
1.365	116.84
1.37	117.08
1.375	117.34
1.38	118.07
1.385	118.33
1.39	118.8
1.395	119.32
1.4	119.58
1.405	119.83
1.41	120.09
1.415	120.33
1.42	120.59
1.425	120.9
1.43	121.15
1.435	121.54
1.44	122.05
1.445	122.55
1.45	123.04
1.455	123.3
1.46	123.81
1.465	124.06
1.47	124.38
1.475	124.79
1.48	125.04
1.485	125.28
1.49	125.52
1.495	125.8
1.5	126.05
1.505	126.33
1.51	126.62
1.515	126.87
1.52	127.29
1.525	127.65
1.53	127.89
1.535	128.14
1.54	128.42
1.545	128.67
1.55	128.92
1.555	129.17
1.56	129.41
1.565	129.65
1.57	129.97
1.575	130.21
1.58	130.7
1.585	130.95
1.59	131.18
1.595	131.42
1.6	131.67
1.605	131.92
1.61	132.16
1.615	132.4
1.62	132.73
1.625	133.22
1.63	133.73
1.635	134.19
1.64	134.65
1.645	134.92
1.65	135.16
1.655	135.67
1.66	135.92
1.665	136.17
1.67	136.88
1.675	137.13
1.68	137.38
1.685	137.62
1.69	137.88
1.695	138.17
1.7	138.72
1.705	138.98
1.71	139.24
1.715	139.51
1.72	139.99
1.725	140.23
1.73	140.46
1.735	140.72
1.74	140.99
1.745	141.24
1.75	141.47
1.755	141.86
1.76	142.11
1.765	142.36
1.77	142.67
1.775	142.91
1.78	143.14
1.785	143.38
1.79	143.61
1.795	143.84
1.8	144.07
1.805	144.31
1.81	144.55
1.815	145.02
1.82	145.33
1.825	145.57
1.83	145.8
1.835	146.03
1.84	146.27
1.845	146.49
1.85	146.96
1.855	147.42
1.86	147.92
1.865	148.16
1.87	148.46
1.875	148.7
1.88	148.94
1.885	149.16
1.89	149.39
1.895	149.63
1.9	149.86
1.905	150.32
1.91	150.77
1.915	151.23
1.92	151.5
1.925	152.07
1.93	152.31
1.935	152.59
1.94	152.83
1.945	153.08
1.95	153.39
1.955	153.65
1.96	154.08
1.965	154.54
1.97	154.83
1.975	155.07
1.98	155.3
1.985	155.95
1.99	156.18
1.995	156.41
2	156.65
2.005	156.87
2.01	157.09
2.015	157.32
2.02	157.55
2.025	158.01
2.03	158.47
2.035	158.71
2.04	158.94
2.045	159.17
2.05	159.4
2.055	159.92
2.06	160.16
2.065	160.38
2.07	160.61
2.075	160.84
2.08	161.07
2.085	161.3
2.09	161.53
2.095	161.76
2.1	162.21
2.105	162.44
2.11	162.67
2.115	162.9
2.12	163.12
2.125	163.35
2.13	163.88
2.135	164.1
2.14	164.55
2.145	164.79
2.15	165.02
2.155	165.26
2.16	165.56
2.165	165.8
2.17	166.02
2.175	166.48
2.18	166.96
2.185	167.37
2.19	167.81
2.195	168.05
2.2	168.28
2.205	168.5
2.21	168.93
2.215	169.17
2.22	169.61
2.225	170.03
2.23	170.47
2.235	170.93
2.24	171.36
2.245	171.59
2.25	171.83
2.255	172.05
2.26	172.28
2.265	172.51
2.27	172.74
2.275	172.97
2.28	173.38
2.285	173.61
2.29	173.85
2.295	174.15
2.3	174.38
2.305	174.61
2.31	175.04
2.315	175.49
2.32	175.73
2.325	175.96
2.33	176.18
2.335	176.41
2.34	176.64
2.345	177.08
2.35	177.56
2.355	177.98
2.36	178.21
2.365	178.43
2.37	178.85
2.375	179.08
2.38	179.38
2.385	179.61
2.39	180.05
2.395	180.51
2.4	180.74
2.405	180.96
2.41	181.18
2.415	181.41
2.42	181.64
2.425	181.87
2.43	182.09
2.435	182.32
2.44	182.54
2.445	182.77
2.45	183.01
2.455	183.23
2.46	183.46
2.465	184.2
2.47	184.64
2.475	184.98
2.48	185.28
2.485	185.64
2.49	185.88
2.495	186.1
2.5	186.32
2.505	186.55
2.51	186.78
2.515	187.05
2.52	187.29
2.525	187.52
2.53	187.75
2.535	188.19
2.54	188.61
2.545	189.06
2.55	189.38
2.555	189.61
2.56	190.02
2.565	190.44
2.57	190.88
2.575	191.1
2.58	191.33
2.585	191.56
2.59	191.78
2.595	192
2.6	192.33
2.605	192.77
2.61	193.2
2.615	193.43
2.62	193.68
2.625	194.09
2.63	194.54
2.635	194.84
2.64	195.07
2.645	195.31
2.65	195.53
2.655	195.76
2.66	195.98
2.665	196.21
2.67	196.44
2.675	196.66
2.68	196.89
2.685	197.17
2.69	197.61
2.695	197.85
2.7	198.07
2.705	198.3
2.71	198.52
2.715	198.76
2.72	199.52
2.725	199.96
2.73	200.39
2.735	200.62
2.74	200.84
2.745	201.08
2.75	201.3
2.755	201.52
2.76	201.74
2.765	201.97
2.77	202.19
2.775	202.42
2.78	202.65
2.785	202.87
2.79	203.09
2.795	203.32
2.8	203.55
2.805	203.78
2.81	204.08
2.815	204.31
2.82	204.73
2.825	204.97
2.83	205.19
2.835	205.47
2.84	205.91
2.845	206.15
2.85	206.59
2.855	206.85
2.86	207.08
2.865	207.29
2.87	207.7
2.875	207.92
2.88	208.15
2.885	208.47
2.89	208.71
2.895	208.94
2.9	209.24
2.905	209.65
2.91	210.1
2.915	210.45
2.92	210.9
2.925	211.35
2.93	211.58
2.935	211.8
2.94	212.02
2.945	212.38
2.95	212.62
2.955	213
2.96	213.47
2.965	213.92
2.97	214.15
2.975	214.37
2.98	214.6
2.985	214.9
2.99	215.64
2.995	215.86
3	216.08
3.005	216.3
3.01	216.72
3.015	217.14
3.02	217.56
3.025	217.79
3.03	218.01
3.035	218.4
3.04	218.64
3.045	218.87
3.05	219.31
3.055	219.58
3.06	219.8
3.065	220.03
3.07	220.25
3.075	220.52
3.08	220.75
3.085	221.46
3.09	221.69
3.095	221.91
3.1	222.34
3.105	222.57
3.11	222.79
3.115	223.25
3.12	223.67
3.125	224.02
3.13	224.25
3.135	224.47
3.14	224.7
3.145	224.92
3.15	225.14
3.155	225.37
3.16	225.59
3.165	225.81
3.17	226.04
3.175	226.27
3.18	226.5
3.185	226.8
3.19	227.02
3.195	227.24
3.2	227.47
3.205	227.9
3.21	228.31
3.215	228.55
3.22	228.77
3.225	228.98
3.23	229.2
3.235	229.43
3.24	229.65
3.245	229.88
3.25	230.1
3.255	230.32
3.26	230.75
3.265	231.21
3.27	231.48
3.275	231.93
3.28	232.38
3.285	232.62
3.29	233.23
3.295	233.66
3.3	234.08
3.305	234.31
3.31	234.55
3.315	234.82
3.32	235.05
3.325	235.29
3.33	235.72
3.335	236.06
3.34	236.3
3.345	236.72
3.35	236.96
3.355	237.2
3.36	237.65
3.365	238.08
3.37	238.32
3.375	238.55
3.38	238.77
3.385	239
3.39	239.23
3.395	239.62
3.4	239.86
3.405	240.08
3.41	240.45
3.415	240.89
3.42	241.32
3.425	241.54
3.43	241.76
3.435	241.99
3.44	242.21
3.445	242.45
3.45	242.67
3.455	242.88
3.46	243.11
3.465	243.32
3.47	243.55
3.475	243.83
3.48	244.06
3.485	244.28
3.49	244.5
3.495	244.73
3.5	244.97
3.505	245.27
3.51	245.66
3.515	246.11
3.52	246.47
3.525	246.88
3.53	247.12
3.535	247.35
3.54	247.58
3.545	247.79
3.55	248.02
3.555	248.24
3.56	248.6
3.565	249.05
3.57	249.5
3.575	249.96
3.58	250.39
3.585	250.62
3.59	250.84
3.595	251.24
3.6	251.46
3.605	251.68
3.61	251.91
3.615	252.14
3.62	252.43
3.625	252.66
3.63	252.88
3.635	253.1
3.64	253.52
3.645	253.75
3.65	254.04
3.655	254.27
3.66	254.67
3.665	254.91
3.67	255.13
3.675	255.34
3.68	255.78
3.685	255.99
3.69	256.22
3.695	256.44
3.7	256.66
3.705	256.88
3.71	257.09
3.715	257.54
3.72	257.97
3.725	258.38
3.73	258.62
3.735	259.08
3.74	259.3
3.745	259.6
3.75	260.01
3.755	260.22
3.76	260.44
3.765	260.67
3.77	260.88
3.775	261.29
3.78	261.71
3.785	261.91
3.79	262.11
3.795	262.28
3.8	262.47
3.805	262.64
3.81	262.82
3.815	263
3.82	263.17
3.825	263.35
3.83	263.52
3.835	263.7
3.84	263.88
3.845	264.06
3.85	264.23
3.855	264.42
3.86	264.6
3.865	264.78
3.87	264.96
3.875	265.21
3.88	265.37
3.885	265.55
3.89	265.73
3.895	265.9
3.9	266.08
3.905	266.26
3.91	266.44
3.915	266.62
3.92	266.8
3.925	266.98
3.93	267.15
3.935	267.33
3.94	267.5
3.945	267.69
3.95	267.87
3.955	268.06
3.96	268.23
3.965	268.41
3.97	268.59
3.975	268.78
3.98	268.96
3.985	269.14
3.99	269.31
3.995	269.49
4	269.67
4.005	269.85
4.01	270.03
4.015	270.27
4.02	270.44
4.025	270.62
4.03	270.81
4.035	270.98
4.04	271.16
4.045	271.32
4.05	271.5
4.055	271.68
4.06	271.84
4.065	272.02
4.07	272.19
4.075	272.37
4.08	272.54
4.085	272.72
4.09	272.89
4.095	273.06
4.1	273.23
4.105	273.42
4.11	273.6
4.115	273.77
4.12	273.95
4.125	274.12
4.13	274.29
4.135	274.47
4.14	274.64
4.145	274.82
4.15	274.99
4.155	275.17
4.16	275.34
4.165	275.58
4.17	275.75
4.175	275.92
4.18	276.1
4.185	276.26
4.19	276.44
4.195	276.61
4.2	276.78
4.205	276.95
4.21	277.11
4.215	277.29
4.22	277.46
4.225	277.63
4.23	277.8
4.235	277.98
4.24	278.15
4.245	278.31
4.25	278.49
4.255	278.66
4.26	278.84
4.265	279.01
4.27	279.17
4.275	279.35
4.28	279.52
4.285	279.69
4.29	279.86
4.295	280.03
4.3	280.2
4.305	280.38
4.31	280.55
4.315	280.71
4.32	280.89
4.325	281.07
4.33	281.3
4.335	281.48
4.34	281.64
4.345	281.82
4.35	281.99
4.355	282.16
4.36	282.33
4.365	282.5
4.37	282.66
4.375	282.84
4.38	283.01
4.385	283.17
4.39	283.35
4.395	283.52
4.4	283.69
4.405	283.86
4.41	284.03
4.415	284.19
4.42	284.36
4.425	284.53
4.43	284.71
4.435	284.88
4.44	285.05
4.445	285.23
4.45	285.4
4.455	285.56
4.46	285.73
4.465	285.9
4.47	286.08
4.475	286.24
4.48	286.41
4.485	286.58
4.49	286.76
4.495	286.93
4.5	287.1
4.505	287.26
4.51	287.45
4.515	287.62
4.52	287.85
4.525	288.02
4.53	288.2
4.535	288.37
4.54	288.54
4.545	288.71
4.55	288.88
4.555	289.05
4.56	289.22
4.565	289.39
4.57	289.56
4.575	289.73
4.58	289.9
4.585	290.06
4.59	290.24
4.595	290.41
4.6	290.57
4.605	290.75
4.61	290.93
4.615	291.11
4.62	291.29
4.625	291.45
4.63	291.62
4.635	291.78
4.64	291.97
4.645	292.18
4.65	292.37
4.655	292.55
4.66	292.73
4.665	292.91
4.67	293.1
4.675	293.29
4.68	293.48
4.685	293.67
4.69	293.86
4.695	294.04
4.7	294.23
4.705	294.41
4.71	294.6
4.715	294.8
4.72	294.98
4.725	295.18
4.73	295.36
4.735	295.54
4.74	295.73
4.745	295.92
4.75	296.11
4.755	296.3
4.76	296.56
4.765	296.75
4.77	296.94
4.775	297.33
4.78	297.7
4.785	298.07
4.79	298.39
4.795	298.78
4.8	299.11
4.805	299.48
4.81	299.87
4.815	300.1
4.82	300.31
4.825	300.51
4.83	300.72
4.835	300.93
4.84	301.16
4.845	301.37
4.85	301.57
4.855	301.77
4.86	302.01
4.865	302.41
4.87	302.78
4.875	303.02
4.88	303.25
4.885	303.47
4.89	303.71
4.895	303.96
4.9	304.17
4.905	304.38
4.91	304.59
4.915	304.8
4.92	305.14
4.925	305.52
4.93	305.92
4.935	306.26
4.94	306.7
4.945	307.03
4.95	307.43
4.955	307.81
4.96	308.02
4.965	308.38
4.97	308.61
4.975	308.82
4.98	309.03
4.985	309.25
4.99	309.46
4.995	309.66
5	309.88
5.005	310.09
5.01	310.29
5.015	310.51
5.02	310.72
5.025	310.93
5.03	311.14
5.035	311.34
5.04	311.56
5.045	311.77
5.05	312.13
5.055	312.5
5.06	312.79
5.065	313.13
5.07	313.51
5.075	313.73
5.08	313.93
5.085	314.14
5.09	314.33
5.095	314.55
5.1	314.75
5.105	315.08
5.11	315.42
5.115	315.65
5.12	315.86
5.125	316.07
5.13	316.27
5.135	316.48
5.14	316.69
5.145	317.05
5.15	317.46
5.155	317.86
5.16	318.18
5.165	318.41
5.17	318.75
5.175	319.15
5.18	319.35
5.185	319.56
5.19	319.76
5.195	319.96
5.2	320.33
5.205	320.71
5.21	321
5.215	321.41
5.22	321.77
5.225	321.98
5.23	322.2
5.235	322.41
5.24	322.61
5.245	322.94
5.25	323.35
5.255	323.58
5.26	323.79
5.265	324.01
5.27	324.21
5.275	324.41
5.28	324.62
5.285	324.82
5.29	325.03
5.295	325.37
5.3	325.59
5.305	325.8
5.31	326.04
5.315	326.44
5.32	326.82
5.325	327.03
5.33	327.23
5.335	327.44
5.34	327.64
5.345	327.84
5.35	328.05
5.355	328.26
5.36	328.46
5.365	328.67
5.37	328.87
5.375	329.07
5.38	329.27
5.385	329.64
5.39	329.86
5.395	330.07
5.4	330.28
5.405	330.48
5.41	330.7
5.415	330.91
5.42	331.13
5.425	331.35
5.43	331.62
5.435	331.8
5.44	332.14
5.445	332.36
5.45	332.56
5.455	332.76
5.46	332.98
5.465	333.17
5.47	333.38
5.475	333.57
5.48	333.78
5.485	333.98
5.49	334.19
5.495	334.38
5.5	334.59
5.505	334.79
5.51	334.99
5.515	335.2
5.52	335.41
5.525	335.6
5.53	335.81
5.535	336.01
5.54	336.21
5.545	336.42
5.55	336.63
5.555	336.82
5.56	337.08
5.565	337.39
5.57	337.61
5.575	337.95
5.58	338.15
5.585	338.36
5.59	338.57
5.595	338.76
5.6	339.14
5.605	339.34
5.61	339.71
5.615	340.05
5.62	340.4
5.625	340.73
5.63	341.08
5.635	341.38
5.64	341.61
5.645	341.81
5.65	342.02
5.655	342.21
5.66	342.42
5.665	342.62
5.67	342.82
5.675	343.02
5.68	343.22
5.685	343.42
5.69	343.63
5.695	343.82
5.7	344.03
5.705	344.23
5.71	344.44
5.715	344.64
5.72	344.85
5.725	345.04
5.73	345.24
5.735	345.44
5.74	345.65
5.745	345.84
5.75	346.06
5.755	346.25
5.76	346.47
5.765	346.67
5.77	346.88
5.775	347.06
5.78	347.46
5.785	347.75
5.79	348.12
5.795	348.31
5.8	348.54
5.805	348.75
5.81	348.96
5.815	349.17
5.82	349.38
5.825	349.58
5.83	349.79
5.835	349.98
5.84	350.19
5.845	350.39
5.85	350.59
5.855	350.77
5.86	350.99
5.865	351.28
5.87	351.51
5.875	351.7
5.88	352.03
5.885	352.22
5.89	352.57
5.895	352.93
5.9	353.29
5.905	353.49
5.91	353.7
5.915	353.97
5.92	354.35
5.925	354.69
5.93	354.91
5.935	355.14
5.94	355.52
5.945	355.72
5.95	355.94
5.955	356.12
5.96	356.34
5.965	356.54
5.97	356.87
5.975	357.22
5.98	357.49
5.985	357.83
5.99	358.03
5.995	358.22
6	358.42
6.005	358.62
6.01	358.8
6.015	359.02
6.02	359.21
6.025	359.4
6.03	359.6
6.035	359.81
6.04	360.01
6.045	360.22
6.05	360.4
6.055	360.61
6.06	360.81
6.065	361.02
6.07	361.21
6.075	361.55
6.08	361.77
6.085	361.97
6.09	362.22
6.095	362.43
6.1	362.62
6.105	362.82
6.11	363.03
6.115	363.22
6.12	363.42
6.125	363.62
6.13	363.82
6.135	364.02
6.14	364.2
6.145	364.4
6.15	364.66
6.155	365
6.16	365.3
6.165	365.65
6.17	365.85
6.175	366.21
6.18	366.41
6.185	366.63
6.19	366.82
6.195	367.01
6.2	367.2
6.205	367.39
6.21	367.59
6.215	367.78
6.22	368.09
6.225	368.42
6.23	368.72
6.235	369.07
6.24	369.26
6.245	369.47
6.25	369.8
6.255	370
6.26	370.19
6.265	370.38
6.27	370.58
6.275	370.77
6.28	370.96
6.285	371.15
6.29	371.35
6.295	371.56
6.3	371.74
6.305	371.93
6.31	372.13
6.315	372.42
6.32	372.64
6.325	372.83
6.33	373.04
6.335	373.24
6.34	373.43
6.345	373.63
6.35	373.97
6.355	374.3
6.36	374.64
6.365	374.97
6.37	375.26
6.375	375.46
6.38	375.66
6.385	375.93
6.39	376.27
6.395	376.57
6.4	376.9
6.405	377.23
6.41	377.56
6.415	377.77
6.42	377.99
6.425	378.19
6.43	378.51
6.435	378.82
6.44	379.17
6.445	379.37
6.45	379.72
6.455	379.92
6.46	380.11
6.465	380.3
6.47	380.49
6.475	380.68
6.48	380.88
6.485	381.14
6.49	381.34
6.495	381.56
6.5	381.84
6.505	382.18
6.51	382.49
6.515	382.7
6.52	382.98
6.525	383.18
6.53	383.39
6.535	383.58
6.54	383.81
6.545	384
6.55	384.19
6.555	384.53
6.56	384.8
6.565	385.17
6.57	385.38
6.575	385.58
6.58	385.77
6.585	385.95
6.59	386.14
6.595	386.34
6.6	386.53
6.605	386.86
6.61	387.19
6.615	387.53
6.62	387.87
6.625	388.19
6.63	388.49
6.635	388.7
6.64	388.9
6.645	389.1
6.65	389.33
6.655	389.54
6.66	389.73
6.665	389.93
6.67	390.13
6.675	390.44
6.68	390.63
6.685	390.83
6.69	391.02
6.695	391.21
6.7	391.41
6.705	391.59
6.71	391.79
6.715	391.98
6.72	392.16
6.725	392.36
6.73	392.68
6.735	392.9
6.74	393.21
6.745	393.5
6.75	393.7
6.755	394.04
6.76	394.26
6.765	394.58
6.77	394.8
6.775	395.01
6.78	395.24
6.785	395.49
6.79	395.8
6.795	396.06
6.8	396.26
6.805	396.52
6.81	396.88
6.815	397.21
6.82	397.41
6.825	397.6
6.83	397.89
6.835	398.2
6.84	398.54
6.845	398.82
6.85	399.13
6.855	399.32
6.86	399.51
6.865	399.7
6.87	399.9
6.875	400.1
6.88	400.34
6.885	400.62
6.89	400.95
6.895	401.23
6.9	401.52
6.905	401.74
6.91	402.05
6.915	402.24
6.92	402.43
6.925	402.73
6.93	403.01
6.935	403.3
6.94	403.61
6.945	403.9
6.95	404.13
6.955	404.34
6.96	404.53
6.965	404.72
6.97	405.05
6.975	405.25
6.98	405.46
6.985	405.68
6.99	405.88
6.995	406.21
7	406.41
7.005	406.6
7.01	406.79
7.015	406.99
7.02	407.19
7.025	407.38
7.03	407.57
7.035	407.78
7.04	407.95
7.045	408.14
7.05	408.33
7.055	408.51
7.06	408.7
7.065	408.89
7.07	409.08
7.075	409.27
7.08	409.47
7.085	409.65
7.09	409.85
7.095	410.04
7.1	410.23
7.105	410.41
7.11	410.6
7.115	410.79
7.12	410.98
7.125	411.17
7.13	411.38
7.135	411.56
7.14	411.75
7.145	412.06
7.15	412.27
7.155	412.54
7.16	412.74
7.165	413.02
7.17	413.23
7.175	413.42
7.18	413.69
7.185	413.87
7.19	414.06
7.195	414.25
7.2	414.54
7.205	414.73
7.21	414.92
7.215	415.22
7.22	415.51
7.225	415.79
7.23	416.05
7.235	416.36
7.24	416.63
7.245	416.95
7.25	417.14
7.255	417.34
7.26	417.52
7.265	417.71
7.27	417.9
7.275	418.22
7.28	418.42
7.285	418.6
7.29	418.78
7.295	418.98
7.3	419.16
7.305	419.35
7.31	419.53
7.315	419.73
7.32	419.92
7.325	420.1
7.33	420.28
7.335	420.48
7.34	420.68
7.345	420.86
7.35	421.05
7.355	421.24
7.36	421.43
7.365	421.61
7.37	421.79
7.375	421.97
7.38	422.16
7.385	422.34
7.39	422.53
7.395	422.7
7.4	422.89
7.405	423.07
7.41	423.4
7.415	423.67
7.42	423.88
7.425	424.06
7.43	424.25
7.435	424.43
7.44	424.62
7.445	424.9
7.45	425.08
7.455	425.28
7.46	425.45
7.465	425.64
7.47	425.83
7.475	426.02
7.48	426.22
7.485	426.4
7.49	426.6
7.495	426.79
7.5	426.98
7.505	427.26
7.51	427.58
7.515	427.77
7.52	428.01
7.525	428.2
7.53	428.38
7.535	428.56
7.54	428.74
7.545	428.92
7.55	429.11
7.555	429.41
7.56	429.67
7.565	429.88
7.57	430.07
7.575	430.26
7.58	430.45
7.585	430.64
7.59	430.82
7.595	431.02
7.6	431.2
7.605	431.39
7.61	431.58
7.615	431.76
7.62	431.96
7.625	432.14
7.63	432.33
7.635	432.51
7.64	432.77
7.645	432.97
7.65	433.15
7.655	433.34
7.66	433.53
7.665	433.71
7.67	433.89
7.675	434.08
7.68	434.25
7.685	434.44
7.69	434.62
7.695	434.79
7.7	434.97
7.705	435.16
7.71	435.41
7.715	435.63
7.72	435.8
7.725	436.07
7.73	436.36
7.735	436.55
7.74	436.77
7.745	436.98
7.75	437.24
7.755	437.48
7.76	437.7
7.765	437.88
7.77	438.07
7.775	438.31
7.78	438.54
7.785	438.77
7.79	438.97
7.795	439.19
7.8	439.46
7.805	439.77
7.81	439.97
7.815	440.24
7.82	440.43
7.825	440.72
7.83	441
7.835	441.28
7.84	441.47
7.845	441.67
7.85	441.84
7.855	442.03
7.86	442.2
7.865	442.39
7.87	442.57
7.875	442.86
7.88	443.06
7.885	443.24
7.89	443.55
7.895	443.76
7.9	443.96
7.905	444.13
7.91	444.31
7.915	444.48
7.92	444.68
7.925	444.85
7.93	445.04
7.935	445.23
7.94	445.42
7.945	445.64
7.95	445.96
7.955	446.16
7.96	446.57
7.965	446.77
7.97	447.06
7.975	447.31
7.98	447.64
7.985	447.83
7.99	448.14
7.995	448.39
8	448.57
8.005	448.77
8.01	449.01
8.015	449.2
8.02	449.41
8.025	449.69
8.03	449.88
8.035	450.06
8.04	450.25
8.045	450.45
8.05	450.68
8.055	450.99
8.06	451.26
8.065	451.56
8.07	451.83
8.075	452.01
8.08	452.22
8.085	452.39
8.09	452.57
8.095	452.74
8.1	452.93
8.105	453.1
8.11	453.29
8.115	453.47
8.12	453.67
8.125	453.86
8.13	454.05
8.135	454.32
8.14	454.61
8.145	454.85
8.15	455.03
8.155	455.24
8.16	455.41
8.165	455.71
8.17	455.9
8.175	456.08
8.18	456.27
8.185	456.46
8.19	456.65
8.195	456.83
8.2	457.02
8.205	457.19
8.21	457.39
8.215	457.56
8.22	457.75
8.225	457.93
8.23	458.13
8.235	458.31
8.24	458.61
8.245	458.8
8.25	458.98
8.255	459.16
8.26	459.42
8.265	459.67
8.27	460.01
8.275	460.26
8.28	460.46
8.285	460.64
8.29	460.83
8.295	461.01
8.3	461.19
8.305	461.37
8.31	461.55
8.315	461.73
8.32	461.99
8.325	462.28
8.33	462.56
8.335	462.76
8.34	463.02
8.345	463.21
8.35	463.4
8.355	463.58
8.36	463.76
8.365	463.95
8.37	464.12
8.375	464.41
8.38	464.71
8.385	465.02
8.39	465.3
8.395	465.52
8.4	465.71
8.405	465.89
8.41	466.08
8.415	466.27
8.42	466.44
8.425	466.63
8.43	466.79
8.435	466.97
8.44	467.17
8.445	467.48
8.45	467.69
8.455	467.91
8.46	468.09
8.465	468.26
8.47	468.44
8.475	468.63
8.48	468.85
8.485	469.04
8.49	469.22
8.495	469.4
8.5	469.58
8.505	469.77
8.51	469.95
8.515	470.13
8.52	470.3
8.525	470.49
8.53	470.8
8.535	470.98
8.54	471.17
8.545	471.35
8.55	471.63
8.555	471.81
8.56	471.99
8.565	472.17
8.57	472.35
8.575	472.52
8.58	472.7
8.585	472.89
8.59	473.06
8.595	473.24
8.6	473.4
8.605	473.6
8.61	473.77
8.615	473.95
8.62	474.2
8.625	474.38
8.63	474.56
8.635	474.74
8.64	474.92
8.645	475.11
8.65	475.35
8.655	475.53
8.66	475.7
8.665	475.88
8.67	476.07
8.675	476.25
8.68	476.42
8.685	476.61
8.69	476.79
8.695	477
8.7	477.27
8.705	477.47
8.71	477.64
8.715	477.92
8.72	478.21
8.725	478.39
8.73	478.57
8.735	478.75
8.74	478.96
8.745	479.16
8.75	479.4
8.755	479.69
8.76	479.96
8.765	480.16
8.77	480.36
8.775	480.58
8.78	480.76
8.785	480.96
8.79	481.14
8.795	481.39
8.8	481.66
8.805	481.85
8.81	482.05
8.815	482.28
8.82	482.46
8.825	482.63
8.83	482.84
8.835	483.04
8.84	483.22
8.845	483.39
8.85	483.58
8.855	483.78
8.86	484.01
8.865	484.23
8.87	484.46
8.875	484.65
8.88	484.82
8.885	485.01
8.89	485.19
8.895	485.37
8.9	485.57
8.905	485.75
8.91	485.92
8.915	486.11
8.92	486.36
8.925	486.64
8.93	486.89
8.935	487.07
8.94	487.27
8.945	487.44
8.95	487.62
8.955	487.9
8.96	488.13
8.965	488.32
8.97	488.52
8.975	488.69
8.98	488.85
8.985	489.05
8.99	489.25
8.995	489.52
9	489.8
9.005	490.13
9.01	490.31
9.015	490.49
9.02	490.69
9.025	490.88
9.03	491.05
9.035	491.31
9.04	491.49
9.045	491.66
9.05	491.95
9.055	492.13
9.06	492.33
9.065	492.51
9.07	492.69
9.075	492.86
9.08	493.18
9.085	493.36
9.09	493.55
9.095	493.81
9.1	494.03
9.105	494.2
9.11	494.37
9.115	494.56
9.12	494.73
9.125	494.92
9.13	495.1
9.135	495.28
9.14	495.46
9.145	495.71
9.15	496.01
9.155	496.29
9.16	496.52
9.165	496.76
9.17	496.95
9.175	497.14
9.18	497.32
9.185	497.49
9.19	497.73
9.195	497.9
9.2	498.17
9.205	498.44
9.21	498.69
9.215	498.88
9.22	499.06
9.225	499.29
9.23	499.55
9.235	499.82
9.24	500.08
9.245	500.26
9.25	500.44
9.255	500.63
9.26	500.8
9.265	500.98
9.27	501.17
9.275	501.35
9.28	501.59
9.285	501.78
9.29	501.95
9.295	502.13
9.3	502.31
9.305	502.49
9.31	502.66
9.315	502.82
9.32	503
9.325	503.27
9.33	503.46
9.335	503.71
9.34	503.97
9.345	504.24
9.35	504.43
9.355	504.61
9.36	504.81
9.365	504.99
9.37	505.29
9.375	505.46
9.38	505.63
9.385	505.81
9.39	506
9.395	506.27
9.4	506.53
9.405	506.82
9.41	507.11
9.415	507.28
9.42	507.47
9.425	507.75
9.43	507.93
9.435	508.11
9.44	508.29
9.445	508.59
9.45	508.77
9.455	509.05
9.46	509.29
9.465	509.48
9.47	509.67
9.475	509.92
9.48	510.13
9.485	510.39
9.49	510.61
9.495	510.81
9.5	511.05
9.505	511.3
9.51	511.58
9.515	511.77
9.52	511.96
9.525	512.14
9.53	512.32
9.535	512.49
9.54	512.68
9.545	512.85
9.55	513.02
9.555	513.19
9.56	513.35
9.565	513.53
9.57	513.72
9.575	513.96
9.58	514.25
9.585	514.5
9.59	514.79
9.595	514.97
9.6	515.15
9.605	515.42
9.61	515.64
9.615	515.94
9.62	516.16
9.625	516.34
9.63	516.64
9.635	516.87
9.64	517.14
9.645	517.39
9.65	517.65
9.655	517.84
9.66	518.02
9.665	518.19
9.67	518.38
9.675	518.56
9.68	518.83
9.685	519.07
9.69	519.35
9.695	519.55
9.7	519.71
9.705	519.9
9.71	520.07
9.715	520.24
9.72	520.44
9.725	520.62
9.73	520.8
9.735	521
9.74	521.28
9.745	521.51
9.75	521.96
9.755	522.14
9.76	522.51
9.765	522.81
9.77	523.03
9.775	523.27
9.78	523.49
9.785	523.75
9.79	524.04
9.795	524.3
9.8	524.49
9.805	524.67
9.81	524.87
9.815	525.03
9.82	525.29
9.825	525.47
9.83	525.65
9.835	525.83
9.84	526.04
9.845	526.35
9.85	526.59
9.855	526.87
9.86	527.07
9.865	527.25
9.87	527.5
9.875	527.73
9.88	527.91
9.885	528.1
9.89	528.34
9.895	528.63
9.9	528.82
9.905	528.99
9.91	529.18
9.915	529.36
9.92	529.53
9.925	529.72
9.93	529.9
9.935	530.08
9.94	530.36
9.945	530.55
9.95	530.74
9.955	530.92
9.96	531.1
9.965	531.28
9.97	531.47
9.975	531.64
9.98	531.82
9.985	531.99
9.99	532.18
9.995	532.35
10	532.52
