0.005	112
0.01	108
0.015	108
0.02	108
0.025	108
0.03	108
0.035	108
0.04	108
0.045	108
0.05	108
0.055	107
0.06	108
0.065	107
0.07	57
0.075	108
0.08	56
0.085	107
0.09	56
0.095	107
0.1	56
0.105	107
0.11	56
0.115	106
0.12	56
0.125	105
0.13	56
0.135	105
0.14	56
0.145	105
0.15	55
0.155	104
0.16	55
0.165	104
0.17	55
0.175	104
0.18	55
0.185	104
0.19	55
0.195	104
0.2	55
0.205	104
0.21	55
0.215	104
0.22	55
0.225	104
0.23	55
0.235	104
0.24	55
0.245	104
0.25	55
0.255	104
0.26	55
0.265	104
0.27	55
0.275	104
0.28	55
0.285	104
0.29	55
0.295	104
0.3	55
0.305	105
0.31	55
0.315	105
0.32	55
0.325	105
0.33	55
0.335	105
0.34	55
0.345	105
0.35	55
0.355	57
0.36	105
0.365	55
0.37	56
0.375	105
0.38	55
0.385	56
0.39	105
0.395	55
0.4	56
0.405	105
0.41	55
0.415	56
0.42	105
0.425	55
0.43	55
0.435	105
0.44	55
0.445	55
0.45	105
0.455	55
0.46	55
0.465	105
0.47	54
0.475	55
0.48	105
0.485	54
0.49	55
0.495	56
0.5	105
0.505	54
0.51	54
0.515	55
0.52	104
0.525	54
0.53	54
0.535	55
0.54	104
0.545	53
0.55	54
0.555	55
0.56	104
0.565	53
0.57	54
0.575	54
0.58	104
0.585	53
0.59	53
0.595	54
0.6	104
0.605	53
0.61	53
0.615	54
0.62	104
0.625	53
0.63	53
0.635	54
0.64	55
0.645	104
0.65	53
0.655	53
0.66	53
0.665	54
0.67	103
0.675	52
0.68	52
0.685	53
0.69	54
0.695	103
0.7	52
0.705	52
0.71	53
0.715	54
0.72	103
0.725	52
0.73	52
0.735	53
0.74	53
0.745	103
0.75	52
0.755	52
0.76	52
0.765	53
0.77	103
0.775	52
0.78	52
0.785	52
0.79	53
0.795	55
0.8	103
0.805	51
0.81	52
0.815	52
0.82	52
0.825	53
0.83	103
0.835	51
0.84	51
0.845	52
0.85	52
0.855	53
0.86	102
0.865	51
0.87	51
0.875	51
0.88	52
0.885	52
0.89	102
0.895	51
0.9	51
0.905	51
0.91	51
0.915	52
0.92	102
0.925	51
0.93	51
0.935	51
0.94	51
0.945	52
0.95	102
0.955	50
0.96	50
0.965	51
0.97	51
0.975	52
0.98	53
0.985	102
0.99	50
0.995	50
1	50
1.005	50
1.01	51
1.015	52
1.02	102
1.025	50
1.03	50
1.035	50
1.04	50
1.045	51
1.05	52
1.055	102
1.06	50
1.065	50
1.07	50
1.075	50
1.08	50
1.085	51
1.09	101
1.095	50
1.1	50
1.105	50
1.11	50
1.115	50
1.12	51
1.125	53
1.13	101
1.135	49
1.14	49
1.145	49
1.15	49
1.155	50
1.16	50
1.165	51
1.17	101
1.175	49
1.18	49
1.185	49
1.19	49
1.195	49
1.2	50
1.205	51
1.21	101
1.215	49
1.22	49
1.225	49
1.23	49
1.235	49
1.24	49
1.245	50
1.25	101
1.255	49
1.26	49
1.265	49
1.27	49
1.275	49
1.28	49
1.285	50
1.29	100
1.295	49
1.3	48
1.305	49
1.31	49
1.315	49
1.32	49
1.325	49
1.33	53
1.335	100
1.34	48
1.345	48
1.35	48
1.355	48
1.36	48
1.365	49
1.37	49
1.375	50
1.38	100
1.385	48
1.39	48
1.395	48
1.4	48
1.405	48
1.41	48
1.415	49
1.42	49
1.425	99
1.43	48
1.435	48
1.44	48
1.445	48
1.45	48
1.455	48
1.46	49
1.465	49
1.47	99
1.475	47
1.48	47
1.485	47
1.49	47
1.495	47
1.5	48
1.505	48
1.51	49
1.515	50
1.52	98
1.525	47
1.53	47
1.535	47
1.54	47
1.545	47
1.55	47
1.555	47
1.56	48
1.565	49
1.57	98
1.575	46
1.58	46
1.585	46
1.59	46
1.595	46
1.6	47
1.605	47
1.61	48
1.615	49
1.62	97
1.625	46
1.63	46
1.635	46
1.64	46
1.645	46
1.65	46
1.655	46
1.66	47
1.665	49
1.67	94
1.675	46
1.68	46
1.685	46
1.69	46
1.695	46
1.7	46
1.705	46
1.71	47
1.715	49
1.72	93
1.725	45
1.73	44
1.735	43
1.74	43
1.745	44
1.75	44
1.755	46
1.76	46
1.765	49
1.77	92
1.775	43
1.78	42
1.785	42
1.79	42
1.795	42
1.8	42
1.805	42
1.81	46
1.815	49
1.82	91
1.825	42
1.83	40
1.835	40
1.84	40
1.845	40
1.85	40
1.855	40
1.86	41
1.865	42
1.87	91
1.875	40
1.88	39
1.885	39
1.89	39
1.895	39
1.9	39
1.905	39
1.91	39
1.915	40
1.92	42
1.925	91
1.93	39
1.935	39
1.94	39
1.945	39
1.95	39
1.955	39
1.96	39
1.965	39
1.97	39
1.975	39
1.98	39
1.985	90
1.99	39
1.995	38
2	38
2.005	38
2.01	38
2.015	38
2.02	38
2.025	38
2.03	38
2.035	38
2.04	39
2.045	39
2.05	39
2.055	90
2.06	38
2.065	37
2.07	37
2.075	37
2.08	37
2.085	37
2.09	37
2.095	37
2.1	37
2.105	37
2.11	38
2.115	38
2.12	39
2.125	39
2.13	90
2.135	37
2.14	37
2.145	37
2.15	37
2.155	37
2.16	37
2.165	37
2.17	37
2.175	37
2.18	37
2.185	37
2.19	37
2.195	38
2.2	38
2.205	39
2.21	89
2.215	37
2.22	37
2.225	37
2.23	37
2.235	37
2.24	37
2.245	37
2.25	37
2.255	37
2.26	37
2.265	37
2.27	37
2.275	37
2.28	37
2.285	38
2.29	39
2.295	89
2.3	37
2.305	37
2.31	37
2.315	36
2.32	37
2.325	36
2.33	37
2.335	36
2.34	37
2.345	37
2.35	37
2.355	37
2.36	37
2.365	37
2.37	37
2.375	38
2.38	89
2.385	36
2.39	36
2.395	36
2.4	36
2.405	36
2.41	36
2.415	36
2.42	36
2.425	36
2.43	37
2.435	37
2.44	37
2.445	37
2.45	37
2.455	37
2.46	37
2.465	88
2.47	36
2.475	36
2.48	36
2.485	36
2.49	36
2.495	36
2.5	36
2.505	36
2.51	36
2.515	36
2.52	36
2.525	37
2.53	37
2.535	37
2.54	37
2.545	37
2.55	88
2.555	36
2.56	36
2.565	36
2.57	36
2.575	36
2.58	36
2.585	36
2.59	36
2.595	36
2.6	36
2.605	36
2.61	36
2.615	37
2.62	37
2.625	37
2.63	37
2.635	88
2.64	36
2.645	36
2.65	36
2.655	36
2.66	36
2.665	36
2.67	36
2.675	36
2.68	36
2.685	36
2.69	36
2.695	36
2.7	37
2.705	37
2.71	37
2.715	37
2.72	88
2.725	35
2.73	35
2.735	35
2.74	35
2.745	35
2.75	35
2.755	35
2.76	35
2.765	35
2.77	36
2.775	36
2.78	36
2.785	36
2.79	37
2.795	37
2.8	37
2.805	37
2.81	87
2.815	35
2.82	35
2.825	35
2.83	35
2.835	35
2.84	35
2.845	35
2.85	35
2.855	35
2.86	35
2.865	35
2.87	36
2.875	36
2.88	36
2.885	37
2.89	37
2.895	37
2.9	87
2.905	35
2.91	35
2.915	35
2.92	35
2.925	35
2.93	35
2.935	35
2.94	35
2.945	35
2.95	35
2.955	35
2.96	35
2.965	36
2.97	36
2.975	37
2.98	37
2.985	37
2.99	87
2.995	35
3	34
3.005	34
3.01	35
3.015	34
3.02	34
3.025	35
3.03	34
3.035	35
3.04	34
3.045	35
3.05	35
3.055	35
3.06	35
3.065	36
3.07	37
3.075	37
3.08	37
3.085	87
3.09	34
3.095	34
3.1	34
3.105	34
3.11	34
3.115	34
3.12	34
3.125	34
3.13	34
3.135	34
3.14	34
3.145	35
3.15	34
3.155	35
3.16	35
3.165	36
3.17	37
3.175	37
3.18	37
3.185	87
3.19	34
3.195	34
3.2	34
3.205	34
3.21	34
3.215	34
3.22	34
3.225	34
3.23	34
3.235	34
3.24	34
3.245	34
3.25	34
3.255	35
3.26	35
3.265	35
3.27	35
3.275	37
3.28	37
3.285	37
3.29	86
3.295	34
3.3	34
3.305	34
3.31	34
3.315	34
3.32	34
3.325	34
3.33	34
3.335	34
3.34	34
3.345	34
3.35	34
3.355	34
3.36	34
3.365	34
3.37	35
3.375	34
3.38	35
3.385	36
3.39	37
3.395	86
3.4	34
3.405	34
3.41	34
3.415	34
3.42	34
3.425	34
3.43	34
3.435	34
3.44	34
3.445	34
3.45	34
3.455	34
3.46	34
3.465	34
3.47	34
3.475	34
3.48	34
3.485	35
3.49	35
3.495	37
3.5	37
3.505	85
3.51	33
3.515	33
3.52	34
3.525	34
3.53	34
3.535	34
3.54	34
3.545	33
3.55	33
3.555	34
3.56	33
3.565	34
3.57	34
3.575	34
3.58	34
3.585	34
3.59	34
3.595	34
3.6	34
3.605	35
3.61	36
3.615	37
3.62	83
3.625	32
3.63	33
3.635	31
3.64	33
3.645	31
3.65	33
3.655	31
3.66	33
3.665	31
3.67	33
3.675	31
3.68	33
3.685	31
3.69	34
3.695	31
3.7	34
3.705	34
3.71	34
3.715	34
3.72	34
3.725	34
3.73	37
3.735	37
3.74	37
3.745	81
3.75	31
3.755	31
3.76	31
3.765	31
3.77	31
3.775	30
3.78	31
3.785	31
3.79	30
3.795	31
3.8	31
3.805	30
3.81	31
3.815	31
3.82	31
3.825	31
3.83	31
3.835	31
3.84	31
3.845	34
3.85	31
3.855	34
3.86	34
3.865	37
3.87	37
3.875	81
3.88	30
3.885	31
3.89	30
3.895	30
3.9	30
3.905	30
3.91	30
3.915	30
3.92	30
3.925	30
3.93	30
3.935	30
3.94	30
3.945	30
3.95	30
3.955	30
3.96	30
3.965	30
3.97	30
3.975	31
3.98	31
3.985	31
3.99	31
3.995	31
4	31
4.005	34
4.01	37
4.015	79
4.02	27
4.025	30
4.03	29
4.035	29
4.04	29
4.045	29
4.05	29
4.055	29
4.06	29
4.065	29
4.07	29
4.075	28
4.08	29
4.085	29
4.09	28
4.095	29
4.1	29
4.105	29
4.11	29
4.115	29
4.12	30
4.125	29
4.13	30
4.135	29
4.14	30
4.145	30
4.15	31
4.155	31
4.16	31
4.165	79
4.17	26
4.175	29
4.18	27
4.185	28
4.19	27
4.195	28
4.2	27
4.205	27
4.21	27
4.215	27
4.22	27
4.225	27
4.23	27
4.235	27
4.24	27
4.245	27
4.25	27
4.255	27
4.26	27
4.265	27
4.27	27
4.275	27
4.28	27
4.285	27
4.29	27
4.295	27
4.3	29
4.305	27
4.31	30
4.315	27
4.32	31
4.325	30
4.33	78
4.335	26
4.34	27
4.345	27
4.35	27
4.355	27
4.36	27
4.365	27
4.37	27
4.375	27
4.38	26
4.385	27
4.39	26
4.395	26
4.4	26
4.405	27
4.41	27
4.415	26
4.42	27
4.425	27
4.43	26
4.435	27
4.44	27
4.445	26
4.45	27
4.455	27
4.46	26
4.465	27
4.47	27
4.475	27
4.48	27
4.485	27
4.49	27
4.495	27
4.5	27
4.505	27
4.51	27
4.515	27
4.52	73
4.525	25
4.53	26
4.535	26
4.54	26
4.545	26
4.55	26
4.555	26
4.56	26
4.565	26
4.57	26
4.575	26
4.58	26
4.585	26
4.59	26
4.595	26
4.6	26
4.605	26
4.61	26
4.615	26
4.62	26
4.625	26
4.63	26
4.635	26
4.64	26
4.645	26
4.65	26
4.655	26
4.66	26
4.665	26
4.67	26
4.675	26
4.68	26
4.685	26
4.69	26
4.695	26
4.7	26
4.705	26
4.71	26
4.715	26
4.72	26
4.725	27
4.73	27
4.735	26
4.74	27
4.745	27
4.75	27
4.755	27
4.76	72
4.765	24
4.77	26
4.775	26
4.78	26
4.785	26
4.79	26
4.795	25
4.8	26
4.805	25
4.81	25
4.815	25
4.82	25
4.825	25
4.83	25
4.835	25
4.84	25
4.845	25
4.85	25
4.855	25
4.86	25
4.865	25
4.87	25
4.875	25
4.88	25
4.885	25
4.89	25
4.895	25
4.9	25
4.905	25
4.91	25
4.915	25
4.92	25
4.925	25
4.93	25
4.935	25
4.94	25
4.945	25
4.95	25
4.955	25
4.96	25
4.965	25
4.97	26
4.975	26
4.98	26
4.985	26
4.99	26
4.995	26
5	26
5.005	26
5.01	26
5.015	26
5.02	26
5.025	26
5.03	26
5.035	26
5.04	26
5.045	26
5.05	26
5.055	27
5.06	70
5.065	19
5.07	25
5.075	25
5.08	24
5.085	25
5.09	25
5.095	25
5.1	25
5.105	25
5.11	25
5.115	25
5.12	25
5.125	24
5.13	25
5.135	24
5.14	25
5.145	24
5.15	25
5.155	24
5.16	25
5.165	24
5.17	25
5.175	24
5.18	24
5.185	24
5.19	24
5.195	24
5.2	24
5.205	24
5.21	24
5.215	24
5.22	24
5.225	24
5.23	24
5.235	24
5.24	24
5.245	24
5.25	25
5.255	24
5.26	25
5.265	24
5.27	25
5.275	24
5.28	25
5.285	24
5.29	25
5.295	24
5.3	25
5.305	24
5.31	25
5.315	25
5.32	25
5.325	25
5.33	25
5.335	25
5.34	25
5.345	25
5.35	25
5.355	25
5.36	25
5.365	25
5.37	25
5.375	25
5.38	25
5.385	26
5.39	26
5.395	26
5.4	26
5.405	26
5.41	26
5.415	26
5.42	26
5.425	26
5.43	69
5.435	16
5.44	24
5.445	17
5.45	25
5.455	16
5.46	24
5.465	17
5.47	24
5.475	16
5.48	24
5.485	16
5.49	24
5.495	16
5.5	24
5.505	16
5.51	24
5.515	16
5.52	24
5.525	16
5.53	24
5.535	16
5.54	24
5.545	16
5.55	24
5.555	16
5.56	24
5.565	16
5.57	24
5.575	15
5.58	24
5.585	15
5.59	24
5.595	15
5.6	24
5.605	15
5.61	24
5.615	15
5.62	24
5.625	15
5.63	24
5.635	15
5.64	24
5.645	15
5.65	24
5.655	15
5.66	24
5.665	15
5.67	24
5.675	15
5.68	24
5.685	15
5.69	24
5.695	15
5.7	24
5.705	15
5.71	24
5.715	15
5.72	24
5.725	15
5.73	24
5.735	15
5.74	24
5.745	15
5.75	24
5.755	15
5.76	24
5.765	15
5.77	24
5.775	15
5.78	24
5.785	15
5.79	24
5.795	15
5.8	24
5.805	15
5.81	24
5.815	15
5.82	24
5.825	15
5.83	24
5.835	15
5.84	25
5.845	15
5.85	25
5.855	15
5.86	25
5.865	15
5.87	25
5.875	15
5.88	25
5.885	15
5.89	25
5.895	15
5.9	25
5.905	15
5.91	25
5.915	15
5.92	26
5.925	15
5.93	26
5.935	15
5.94	26
5.945	15
5.95	26
5.955	15
5.96	26
5.965	15
5.97	26
5.975	15
5.98	68
5.985	15
5.99	15
5.995	22
6	14
6.005	23
6.01	14
6.015	22
6.02	14
6.025	22
6.03	14
6.035	22
6.04	14
6.045	22
6.05	14
6.055	22
6.06	14
6.065	22
6.07	14
6.075	22
6.08	14
6.085	21
6.09	14
6.095	22
6.1	14
6.105	17
6.11	21
6.115	14
6.12	17
6.125	17
6.13	16
6.135	16
6.14	17
6.145	15
6.15	22
6.155	13
6.16	16
6.165	17
6.17	15
6.175	22
6.18	13
6.185	16
6.19	17
6.195	15
6.2	19
6.205	14
6.21	15
6.215	17
6.22	15
6.225	15
6.23	17
6.235	15
6.24	15
6.245	17
6.25	15
6.255	15
6.26	17
6.265	15
6.27	15
6.275	17
6.28	15
6.285	15
6.29	17
6.295	15
6.3	15
6.305	17
6.31	14
6.315	15
6.32	16
6.325	14
6.33	15
6.335	16
6.34	14
6.345	15
6.35	16
6.355	14
6.36	15
6.365	16
6.37	14
6.375	15
6.38	16
6.385	14
6.39	15
6.395	16
6.4	14
6.405	15
6.41	16
6.415	14
6.42	15
6.425	16
6.43	14
6.435	14
6.44	16
6.445	14
6.45	14
6.455	16
6.46	14
6.465	14
6.47	15
6.475	14
6.48	14
6.485	15
6.49	14
6.495	14
6.5	15
6.505	14
6.51	14
6.515	15
6.52	14
6.525	14
6.53	15
6.535	14
6.54	14
6.545	15
6.55	14
6.555	14
6.56	15
6.565	14
6.57	14
6.575	15
6.58	14
6.585	14
6.59	15
6.595	14
6.6	14
6.605	15
6.61	14
6.615	14
6.62	16
6.625	14
6.63	14
6.635	16
6.64	14
6.645	14
6.65	15
6.655	14
6.66	14
6.665	15
6.67	14
6.675	14
6.68	16
6.685	14
6.69	14
6.695	16
6.7	14
6.705	14
6.71	16
6.715	14
6.72	14
6.725	16
6.73	14
6.735	14
6.74	16
6.745	14
6.75	14
6.755	16
6.76	14
6.765	14
6.77	16
6.775	14
6.78	14
6.785	16
6.79	14
6.795	14
6.8	16
6.805	14
6.81	14
6.815	16
6.82	14
6.825	14
6.83	16
6.835	14
6.84	14
6.845	65
6.85	12
6.855	11
6.86	14
6.865	14
6.87	13
6.875	15
6.88	12
6.885	12
6.89	14
6.895	12
6.9	12
6.905	13
6.91	12
6.915	12
6.92	13
6.925	12
6.93	12
6.935	13
6.94	12
6.945	12
6.95	13
6.955	12
6.96	12
6.965	11
6.97	11
6.975	13
6.98	11
6.985	11
6.99	13
6.995	11
7	11
7.005	13
7.01	11
7.015	11
7.02	13
7.025	11
7.03	11
7.035	13
7.04	11
7.045	11
7.05	12
7.055	11
7.06	11
7.065	12
7.07	11
7.075	11
7.08	12
7.085	11
7.09	11
7.095	12
7.1	11
7.105	11
7.11	12
7.115	11
7.12	11
7.125	12
7.13	11
7.135	11
7.14	10
7.145	10
7.15	12
7.155	10
7.16	10
7.165	12
7.17	10
7.175	10
7.18	11
7.185	10
7.19	10
7.195	11
7.2	10
7.205	10
7.21	11
7.215	10
7.22	10
7.225	11
7.23	10
7.235	10
7.24	11
7.245	10
7.25	10
7.255	11
7.26	10
7.265	10
7.27	11
7.275	10
7.28	10
7.285	11
7.29	10
7.295	10
7.3	9
7.305	11
7.31	9
7.315	10
7.32	11
7.325	9
7.33	9
7.335	11
7.34	9
7.345	10
7.35	11
7.355	10
7.36	10
7.365	9
7.37	9
7.375	10
7.38	9
7.385	9
7.39	11
7.395	9
7.4	9
7.405	11
7.41	9
7.415	9
7.42	11
7.425	9
7.43	9
7.435	10
7.44	9
7.445	9
7.45	11
7.455	8
7.46	9
7.465	10
7.47	9
7.475	10
7.48	9
7.485	9
7.49	11
7.495	9
7.5	9
7.505	10
7.51	9
7.515	9
7.52	12
7.525	8
7.53	9
7.535	11
7.54	8
7.545	9
7.55	10
7.555	9
7.56	10
7.565	9
7.57	9
7.575	8
7.58	11
7.585	8
7.59	9
7.595	10
7.6	9
7.605	9
7.61	8
7.615	10
7.62	8
7.625	9
7.63	8
7.635	12
7.64	5
7.645	11
7.65	5
7.655	13
7.66	5
7.665	11
7.67	4
7.675	11
7.68	4
7.685	12
7.69	5
7.695	10
7.7	4
7.705	11
7.71	4
7.715	12
7.72	5
7.725	10
7.73	4
7.735	11
7.74	4
7.745	12
7.75	5
7.755	10
7.76	4
7.765	11
7.77	4
7.775	12
7.78	5
7.785	10
7.79	4
7.795	11
7.8	4
7.805	12
7.81	4
7.815	11
7.82	4
7.825	11
7.83	4
7.835	10
7.84	4
7.845	10
7.85	4
7.855	12
7.86	4
7.865	10
7.87	9
7.875	8
7.88	10
7.885	5
7.89	11
7.895	4
7.9	12
7.905	4
7.91	10
7.915	4
7.92	11
7.925	4
7.93	10
7.935	4
7.94	10
7.945	4
7.95	12
7.955	4
7.96	10
7.965	4
7.97	10
7.975	4
7.98	12
7.985	4
7.99	9
7.995	9
8	7
8.005	9
8.01	6
8.015	10
8.02	4
8.025	11
8.03	4
8.035	10
8.04	4
8.045	11
8.05	4
8.055	9
8.06	9
8.065	7
8.07	9
8.075	3
8.08	12
8.085	4
8.09	10
8.095	3
8.1	10
8.105	3
8.11	9
8.115	4
8.12	11
8.125	4
8.13	6
8.135	8
8.14	5
8.145	9
8.15	4
8.155	11
8.16	3
8.165	9
8.17	9
8.175	6
8.18	9
8.185	3
8.19	11
8.195	3
8.2	10
8.205	3
8.21	9
8.215	3
8.22	11
8.225	3
8.23	10
8.235	3
8.24	9
8.245	4
8.25	10
8.255	3
8.26	9
8.265	4
8.27	11
8.275	3
8.28	7
8.285	8
8.29	5
8.295	6
8.3	10
8.305	6
8.31	6
8.315	9
8.32	4
8.325	8
8.33	8
8.335	6
8.34	6
8.345	5
8.35	11
8.355	3
8.36	6
8.365	8
8.37	4
8.375	7
8.38	8
8.385	6
8.39	9
8.395	4
8.4	8
8.405	4
8.41	11
8.415	4
8.42	6
8.425	7
8.43	5
8.435	9
8.44	4
8.445	8
8.45	2
8.455	11
8.46	3
8.465	6
8.47	6
8.475	5
8.48	8
8.485	4
8.49	7
8.495	3
8.5	10
8.505	3
8.51	5
8.515	10
8.52	1
8.525	7
8.53	9
8.535	4
8.54	7
8.545	8
8.55	4
8.555	7
8.56	7
8.565	6
8.57	9
8.575	3
8.58	8
8.585	7
8.59	5
8.595	8
8.6	2
8.605	10
8.61	3
8.615	7
8.62	8
8.625	4
8.63	7
8.635	7
8.64	6
8.645	9
8.65	4
8.655	5
8.66	9
8.665	3
8.67	5
8.675	7
8.68	4
8.685	7
8.69	4
8.695	9
8.7	2
8.705	6
8.71	6
8.715	4
8.72	9
8.725	2
8.73	4
8.735	8
8.74	2
8.745	10
8.75	5
8.755	4
8.76	8
8.765	2
8.77	9
8.775	3
8.78	5
8.785	7
8.79	3
8.795	7
8.8	5
8.805	6
8.81	9
8.815	3
8.82	5
8.825	7
8.83	3
8.835	8
8.84	2
8.845	7
8.85	6
8.855	8
8.86	4
8.865	8
8.87	2
8.875	8
8.88	2
8.885	7
8.89	6
8.895	5
8.9	11
8.905	3
8.91	3
8.915	6
8.92	8
8.925	5
8.93	6
8.935	5
8.94	9
8.945	2
8.95	4
8.955	9
8.96	2
8.965	4
8.97	8
8.975	3
8.98	2
8.985	11
8.99	2
8.995	2
9	7
9.005	10
9.01	3
9.015	5
9.02	7
9.025	4
9.03	2
9.035	12
9.04	5
9.045	2
9.05	5
9.055	7
9.06	4
9.065	10
9.07	2
9.075	2
9.08	8
9.085	3
9.09	7
9.095	3
9.1	9
9.105	2
9.11	5
9.115	7
9.12	4
9.125	8
9.13	2
9.135	8
9.14	3
9.145	6
9.15	6
9.155	5
9.16	7
9.165	3
9.17	2
9.175	11
9.18	4
9.185	2
9.19	4
9.195	2
9.2	9
9.205	3
9.21	2
9.215	5
9.22	9
9.225	4
9.23	2
9.235	8
9.24	2
9.245	2
9.25	8
9.255	6
9.26	3
9.265	6
9.27	8
9.275	4
9.28	1
9.285	7
9.29	5
9.295	5
9.3	3
9.305	8
9.31	2
9.315	1
9.32	3
9.325	7
9.33	4
9.335	3
9.34	10
9.345	3
9.35	1
9.355	3
9.36	6
9.365	4
9.37	11
9.375	2
9.38	1
9.385	4
9.39	8
9.395	4
9.4	2
9.405	11
9.41	4
9.415	2
9.42	1
9.425	5
9.43	8
9.435	4
9.44	3
9.445	12
9.45	3
9.455	2
9.46	4
9.465	2
9.47	7
9.475	4
9.48	3
9.485	13
9.49	11
9.495	9
9.5	5
9.505	2
9.51	7
9.515	4
9.52	2
9.525	10
9.53	6
9.535	3
9.54	7
9.545	2
9.55	6
9.555	4
9.56	3
9.565	2
9.57	10
9.575	5
9.58	3
9.585	4
9.59	3
9.595	8
9.6	1
9.605	1
9.61	1
9.615	12
9.62	12
9.625	3
9.63	7
9.635	4
9.64	6
9.645	3
9.65	2
9.655	9
9.66	7
9.665	4
9.67	3
9.675	7
9.68	3
9.685	2
9.69	4
9.695	10
9.7	2
9.705	4
9.71	2
9.715	5
9.72	5
9.725	4
9.73	9
9.735	2
9.74	1
9.745	1
9.75	62
9.755	2
9.76	20
9.765	10
9.77	2
9.775	6
9.78	4
9.785	9
9.79	5
9.795	3
9.8	4
9.805	3
9.81	7
9.815	1
9.82	1
9.825	1
9.83	9
9.835	5
9.84	3
9.845	8
9.85	2
9.855	1
9.86	1
9.865	9
9.87	6
9.875	3
9.88	2
9.885	6
9.89	3
9.895	3
9.9	2
9.905	6
9.91	4
9.915	3
9.92	2
9.925	5
9.93	3
9.935	4
9.94	8
9.945	0
9.95	3
9.955	2
9.96	4
9.965	2
9.97	6
9.975	3
9.98	2
9.985	1
9.99	6
9.995	4
10	2
