0.005	1
0.01	1
0.015	2
0.02	2
0.025	2
0.03	3
0.035	3
0.04	4
0.045	4
0.05	5
0.055	6
0.06	6
0.065	7
0.07	7
0.075	8
0.08	8
0.085	9
0.09	9
0.095	10
0.1	10
0.105	11
0.11	12
0.115	13
0.12	14
0.125	14
0.13	14
0.135	15
0.14	16
0.145	16
0.15	16
0.155	17
0.16	17
0.165	18
0.17	18
0.175	18
0.18	19
0.185	19
0.19	20
0.195	20
0.2	20
0.205	21
0.21	21
0.215	22
0.22	22
0.225	23
0.23	24
0.235	24
0.24	25
0.245	25
0.25	26
0.255	26
0.26	26
0.265	27
0.27	28
0.275	28
0.28	28
0.285	29
0.29	29
0.295	30
0.3	30
0.305	30
0.31	31
0.315	31
0.32	32
0.325	32
0.33	32
0.335	33
0.34	33
0.345	34
0.35	34
0.355	34
0.36	35
0.365	35
0.37	36
0.375	37
0.38	38
0.385	39
0.39	39
0.395	40
0.4	40
0.405	41
0.41	41
0.415	42
0.42	42
0.425	43
0.43	43
0.435	44
0.44	44
0.445	44
0.45	45
0.455	46
0.46	46
0.465	46
0.47	47
0.475	47
0.48	47
0.485	48
0.49	48
0.495	49
0.5	49
0.505	49
0.51	50
0.515	50
0.52	50
0.525	51
0.53	51
0.535	52
0.54	52
0.545	52
0.55	53
0.555	53
0.56	54
0.565	54
0.57	55
0.575	56
0.58	56
0.585	57
0.59	57
0.595	57
0.6	58
0.605	59
0.61	60
0.615	61
0.62	62
0.625	62
0.63	63
0.635	63
0.64	63
0.645	64
0.65	64
0.655	65
0.66	65
0.665	65
0.67	66
0.675	66
0.68	66
0.685	67
0.69	67
0.695	68
0.7	69
0.705	69
0.71	69
0.715	70
0.72	70
0.725	71
0.73	71
0.735	71
0.74	72
0.745	72
0.75	72
0.755	73
0.76	73
0.765	73
0.77	74
0.775	74
0.78	75
0.785	75
0.79	75
0.795	76
0.8	77
0.805	77
0.81	77
0.815	78
0.82	78
0.825	78
0.83	79
0.835	79
0.84	80
0.845	80
0.85	80
0.855	81
0.86	81
0.865	81
0.87	82
0.875	82
0.88	83
0.885	84
0.89	84
0.895	85
0.9	86
0.905	87
0.91	87
0.915	88
0.92	88
0.925	89
0.93	89
0.935	90
0.94	90
0.945	91
0.95	91
0.955	92
0.96	92
0.965	93
0.97	94
0.975	95
0.98	95
0.985	95
0.99	96
0.995	97
1	97
1.005	98
1.01	99
1.015	99
1.02	100
1.025	100
1.03	101
1.035	101
1.04	101
1.045	102
1.05	102
1.055	102
1.06	103
1.065	103
1.07	104
1.075	104
1.08	104
1.085	105
1.09	105
1.095	105
1.1	106
1.105	106
1.11	107
1.115	107
1.12	108
1.125	108
1.13	108
1.135	109
1.14	109
1.145	109
1.15	110
1.155	110
1.16	110
1.165	111
1.17	112
1.175	112
1.18	113
1.185	114
1.19	114
1.195	115
1.2	115
1.205	116
1.21	116
1.215	116
1.22	117
1.225	117
1.23	117
1.235	118
1.24	118
1.245	118
1.25	119
1.255	119
1.26	120
1.265	120
1.27	121
1.275	121
1.28	121
1.285	122
1.29	123
1.295	123
1.3	124
1.305	124
1.31	125
1.315	125
1.32	125
1.325	126
1.33	126
1.335	126
1.34	127
1.345	127
1.35	127
1.355	128
1.36	128
1.365	129
1.37	129
1.375	129
1.38	130
1.385	130
1.39	130
1.395	131
1.4	131
1.405	131
1.41	132
1.415	132
1.42	132
1.425	133
1.43	133
1.435	134
1.44	134
1.445	134
1.45	135
1.455	135
1.46	136
1.465	136
1.47	136
1.475	137
1.48	137
1.485	137
1.49	138
1.495	138
1.5	138
1.505	139
1.51	139
1.515	139
1.52	140
1.525	140
1.53	141
1.535	141
1.54	142
1.545	142
1.55	142
1.555	143
1.56	143
1.565	143
1.57	144
1.575	144
1.58	145
1.585	145
1.59	145
1.595	146
1.6	146
1.605	147
1.61	147
1.615	147
1.62	148
1.625	148
1.63	148
1.635	149
1.64	149
1.645	149
1.65	150
1.655	150
1.66	150
1.665	151
1.67	151
1.675	151
1.68	152
1.685	152
1.69	153
1.695	153
1.7	153
1.705	154
1.71	154
1.715	154
1.72	155
1.725	155
1.73	156
1.735	157
1.74	157
1.745	157
1.75	158
1.755	159
1.76	160
1.765	160
1.77	160
1.775	161
1.78	161
1.785	161
1.79	162
1.795	162
1.8	162
1.805	163
1.81	163
1.815	163
1.82	164
1.825	164
1.83	165
1.835	165
1.84	165
1.845	166
1.85	166
1.855	166
1.86	167
1.865	167
1.87	168
1.875	168
1.88	168
1.885	169
1.89	169
1.895	169
1.9	170
1.905	170
1.91	171
1.915	171
1.92	172
1.925	172
1.93	173
1.935	173
1.94	174
1.945	174
1.95	174
1.955	175
1.96	175
1.965	175
1.97	176
1.975	176
1.98	176
1.985	177
1.99	177
1.995	177
2	178
2.005	178
2.01	178
2.015	179
2.02	179
2.025	179
2.03	180
2.035	180
2.04	180
2.045	181
2.05	181
2.055	182
2.06	182
2.065	183
2.07	183
2.075	183
2.08	184
2.085	184
2.09	184
2.095	185
2.1	185
2.105	185
2.11	186
2.115	186
2.12	186
2.125	187
2.13	187
2.135	188
2.14	188
2.145	188
2.15	189
2.155	189
2.16	189
2.165	190
2.17	190
2.175	190
2.18	191
2.185	191
2.19	191
2.195	192
2.2	192
2.205	192
2.21	193
2.215	193
2.22	193
2.225	194
2.23	194
2.235	195
2.24	196
2.245	196
2.25	197
2.255	198
2.26	198
2.265	198
2.27	199
2.275	199
2.28	199
2.285	200
2.29	200
2.295	200
2.3	201
2.305	201
2.31	202
2.315	203
2.32	203
2.325	204
2.33	204
2.335	205
2.34	206
2.345	206
2.35	206
2.355	207
2.36	207
2.365	207
2.37	208
2.375	208
2.38	208
2.385	209
2.39	209
2.395	209
2.4	210
2.405	210
2.41	210
2.415	211
2.42	211
2.425	212
2.43	212
2.435	212
2.44	213
2.445	213
2.45	214
2.455	214
2.46	214
2.465	215
2.47	215
2.475	215
2.48	216
2.485	216
2.49	216
2.495	217
2.5	217
2.505	218
2.51	218
2.515	218
2.52	219
2.525	219
2.53	219
2.535	220
2.54	221
2.545	221
2.55	221
2.555	222
2.56	222
2.565	222
2.57	223
2.575	224
2.58	224
2.585	224
2.59	225
2.595	225
2.6	226
2.605	227
2.61	227
2.615	228
2.62	228
2.625	229
2.63	229
2.635	229
2.64	230
2.645	230
2.65	231
2.655	231
2.66	232
2.665	232
2.67	233
2.675	234
2.68	234
2.685	235
2.69	235
2.695	235
2.7	236
2.705	236
2.71	236
2.715	237
2.72	237
2.725	237
2.73	238
2.735	238
2.74	238
2.745	239
2.75	239
2.755	240
2.76	240
2.765	241
2.77	241
2.775	241
2.78	242
2.785	242
2.79	243
2.795	243
2.8	244
2.805	244
2.81	244
2.815	245
2.82	245
2.825	246
2.83	247
2.835	247
2.84	248
2.845	248
2.85	249
2.855	249
2.86	249
2.865	250
2.87	250
2.875	251
2.88	251
2.885	252
2.89	252
2.895	252
2.9	253
2.905	253
2.91	254
2.915	254
2.92	255
2.925	256
2.93	256
2.935	256
2.94	257
2.945	257
2.95	258
2.955	258
2.96	259
2.965	260
2.97	260
2.975	260
2.98	261
2.985	261
2.99	261
2.995	262
3	262
3.005	262
3.01	263
3.015	263
3.02	263
3.025	264
3.03	264
3.035	264
3.04	265
3.045	266
3.05	266
3.055	266
3.06	267
3.065	267
3.07	267
3.075	268
3.08	268
3.085	268
3.09	269
3.095	270
3.1	271
3.105	271
3.11	272
3.115	272
3.12	272
3.125	273
3.13	273
3.135	273
3.14	274
3.145	274
3.15	274
3.155	275
3.16	275
3.165	275
3.17	276
3.175	276
3.18	276
3.185	277
3.19	277
3.195	277
3.2	278
3.205	278
3.21	279
3.215	279
3.22	279
3.225	280
3.23	280
3.235	280
3.24	281
3.245	281
3.25	281
3.255	282
3.26	282
3.265	282
3.27	283
3.275	283
3.28	283
3.285	284
3.29	284
3.295	284
3.3	285
3.305	285
3.31	286
3.315	286
3.32	287
3.325	287
3.33	288
3.335	288
3.34	288
3.345	289
3.35	289
3.355	289
3.36	290
3.365	290
3.37	290
3.375	291
3.38	291
3.385	291
3.39	292
3.395	293
3.4	293
3.405	293
3.41	294
3.415	294
3.42	294
3.425	295
3.43	295
3.435	296
3.44	296
3.445	296
3.45	297
3.455	297
3.46	297
3.465	298
3.47	298
3.475	298
3.48	299
3.485	299
3.49	300
3.495	300
3.5	301
3.505	302
3.51	303
3.515	303
3.52	304
3.525	304
3.53	304
3.535	305
3.54	305
3.545	305
3.55	306
3.555	306
3.56	306
3.565	307
3.57	307
3.575	307
3.58	308
3.585	308
3.59	308
3.595	309
3.6	309
3.605	310
3.61	310
3.615	310
3.62	311
3.625	311
3.63	311
3.635	312
3.64	312
3.645	312
3.65	313
3.655	313
3.66	313
3.665	314
3.67	314
3.675	314
3.68	315
3.685	315
3.69	315
3.695	316
3.7	316
3.705	316
3.71	317
3.715	317
3.72	317
3.725	318
3.73	319
3.735	319
3.74	319
3.745	320
3.75	320
3.755	320
3.76	321
3.765	321
3.77	321
3.775	322
3.78	322
3.785	323
3.79	323
3.795	324
3.8	324
3.805	325
3.81	325
3.815	325
3.82	326
3.825	326
3.83	327
3.835	327
3.84	328
3.845	328
3.85	329
3.855	329
3.86	329
3.865	330
3.87	330
3.875	330
3.88	331
3.885	331
3.89	331
3.895	332
3.9	332
3.905	333
3.91	333
3.915	333
3.92	334
3.925	334
3.93	334
3.935	335
3.94	335
3.945	335
3.95	335
3.955	336
3.96	336
3.965	337
3.97	337
3.975	338
3.98	338
3.985	338
3.99	339
3.995	339
4	340
4.005	340
4.01	340
4.015	340
4.02	341
4.025	342
4.03	342
4.035	343
4.04	343
4.045	344
4.05	344
4.055	344
4.06	345
4.065	345
4.07	346
4.075	346
4.08	346
4.085	347
4.09	347
4.095	347
4.1	348
4.105	349
4.11	349
4.115	350
4.12	350
4.125	350
4.13	351
4.135	351
4.14	351
4.145	352
4.15	352
4.155	352
4.16	352
4.165	353
4.17	353
4.175	353
4.18	354
4.185	354
4.19	354
4.195	355
4.2	356
4.205	356
4.21	357
4.215	357
4.22	357
4.225	358
4.23	358
4.235	359
4.24	359
4.245	360
4.25	360
4.255	361
4.26	361
4.265	361
4.27	361
4.275	362
4.28	362
4.285	363
4.29	363
4.295	363
4.3	364
4.305	364
4.31	364
4.315	364
4.32	365
4.325	365
4.33	365
4.335	366
4.34	366
4.345	367
4.35	367
4.355	368
4.36	368
4.365	368
4.37	369
4.375	369
4.38	369
4.385	370
4.39	370
4.395	370
4.4	370
4.405	371
4.41	371
4.415	371
4.42	372
4.425	372
4.43	372
4.435	373
4.44	373
4.445	373
4.45	374
4.455	374
4.46	374
4.465	375
4.47	375
4.475	375
4.48	376
4.485	376
4.49	376
4.495	377
4.5	377
4.505	377
4.51	377
4.515	378
4.52	378
4.525	378
4.53	379
4.535	379
4.54	379
4.545	380
4.55	380
4.555	380
4.56	381
4.565	381
4.57	381
4.575	382
4.58	382
4.585	382
4.59	383
4.595	383
4.6	383
4.605	384
4.61	384
4.615	384
4.62	385
4.625	385
4.63	385
4.635	386
4.64	386
4.645	387
4.65	387
4.655	387
4.66	388
4.665	388
4.67	389
4.675	389
4.68	390
4.685	390
4.69	390
4.695	391
4.7	391
4.705	391
4.71	392
4.715	392
4.72	392
4.725	393
4.73	393
4.735	393
4.74	394
4.745	394
4.75	395
4.755	395
4.76	396
4.765	397
4.77	397
4.775	398
4.78	398
4.785	398
4.79	399
4.795	399
4.8	399
4.805	400
4.81	400
4.815	400
4.82	401
4.825	401
4.83	402
4.835	402
4.84	402
4.845	403
4.85	403
4.855	404
4.86	404
4.865	405
4.87	405
4.875	406
4.88	406
4.885	407
4.89	407
4.895	407
4.9	408
4.905	408
4.91	408
4.915	408
4.92	409
4.925	409
4.93	409
4.935	410
4.94	410
4.945	411
4.95	411
4.955	411
4.96	412
4.965	412
4.97	413
4.975	413
4.98	413
4.985	413
4.99	414
4.995	414
5	414
5.005	415
5.01	415
5.015	415
5.02	416
5.025	416
5.03	416
5.035	417
5.04	417
5.045	417
5.05	417
5.055	418
5.06	418
5.065	419
5.07	420
5.075	420
5.08	421
5.085	421
5.09	421
5.095	421
5.1	422
5.105	422
5.11	422
5.115	423
5.12	423
5.125	423
5.13	424
5.135	424
5.14	424
5.145	425
5.15	425
5.155	426
5.16	426
5.165	427
5.17	427
5.175	428
5.18	428
5.185	429
5.19	429
5.195	429
5.2	429
5.205	430
5.21	430
5.215	430
5.22	431
5.225	431
5.23	432
5.235	432
5.24	432
5.245	433
5.25	433
5.255	434
5.26	434
5.265	435
5.27	435
5.275	435
5.28	435
5.285	436
5.29	436
5.295	436
5.3	437
5.305	437
5.31	438
5.315	438
5.32	438
5.325	439
5.33	439
5.335	439
5.34	439
5.345	440
5.35	440
5.355	440
5.36	441
5.365	441
5.37	441
5.375	442
5.38	442
5.385	442
5.39	443
5.395	443
5.4	443
5.405	444
5.41	444
5.415	444
5.42	444
5.425	445
5.43	445
5.435	445
5.44	446
5.445	446
5.45	447
5.455	447
5.46	447
5.465	447
5.47	448
5.475	448
5.48	448
5.485	449
5.49	449
5.495	450
5.5	450
5.505	451
5.51	451
5.515	452
5.52	452
5.525	453
5.53	453
5.535	453
5.54	454
5.545	454
5.55	455
5.555	455
5.56	455
5.565	455
5.57	456
5.575	456
5.58	456
5.585	457
5.59	457
5.595	457
5.6	458
5.605	458
5.61	458
5.615	459
5.62	459
5.625	459
5.63	460
5.635	460
5.64	461
5.645	461
5.65	461
5.655	462
5.66	462
5.665	462
5.67	463
5.675	463
5.68	463
5.685	464
5.69	464
5.695	464
5.7	465
5.705	465
5.71	465
5.715	466
5.72	466
5.725	466
5.73	467
5.735	467
5.74	467
5.745	467
5.75	468
5.755	468
5.76	468
5.765	469
5.77	469
5.775	469
5.78	470
5.785	470
5.79	471
5.795	471
5.8	471
5.805	472
5.81	472
5.815	472
5.82	473
5.825	473
5.83	474
5.835	474
5.84	475
5.845	475
5.85	476
5.855	476
5.86	477
5.865	477
5.87	478
5.875	478
5.88	479
5.885	479
5.89	479
5.895	480
5.9	480
5.905	480
5.91	481
5.915	481
5.92	481
5.925	482
5.93	482
5.935	482
5.94	483
5.945	483
5.95	483
5.955	484
5.96	484
5.965	484
5.97	484
5.975	485
5.98	485
5.985	485
5.99	486
5.995	486
6	486
6.005	487
6.01	487
6.015	487
6.02	487
6.025	488
6.03	488
6.035	488
6.04	489
6.045	489
6.05	489
6.055	490
6.06	490
6.065	490
6.07	491
6.075	491
6.08	491
6.085	492
6.09	492
6.095	492
6.1	493
6.105	493
6.11	494
6.115	494
6.12	495
6.125	495
6.13	495
6.135	496
6.14	496
6.145	496
6.15	497
6.155	497
6.16	497
6.165	498
6.17	498
6.175	498
6.18	499
6.185	499
6.19	499
6.195	500
6.2	500
6.205	500
6.21	501
6.215	501
6.22	501
6.225	501
6.23	502
6.235	502
6.24	502
6.245	503
6.25	503
6.255	503
6.26	504
6.265	504
6.27	504
6.275	504
6.28	505
6.285	505
6.29	505
6.295	506
6.3	506
6.305	506
6.31	507
6.315	507
6.32	507
6.325	508
6.33	508
6.335	508
6.34	508
6.345	509
6.35	509
6.355	509
6.36	510
6.365	510
6.37	510
6.375	511
6.38	511
6.385	511
6.39	512
6.395	512
6.4	512
6.405	513
6.41	513
6.415	513
6.42	513
6.425	514
6.43	514
6.435	515
6.44	515
6.445	515
6.45	516
6.455	516
6.46	516
6.465	516
6.47	517
6.475	517
6.48	517
6.485	518
6.49	518
6.495	518
6.5	519
6.505	519
6.51	519
6.515	519
6.52	520
6.525	520
6.53	520
6.535	521
6.54	521
6.545	521
6.55	521
6.555	522
6.56	522
6.565	522
6.57	523
6.575	523
6.58	523
6.585	523
6.59	524
6.595	524
6.6	524
6.605	525
6.61	525
6.615	525
6.62	525
6.625	526
6.63	526
6.635	526
6.64	527
6.645	527
6.65	527
6.655	528
6.66	528
6.665	528
6.67	528
6.675	529
6.68	529
6.685	530
6.69	530
6.695	530
6.7	531
6.705	531
6.71	532
6.715	532
6.72	532
6.725	533
6.73	533
6.735	533
6.74	534
6.745	534
6.75	534
6.755	534
6.76	535
6.765	535
6.77	536
6.775	536
6.78	536
6.785	536
6.79	537
6.795	537
6.8	537
6.805	538
6.81	538
6.815	538
6.82	539
6.825	539
6.83	539
6.835	539
6.84	540
6.845	540
6.85	540
6.855	541
6.86	541
6.865	541
6.87	542
6.875	542
6.88	542
6.885	542
6.89	543
6.895	543
6.9	543
6.905	544
6.91	544
6.915	544
6.92	545
6.925	545
6.93	545
6.935	546
6.94	546
6.945	547
6.95	547
6.955	547
6.96	548
6.965	548
6.97	549
6.975	549
6.98	549
6.985	550
6.99	550
6.995	550
7	551
7.005	551
7.01	551
7.015	551
7.02	552
7.025	552
7.03	552
7.035	553
7.04	553
7.045	553
7.05	554
7.055	554
7.06	554
7.065	555
7.07	555
7.075	556
7.08	556
7.085	556
7.09	557
7.095	557
7.1	557
7.105	558
7.11	558
7.115	558
7.12	558
7.125	559
7.13	559
7.135	559
7.14	560
7.145	560
7.15	560
7.155	560
7.16	561
7.165	561
7.17	562
7.175	562
7.18	562
7.185	563
7.19	563
7.195	563
7.2	564
7.205	564
7.21	564
7.215	565
7.22	565
7.225	565
7.23	566
7.235	566
7.24	566
7.245	567
7.25	567
7.255	567
7.26	568
7.265	568
7.27	568
7.275	569
7.28	570
7.285	570
7.29	570
7.295	571
7.3	571
7.305	571
7.31	572
7.315	572
7.32	572
7.325	572
7.33	573
7.335	573
7.34	573
7.345	574
7.35	574
7.355	574
7.36	575
7.365	575
7.37	575
7.375	576
7.38	576
7.385	576
7.39	576
7.395	577
7.4	577
7.405	577
7.41	578
7.415	578
7.42	579
7.425	579
7.43	579
7.435	580
7.44	580
7.445	580
7.45	581
7.455	581
7.46	581
7.465	581
7.47	582
7.475	582
7.48	582
7.485	583
7.49	583
7.495	583
7.5	583
7.505	584
7.51	584
7.515	584
7.52	585
7.525	585
7.53	586
7.535	586
7.54	586
7.545	587
7.55	587
7.555	587
7.56	588
7.565	588
7.57	588
7.575	589
7.58	589
7.585	589
7.59	590
7.595	590
7.6	590
7.605	591
7.61	591
7.615	591
7.62	592
7.625	592
7.63	592
7.635	592
7.64	593
7.645	593
7.65	594
7.655	594
7.66	594
7.665	595
7.67	595
7.675	595
7.68	595
7.685	596
7.69	596
7.695	596
7.7	597
7.705	597
7.71	597
7.715	598
7.72	598
7.725	598
7.73	598
7.735	599
7.74	599
7.745	599
7.75	600
7.755	600
7.76	600
7.765	601
7.77	601
7.775	601
7.78	601
7.785	602
7.79	602
7.795	602
7.8	603
7.805	603
7.81	603
7.815	604
7.82	604
7.825	604
7.83	604
7.835	605
7.84	605
7.845	605
7.85	606
7.855	606
7.86	606
7.865	606
7.87	607
7.875	607
7.88	607
7.885	608
7.89	608
7.895	608
7.9	608
7.905	609
7.91	609
7.915	610
7.92	610
7.925	611
7.93	611
7.935	612
7.94	612
7.945	612
7.95	613
7.955	613
7.96	613
7.965	614
7.97	614
7.975	614
7.98	615
7.985	615
7.99	615
7.995	616
8	616
8.005	617
8.01	617
8.015	618
8.02	618
8.025	618
8.03	619
8.035	619
8.04	619
8.045	620
8.05	620
8.055	620
8.06	620
8.065	621
8.07	621
8.075	621
8.08	622
8.085	622
8.09	622
8.095	622
8.1	623
8.105	623
8.11	623
8.115	623
8.12	624
8.125	624
8.13	624
8.135	625
8.14	625
8.145	626
8.15	626
8.155	626
8.16	626
8.165	627
8.17	627
8.175	628
8.18	628
8.185	629
8.19	629
8.195	629
8.2	630
8.205	630
8.21	630
8.215	631
8.22	631
8.225	631
8.23	632
8.235	632
8.24	632
8.245	632
8.25	633
8.255	633
8.26	633
8.265	634
8.27	634
8.275	634
8.28	634
8.285	635
8.29	635
8.295	635
8.3	636
8.305	636
8.31	636
8.315	637
8.32	637
8.325	637
8.33	638
8.335	638
8.34	638
8.345	638
8.35	639
8.355	639
8.36	639
8.365	640
8.37	640
8.375	640
8.38	641
8.385	641
8.39	641
8.395	641
8.4	642
8.405	642
8.41	643
8.415	643
8.42	643
8.425	643
8.43	644
8.435	644
8.44	644
8.445	645
8.45	645
8.455	645
8.46	645
8.465	646
8.47	646
8.475	646
8.48	647
8.485	647
8.49	647
8.495	647
8.5	648
8.505	648
8.51	648
8.515	649
8.52	649
8.525	650
8.53	650
8.535	650
8.54	650
8.545	651
8.55	651
8.555	651
8.56	652
8.565	652
8.57	652
8.575	653
8.58	653
8.585	653
8.59	654
8.595	654
8.6	654
8.605	655
8.61	655
8.615	655
8.62	655
8.625	656
8.63	656
8.635	657
8.64	657
8.645	658
8.65	658
8.655	658
8.66	659
8.665	659
8.67	659
8.675	660
8.68	660
8.685	660
8.69	660
8.695	661
8.7	661
8.705	661
8.71	662
8.715	662
8.72	662
8.725	663
8.73	663
8.735	663
8.74	664
8.745	664
8.75	665
8.755	665
8.76	665
8.765	666
8.77	666
8.775	667
8.78	667
8.785	667
8.79	667
8.795	668
8.8	668
8.805	668
8.81	669
8.815	669
8.82	669
8.825	669
8.83	670
8.835	670
8.84	670
8.845	671
8.85	671
8.855	671
8.86	672
8.865	672
8.87	672
8.875	673
8.88	673
8.885	673
8.89	674
8.895	674
8.9	674
8.905	675
8.91	675
8.915	675
8.92	676
8.925	676
8.93	676
8.935	677
8.94	677
8.945	678
8.95	678
8.955	678
8.96	678
8.965	679
8.97	679
8.975	679
8.98	680
8.985	680
8.99	680
8.995	681
9	681
9.005	682
9.01	682
9.015	682
9.02	683
9.025	683
9.03	683
9.035	684
9.04	684
9.045	684
9.05	685
9.055	685
9.06	685
9.065	686
9.07	686
9.075	686
9.08	686
9.085	687
9.09	687
9.095	687
9.1	688
9.105	688
9.11	688
9.115	689
9.12	689
9.125	689
9.13	690
9.135	690
9.14	690
9.145	691
9.15	691
9.155	691
9.16	691
9.165	692
9.17	692
9.175	692
9.18	693
9.185	693
9.19	693
9.195	693
9.2	694
9.205	694
9.21	694
9.215	694
9.22	695
9.225	695
9.23	695
9.235	696
9.24	696
9.245	696
9.25	697
9.255	697
9.26	697
9.265	697
9.27	698
9.275	698
9.28	698
9.285	699
9.29	699
9.295	699
9.3	700
9.305	700
9.31	700
9.315	701
9.32	701
9.325	701
9.33	701
9.335	702
9.34	702
9.345	702
9.35	703
9.355	703
9.36	703
9.365	704
9.37	704
9.375	704
9.38	704
9.385	705
9.39	705
9.395	706
9.4	706
9.405	706
9.41	706
9.415	707
9.42	707
9.425	707
9.43	708
9.435	708
9.44	708
9.445	708
9.45	709
9.455	709
9.46	709
9.465	710
9.47	710
9.475	710
9.48	711
9.485	711
9.49	711
9.495	712
9.5	712
9.505	712
9.51	712
9.515	713
9.52	713
9.525	713
9.53	714
9.535	714
9.54	714
9.545	715
9.55	715
9.555	715
9.56	716
9.565	716
9.57	716
9.575	716
9.58	717
9.585	717
9.59	717
9.595	718
9.6	718
9.605	719
9.61	719
9.615	719
9.62	720
9.625	720
9.63	720
9.635	721
9.64	721
9.645	721
9.65	722
9.655	722
9.66	722
9.665	723
9.67	723
9.675	723
9.68	724
9.685	724
9.69	724
9.695	725
9.7	725
9.705	725
9.71	725
9.715	726
9.72	726
9.725	726
9.73	727
9.735	727
9.74	727
9.745	728
9.75	728
9.755	728
9.76	728
9.765	729
9.77	729
9.775	729
9.78	730
9.785	730
9.79	730
9.795	731
9.8	731
9.805	731
9.81	731
9.815	732
9.82	732
9.825	732
9.83	733
9.835	733
9.84	733
9.845	733
9.85	734
9.855	734
9.86	734
9.865	735
9.87	735
9.875	735
9.88	736
9.885	736
9.89	736
9.895	736
9.9	737
9.905	737
9.91	737
9.915	738
9.92	738
9.925	738
9.93	738
9.935	739
9.94	739
9.945	739
9.95	740
9.955	740
9.96	740
9.965	740
9.97	741
9.975	741
9.98	741
9.985	742
9.99	742
9.995	742
10	742
