	0
0.005	0.00302735
0.01	0.00505249
0.015	0.00666119
0.02	0.00795856
0.025	0.00902945
0.03	0.00993712
0.035	0.0107614
0.04	0.0115131
0.045	0.0122
0.05	0.0128306
0.055	0.0134127
0.06	0.0139526
0.065	0.0144548
0.07	0.0149252
0.075	0.0153799
0.08	0.0158173
0.085	0.016237
0.09	0.0166404
0.095	0.0170268
0.1	0.0173973
0.105	0.0177531
0.11	0.0180948
0.115	0.0184238
0.12	0.0187405
0.125	0.0190459
0.13	0.0193409
0.135	0.0196263
0.14	0.019904
0.145	0.0201777
0.15	0.0204457
0.155	0.0207078
0.16	0.0209641
0.165	0.021214
0.17	0.0214579
0.175	0.0216959
0.18	0.0219282
0.185	0.022155
0.19	0.0223767
0.195	0.0225937
0.2	0.0228058
0.205	0.0230133
0.21	0.0232161
0.215	0.0234142
0.22	0.0236082
0.225	0.0237982
0.23	0.0239841
0.235	0.024166
0.24	0.0243439
0.245	0.0245192
0.25	0.0246933
0.255	0.0248652
0.26	0.0250347
0.265	0.0252017
0.27	0.0253662
0.275	0.0255282
0.28	0.0256883
0.285	0.0258461
0.29	0.0260016
0.295	0.0261547
0.3	0.0263056
0.305	0.0264541
0.31	0.0266004
0.315	0.0267446
0.32	0.0268865
0.325	0.0270263
0.33	0.0271641
0.335	0.0273
0.34	0.027434
0.345	0.0275661
0.35	0.0276964
0.355	0.0278248
0.36	0.0279517
0.365	0.0280768
0.37	0.0282001
0.375	0.0283217
0.38	0.0284415
0.385	0.0285598
0.39	0.0286765
0.395	0.0287918
0.4	0.0289056
0.405	0.0290185
0.41	0.0291306
0.415	0.0292417
0.42	0.0293519
0.425	0.0294611
0.43	0.0295692
0.435	0.0296763
0.44	0.0297823
0.445	0.0298876
0.45	0.0299917
0.455	0.0300948
0.46	0.0301969
0.465	0.0302982
0.47	0.0303983
0.475	0.0304975
0.48	0.0305957
0.485	0.0306929
0.49	0.0307891
0.495	0.0308843
0.5	0.0309785
0.505	0.0310718
0.51	0.0311643
0.515	0.0312558
0.52	0.0313465
0.525	0.0314363
0.53	0.0315252
0.535	0.0316134
0.54	0.0317008
0.545	0.0317873
0.55	0.0318731
0.555	0.031958
0.56	0.0320421
0.565	0.0321254
0.57	0.0322079
0.575	0.0322896
0.58	0.0323706
0.585	0.0324509
0.59	0.0325305
0.595	0.0326094
0.6	0.0326876
0.605	0.032765
0.61	0.0328418
0.615	0.0329179
0.62	0.0329932
0.625	0.0330679
0.63	0.033142
0.635	0.0332156
0.64	0.0332887
0.645	0.0333615
0.65	0.033434
0.655	0.0335061
0.66	0.0335778
0.665	0.0336489
0.67	0.0337196
0.675	0.0337899
0.68	0.0338598
0.685	0.0339292
0.69	0.0339981
0.695	0.0340666
0.7	0.0341347
0.705	0.0342022
0.71	0.0342693
0.715	0.0343358
0.72	0.0344019
0.725	0.0344675
0.73	0.0345328
0.735	0.0345975
0.74	0.0346619
0.745	0.0347258
0.75	0.0347892
0.755	0.0348522
0.76	0.0349148
0.765	0.034977
0.77	0.0350388
0.775	0.0351003
0.78	0.0351613
0.785	0.0352219
0.79	0.035282
0.795	0.0353417
0.8	0.035401
0.805	0.0354599
0.81	0.0355184
0.815	0.0355765
0.82	0.0356343
0.825	0.0356917
0.83	0.0357487
0.835	0.0358054
0.84	0.0358617
0.845	0.0359176
0.85	0.0359732
0.855	0.0360284
0.86	0.0360832
0.865	0.0361376
0.87	0.0361917
0.875	0.0362455
0.88	0.0362989
0.885	0.0363519
0.89	0.0364046
0.895	0.0364569
0.9	0.036509
0.905	0.0365606
0.91	0.0366121
0.915	0.0366632
0.92	0.036714
0.925	0.0367645
0.93	0.0368147
0.935	0.0368645
0.94	0.0369141
0.945	0.0369634
0.95	0.0370125
0.955	0.0370614
0.96	0.03711
0.965	0.0371585
0.97	0.0372067
0.975	0.0372546
0.98	0.0373024
0.985	0.0373498
0.99	0.0373971
0.995	0.0374442
1	0.037491
1.005	0.0375375
1.01	0.0375838
1.015	0.0376299
1.02	0.0376757
1.025	0.0377214
1.03	0.0377668
1.035	0.0378119
1.04	0.0378569
1.045	0.0379016
1.05	0.0379462
1.055	0.0379905
1.06	0.0380346
1.065	0.0380784
1.07	0.038122
1.075	0.0381655
1.08	0.0382087
1.085	0.0382518
1.09	0.0382946
1.095	0.0383371
1.1	0.0383795
1.105	0.0384217
1.11	0.0384636
1.115	0.0385053
1.12	0.0385468
1.125	0.0385881
1.13	0.0386292
1.135	0.0386701
1.14	0.0387107
1.145	0.0387511
1.15	0.0387914
1.155	0.0388315
1.16	0.0388714
1.165	0.0389111
1.17	0.0389506
1.175	0.0389898
1.18	0.0390289
1.185	0.0390678
1.19	0.0391065
1.195	0.039145
1.2	0.0391833
1.205	0.0392214
1.21	0.0392593
1.215	0.039297
1.22	0.0393345
1.225	0.0393718
1.23	0.039409
1.235	0.0394459
1.24	0.0394827
1.245	0.0395193
1.25	0.0395557
1.255	0.0395919
1.26	0.039628
1.265	0.0396639
1.27	0.0396997
1.275	0.0397352
1.28	0.0397707
1.285	0.0398059
1.29	0.039841
1.295	0.0398759
1.3	0.0399107
1.305	0.0399453
1.31	0.0399797
1.315	0.0400139
1.32	0.040048
1.325	0.040082
1.33	0.0401157
1.335	0.0401493
1.34	0.0401828
1.345	0.0402161
1.35	0.0402492
1.355	0.0402822
1.36	0.040315
1.365	0.0403477
1.37	0.0403802
1.375	0.0404126
1.38	0.0404448
1.385	0.0404769
1.39	0.0405089
1.395	0.0405408
1.4	0.0405726
1.405	0.0406042
1.41	0.0406357
1.415	0.0406671
1.42	0.0406984
1.425	0.0407295
1.43	0.0407605
1.435	0.0407913
1.44	0.0408221
1.445	0.0408527
1.45	0.0408832
1.455	0.0409136
1.46	0.0409439
1.465	0.040974
1.47	0.041004
1.475	0.0410339
1.48	0.0410637
1.485	0.0410933
1.49	0.0411228
1.495	0.0411522
1.5	0.0411815
1.505	0.0412106
1.51	0.0412397
1.515	0.0412686
1.52	0.0412974
1.525	0.0413261
1.53	0.0413547
1.535	0.0413831
1.54	0.0414114
1.545	0.0414397
1.55	0.0414678
1.555	0.0414958
1.56	0.0415236
1.565	0.0415514
1.57	0.041579
1.575	0.0416066
1.58	0.041634
1.585	0.0416613
1.59	0.0416885
1.595	0.0417156
1.6	0.0417425
1.605	0.0417694
1.61	0.0417961
1.615	0.0418228
1.62	0.0418493
1.625	0.0418758
1.63	0.0419021
1.635	0.0419283
1.64	0.0419545
1.645	0.0419805
1.65	0.0420064
1.655	0.0420322
1.66	0.0420579
1.665	0.0420836
1.67	0.0421091
1.675	0.0421345
1.68	0.0421598
1.685	0.042185
1.69	0.0422101
1.695	0.0422351
1.7	0.0422599
1.705	0.0422847
1.71	0.0423094
1.715	0.042334
1.72	0.0423585
1.725	0.0423829
1.73	0.0424072
1.735	0.0424314
1.74	0.0424555
1.745	0.0424795
1.75	0.0425034
1.755	0.0425272
1.76	0.0425509
1.765	0.0425745
1.77	0.0425981
1.775	0.0426215
1.78	0.0426449
1.785	0.0426681
1.79	0.0426913
1.795	0.0427144
1.8	0.0427374
1.805	0.0427604
1.81	0.0427832
1.815	0.0428059
1.82	0.0428286
1.825	0.0428512
1.83	0.0428736
1.835	0.042896
1.84	0.0429183
1.845	0.0429405
1.85	0.0429626
1.855	0.0429846
1.86	0.0430066
1.865	0.0430284
1.87	0.0430502
1.875	0.0430719
1.88	0.0430934
1.885	0.043115
1.89	0.0431364
1.895	0.0431577
1.9	0.043179
1.905	0.0432002
1.91	0.0432213
1.915	0.0432423
1.92	0.0432632
1.925	0.0432841
1.93	0.0433048
1.935	0.0433255
1.94	0.0433461
1.945	0.0433667
1.95	0.0433871
1.955	0.0434075
1.96	0.0434278
1.965	0.043448
1.97	0.0434681
1.975	0.0434882
1.98	0.0435082
1.985	0.0435281
1.99	0.0435479
1.995	0.0435676
2	0.0435873
2.005	0.0436069
2.01	0.0436264
2.015	0.0436458
2.02	0.0436652
2.025	0.0436844
2.03	0.0437037
2.035	0.0437228
2.04	0.0437419
2.045	0.0437608
2.05	0.0437798
2.055	0.0437986
2.06	0.0438174
2.065	0.0438361
2.07	0.0438548
2.075	0.0438733
2.08	0.0438919
2.085	0.0439103
2.09	0.0439287
2.095	0.0439471
2.1	0.0439653
2.105	0.0439835
2.11	0.0440017
2.115	0.0440197
2.12	0.0440378
2.125	0.0440557
2.13	0.0440736
2.135	0.0440914
2.14	0.0441092
2.145	0.0441268
2.15	0.0441445
2.155	0.044162
2.16	0.0441795
2.165	0.044197
2.17	0.0442143
2.175	0.0442316
2.18	0.0442489
2.185	0.0442661
2.19	0.0442832
2.195	0.0443002
2.2	0.0443172
2.205	0.0443341
2.21	0.044351
2.215	0.0443678
2.22	0.0443845
2.225	0.0444012
2.23	0.0444178
2.235	0.0444344
2.24	0.0444509
2.245	0.0444673
2.25	0.0444837
2.255	0.0445
2.26	0.0445163
2.265	0.0445325
2.27	0.0445486
2.275	0.0445647
2.28	0.0445808
2.285	0.0445967
2.29	0.0446126
2.295	0.0446285
2.3	0.0446443
2.305	0.04466
2.31	0.0446757
2.315	0.0446913
2.32	0.0447068
2.325	0.0447223
2.33	0.0447378
2.335	0.0447532
2.34	0.0447685
2.345	0.0447838
2.35	0.044799
2.355	0.0448142
2.36	0.0448293
2.365	0.0448444
2.37	0.0448594
2.375	0.0448743
2.38	0.0448892
2.385	0.0449041
2.39	0.0449189
2.395	0.0449336
2.4	0.0449483
2.405	0.0449629
2.41	0.0449775
2.415	0.044992
2.42	0.0450065
2.425	0.045021
2.43	0.0450353
2.435	0.0450497
2.44	0.0450639
2.445	0.0450782
2.45	0.0450923
2.455	0.0451065
2.46	0.0451205
2.465	0.0451346
2.47	0.0451485
2.475	0.0451624
2.48	0.0451763
2.485	0.0451901
2.49	0.0452039
2.495	0.0452176
2.5	0.0452313
2.505	0.0452449
2.51	0.0452585
2.515	0.045272
2.52	0.0452855
2.525	0.0452989
2.53	0.0453123
2.535	0.0453256
2.54	0.0453389
2.545	0.0453521
2.55	0.0453653
2.555	0.0453784
2.56	0.0453915
2.565	0.0454046
2.57	0.0454176
2.575	0.0454305
2.58	0.0454434
2.585	0.0454563
2.59	0.0454691
2.595	0.0454819
2.6	0.0454946
2.605	0.0455073
2.61	0.0455199
2.615	0.0455325
2.62	0.0455451
2.625	0.0455576
2.63	0.04557
2.635	0.0455825
2.64	0.0455948
2.645	0.0456072
2.65	0.0456195
2.655	0.0456317
2.66	0.0456439
2.665	0.0456561
2.67	0.0456682
2.675	0.0456802
2.68	0.0456923
2.685	0.0457042
2.69	0.0457162
2.695	0.0457281
2.7	0.0457399
2.705	0.0457517
2.71	0.0457635
2.715	0.0457752
2.72	0.0457869
2.725	0.0457986
2.73	0.0458102
2.735	0.0458217
2.74	0.0458333
2.745	0.0458447
2.75	0.0458562
2.755	0.0458676
2.76	0.0458789
2.765	0.0458903
2.77	0.0459015
2.775	0.0459128
2.78	0.045924
2.785	0.0459351
2.79	0.0459463
2.795	0.0459574
2.8	0.0459684
2.805	0.0459794
2.81	0.0459904
2.815	0.0460013
2.82	0.0460122
2.825	0.046023
2.83	0.0460338
2.835	0.0460446
2.84	0.0460553
2.845	0.046066
2.85	0.0460767
2.855	0.0460873
2.86	0.0460979
2.865	0.0461084
2.87	0.0461189
2.875	0.0461294
2.88	0.0461398
2.885	0.0461502
2.89	0.0461606
2.895	0.0461709
2.9	0.0461811
2.905	0.0461914
2.91	0.0462016
2.915	0.0462118
2.92	0.0462219
2.925	0.046232
2.93	0.046242
2.935	0.0462521
2.94	0.046262
2.945	0.046272
2.95	0.0462819
2.955	0.0462918
2.96	0.0463016
2.965	0.0463114
2.97	0.0463212
2.975	0.0463309
2.98	0.0463406
2.985	0.0463503
2.99	0.0463599
2.995	0.0463695
3	0.0463791
3.005	0.0463886
3.01	0.0463981
3.015	0.0464076
3.02	0.046417
3.025	0.0464264
3.03	0.0464357
3.035	0.0464451
3.04	0.0464544
3.045	0.0464636
3.05	0.0464728
3.055	0.046482
3.06	0.0464912
3.065	0.0465003
3.07	0.0465094
3.075	0.0465184
3.08	0.0465275
3.085	0.0465365
3.09	0.0465454
3.095	0.0465543
3.1	0.0465632
3.105	0.0465721
3.11	0.0465809
3.115	0.0465897
3.12	0.0465985
3.125	0.0466072
3.13	0.0466159
3.135	0.0466246
3.14	0.0466332
3.145	0.0466418
3.15	0.0466504
3.155	0.0466589
3.16	0.0466675
3.165	0.0466759
3.17	0.0466844
3.175	0.0466928
3.18	0.0467012
3.185	0.0467096
3.19	0.0467179
3.195	0.0467262
3.2	0.0467345
3.205	0.0467427
3.21	0.046751
3.215	0.0467591
3.22	0.0467673
3.225	0.0467754
3.23	0.0467835
3.235	0.0467916
3.24	0.0467996
3.245	0.0468076
3.25	0.0468156
3.255	0.0468236
3.26	0.0468315
3.265	0.0468394
3.27	0.0468473
3.275	0.0468551
3.28	0.0468629
3.285	0.0468707
3.29	0.0468785
3.295	0.0468862
3.3	0.0468939
3.305	0.0469016
3.31	0.0469092
3.315	0.0469168
3.32	0.0469244
3.325	0.046932
3.33	0.0469395
3.335	0.046947
3.34	0.0469545
3.345	0.046962
3.35	0.0469694
3.355	0.0469768
3.36	0.0469842
3.365	0.0469916
3.37	0.0469989
3.375	0.0470062
3.38	0.0470135
3.385	0.0470207
3.39	0.0470279
3.395	0.0470351
3.4	0.0470423
3.405	0.0470494
3.41	0.0470565
3.415	0.0470636
3.42	0.0470707
3.425	0.0470777
3.43	0.0470847
3.435	0.0470917
3.44	0.0470987
3.445	0.0471056
3.45	0.0471125
3.455	0.0471194
3.46	0.0471263
3.465	0.0471331
3.47	0.0471399
3.475	0.0471467
3.48	0.0471535
3.485	0.0471602
3.49	0.0471669
3.495	0.0471736
3.5	0.0471803
3.505	0.0471869
3.51	0.0471935
3.515	0.0472001
3.52	0.0472067
3.525	0.0472132
3.53	0.0472198
3.535	0.0472263
3.54	0.0472327
3.545	0.0472392
3.55	0.0472456
3.555	0.047252
3.56	0.0472584
3.565	0.0472647
3.57	0.0472711
3.575	0.0472774
3.58	0.0472837
3.585	0.0472899
3.59	0.0472962
3.595	0.0473024
3.6	0.0473086
3.605	0.0473148
3.61	0.0473209
3.615	0.0473271
3.62	0.0473332
3.625	0.0473393
3.63	0.0473453
3.635	0.0473514
3.64	0.0473574
3.645	0.0473634
3.65	0.0473694
3.655	0.0473753
3.66	0.0473813
3.665	0.0473872
3.67	0.0473931
3.675	0.047399
3.68	0.0474048
3.685	0.0474106
3.69	0.0474164
3.695	0.0474222
3.7	0.047428
3.705	0.0474337
3.71	0.0474395
3.715	0.0474452
3.72	0.0474509
3.725	0.0474565
3.73	0.0474622
3.735	0.0474678
3.74	0.0474734
3.745	0.047479
3.75	0.0474845
3.755	0.0474901
3.76	0.0474956
3.765	0.0475011
3.77	0.0475066
3.775	0.047512
3.78	0.0475175
3.785	0.0475229
3.79	0.0475283
3.795	0.0475337
3.8	0.047539
3.805	0.0475444
3.81	0.0475497
3.815	0.047555
3.82	0.0475603
3.825	0.0475655
3.83	0.0475708
3.835	0.047576
3.84	0.0475812
3.845	0.0475864
3.85	0.0475915
3.855	0.0475967
3.86	0.0476018
3.865	0.0476069
3.87	0.047612
3.875	0.0476171
3.88	0.0476222
3.885	0.0476272
3.89	0.0476322
3.895	0.0476372
3.9	0.0476422
3.905	0.0476472
3.91	0.0476521
3.915	0.047657
3.92	0.0476619
3.925	0.0476668
3.93	0.0476717
3.935	0.0476766
3.94	0.0476814
3.945	0.0476862
3.95	0.047691
3.955	0.0476958
3.96	0.0477006
3.965	0.0477053
3.97	0.04771
3.975	0.0477148
3.98	0.0477195
3.985	0.0477241
3.99	0.0477288
3.995	0.0477334
4	0.0477381
4.005	0.0477427
4.01	0.0477473
4.015	0.0477519
4.02	0.0477564
4.025	0.047761
4.03	0.0477655
4.035	0.04777
4.04	0.0477745
4.045	0.047779
4.05	0.0477834
4.055	0.0477879
4.06	0.0477923
4.065	0.0477967
4.07	0.0478011
4.075	0.0478055
4.08	0.0478099
4.085	0.0478142
4.09	0.0478185
4.095	0.0478229
4.1	0.0478272
4.105	0.0478314
4.11	0.0478357
4.115	0.04784
4.12	0.0478442
4.125	0.0478484
4.13	0.0478526
4.135	0.0478568
4.14	0.047861
4.145	0.0478652
4.15	0.0478693
4.155	0.0478734
4.16	0.0478775
4.165	0.0478816
4.17	0.0478857
4.175	0.0478898
4.18	0.0478939
4.185	0.0478979
4.19	0.0479019
4.195	0.0479059
4.2	0.0479099
4.205	0.0479139
4.21	0.0479179
4.215	0.0479218
4.22	0.0479258
4.225	0.0479297
4.23	0.0479336
4.235	0.0479375
4.24	0.0479414
4.245	0.0479453
4.25	0.0479491
4.255	0.0479529
4.26	0.0479568
4.265	0.0479606
4.27	0.0479644
4.275	0.0479682
4.28	0.0479719
4.285	0.0479757
4.29	0.0479794
4.295	0.0479831
4.3	0.0479869
4.305	0.0479906
4.31	0.0479942
4.315	0.0479979
4.32	0.0480016
4.325	0.0480052
4.33	0.0480089
4.335	0.0480125
4.34	0.0480161
4.345	0.0480197
4.35	0.0480233
4.355	0.0480268
4.36	0.0480304
4.365	0.0480339
4.37	0.0480374
4.375	0.0480409
4.38	0.0480444
4.385	0.0480479
4.39	0.0480514
4.395	0.0480549
4.4	0.0480583
4.405	0.0480617
4.41	0.0480652
4.415	0.0480686
4.42	0.048072
4.425	0.0480753
4.43	0.0480787
4.435	0.0480821
4.44	0.0480854
4.445	0.0480888
4.45	0.0480921
4.455	0.0480954
4.46	0.0480987
4.465	0.048102
4.47	0.0481052
4.475	0.0481085
4.48	0.0481118
4.485	0.048115
4.49	0.0481182
4.495	0.0481214
4.5	0.0481246
4.505	0.0481278
4.51	0.048131
4.515	0.0481342
4.52	0.0481373
4.525	0.0481405
4.53	0.0481436
4.535	0.0481467
4.54	0.0481498
4.545	0.0481529
4.55	0.048156
4.555	0.0481591
4.56	0.0481621
4.565	0.0481652
4.57	0.0481682
4.575	0.0481713
4.58	0.0481743
4.585	0.0481773
4.59	0.0481803
4.595	0.0481833
4.6	0.0481862
4.605	0.0481892
4.61	0.0481921
4.615	0.0481951
4.62	0.048198
4.625	0.0482009
4.63	0.0482038
4.635	0.0482067
4.64	0.0482096
4.645	0.0482125
4.65	0.0482153
4.655	0.0482182
4.66	0.048221
4.665	0.0482239
4.67	0.0482267
4.675	0.0482295
4.68	0.0482323
4.685	0.0482351
4.69	0.0482379
4.695	0.0482406
4.7	0.0482434
4.705	0.0482461
4.71	0.0482489
4.715	0.0482516
4.72	0.0482543
4.725	0.048257
4.73	0.0482597
4.735	0.0482624
4.74	0.0482651
4.745	0.0482678
4.75	0.0482704
4.755	0.0482731
4.76	0.0482757
4.765	0.0482783
4.77	0.048281
4.775	0.0482836
4.78	0.0482862
4.785	0.0482887
4.79	0.0482913
4.795	0.0482939
4.8	0.0482965
4.805	0.048299
4.81	0.0483015
4.815	0.0483041
4.82	0.0483066
4.825	0.0483091
4.83	0.0483116
4.835	0.0483141
4.84	0.0483166
4.845	0.0483191
4.85	0.0483215
4.855	0.048324
4.86	0.0483264
4.865	0.0483289
4.87	0.0483313
4.875	0.0483337
4.88	0.0483361
4.885	0.0483385
4.89	0.0483409
4.895	0.0483433
4.9	0.0483457
4.905	0.0483481
4.91	0.0483504
4.915	0.0483528
4.92	0.0483551
4.925	0.0483574
4.93	0.0483598
4.935	0.0483621
4.94	0.0483644
4.945	0.0483667
4.95	0.048369
4.955	0.0483712
4.96	0.0483735
4.965	0.0483758
4.97	0.048378
4.975	0.0483803
4.98	0.0483825
4.985	0.0483847
4.99	0.048387
4.995	0.0483892
5	0.0483914
5.005	0.0483936
5.01	0.0483958
5.015	0.048398
5.02	0.0484001
5.025	0.0484023
5.03	0.0484044
5.035	0.0484066
5.04	0.0484087
5.045	0.0484109
5.05	0.048413
5.055	0.0484151
5.06	0.0484172
5.065	0.0484193
5.07	0.0484214
5.075	0.0484235
5.08	0.0484256
5.085	0.0484276
5.09	0.0484297
5.095	0.0484318
5.1	0.0484338
5.105	0.0484358
5.11	0.0484379
5.115	0.0484399
5.12	0.0484419
5.125	0.0484439
5.13	0.0484459
5.135	0.0484479
5.14	0.0484499
5.145	0.0484519
5.15	0.0484539
5.155	0.0484558
5.16	0.0484578
5.165	0.0484597
5.17	0.0484617
5.175	0.0484636
5.18	0.0484655
5.185	0.0484674
5.19	0.0484694
5.195	0.0484713
5.2	0.0484732
5.205	0.0484751
5.21	0.0484769
5.215	0.0484788
5.22	0.0484807
5.225	0.0484826
5.23	0.0484844
5.235	0.0484863
5.24	0.0484881
5.245	0.0484899
5.25	0.0484918
5.255	0.0484936
5.26	0.0484954
5.265	0.0484972
5.27	0.048499
5.275	0.0485008
5.28	0.0485026
5.285	0.0485044
5.29	0.0485062
5.295	0.0485079
5.3	0.0485097
5.305	0.0485114
5.31	0.0485132
5.315	0.0485149
5.32	0.0485167
5.325	0.0485184
5.33	0.0485201
5.335	0.0485218
5.34	0.0485235
5.345	0.0485252
5.35	0.0485269
5.355	0.0485286
5.36	0.0485303
5.365	0.048532
5.37	0.0485337
5.375	0.0485353
5.38	0.048537
5.385	0.0485386
5.39	0.0485403
5.395	0.0485419
5.4	0.0485436
5.405	0.0485452
5.41	0.0485468
5.415	0.0485484
5.42	0.04855
5.425	0.0485516
5.43	0.0485532
5.435	0.0485548
5.44	0.0485564
5.445	0.048558
5.45	0.0485596
5.455	0.0485611
5.46	0.0485627
5.465	0.0485643
5.47	0.0485658
5.475	0.0485673
5.48	0.0485689
5.485	0.0485704
5.49	0.0485719
5.495	0.0485735
5.5	0.048575
5.505	0.0485765
5.51	0.048578
5.515	0.0485795
5.52	0.048581
5.525	0.0485825
5.53	0.048584
5.535	0.0485854
5.54	0.0485869
5.545	0.0485884
5.55	0.0485898
5.555	0.0485913
5.56	0.0485927
5.565	0.0485942
5.57	0.0485956
5.575	0.0485971
5.58	0.0485985
5.585	0.0485999
5.59	0.0486013
5.595	0.0486027
5.6	0.0486041
5.605	0.0486055
5.61	0.0486069
5.615	0.0486083
5.62	0.0486097
5.625	0.0486111
5.63	0.0486125
5.635	0.0486138
5.64	0.0486152
5.645	0.0486166
5.65	0.0486179
5.655	0.0486193
5.66	0.0486206
5.665	0.0486219
5.67	0.0486233
5.675	0.0486246
5.68	0.0486259
5.685	0.0486272
5.69	0.0486286
5.695	0.0486299
5.7	0.0486312
5.705	0.0486325
5.71	0.0486338
5.715	0.0486351
5.72	0.0486363
5.725	0.0486376
5.73	0.0486389
5.735	0.0486402
5.74	0.0486414
5.745	0.0486427
5.75	0.048644
5.755	0.0486452
5.76	0.0486465
5.765	0.0486477
5.77	0.0486489
5.775	0.0486502
5.78	0.0486514
5.785	0.0486526
5.79	0.0486538
5.795	0.0486551
5.8	0.0486563
5.805	0.0486575
5.81	0.0486587
5.815	0.0486599
5.82	0.0486611
5.825	0.0486622
5.83	0.0486634
5.835	0.0486646
5.84	0.0486658
5.845	0.0486669
5.85	0.0486681
5.855	0.0486693
5.86	0.0486704
5.865	0.0486716
5.87	0.0486727
5.875	0.0486739
5.88	0.048675
5.885	0.0486761
5.89	0.0486773
5.895	0.0486784
5.9	0.0486795
5.905	0.0486806
5.91	0.0486818
5.915	0.0486829
5.92	0.048684
5.925	0.0486851
5.93	0.0486862
5.935	0.0486873
5.94	0.0486884
5.945	0.0486894
5.95	0.0486905
5.955	0.0486916
5.96	0.0486927
5.965	0.0486937
5.97	0.0486948
5.975	0.0486959
5.98	0.0486969
5.985	0.048698
5.99	0.048699
5.995	0.0487001
6	0.0487011
6.005	0.0487021
6.01	0.0487032
6.015	0.0487042
6.02	0.0487052
6.025	0.0487063
6.03	0.0487073
6.035	0.0487083
6.04	0.0487093
6.045	0.0487103
6.05	0.0487113
6.055	0.0487123
6.06	0.0487133
6.065	0.0487143
6.07	0.0487153
6.075	0.0487163
6.08	0.0487172
6.085	0.0487182
6.09	0.0487192
6.095	0.0487202
6.1	0.0487211
6.105	0.0487221
6.11	0.048723
6.115	0.048724
6.12	0.048725
6.125	0.0487259
6.13	0.0487268
6.135	0.0487278
6.14	0.0487287
6.145	0.0487297
6.15	0.0487306
6.155	0.0487315
6.16	0.0487324
6.165	0.0487334
6.17	0.0487343
6.175	0.0487352
6.18	0.0487361
6.185	0.048737
6.19	0.0487379
6.195	0.0487388
6.2	0.0487397
6.205	0.0487406
6.21	0.0487415
6.215	0.0487424
6.22	0.0487432
6.225	0.0487441
6.23	0.048745
6.235	0.0487459
6.24	0.0487467
6.245	0.0487476
6.25	0.0487485
6.255	0.0487493
6.26	0.0487502
6.265	0.048751
6.27	0.0487519
6.275	0.0487527
6.28	0.0487536
6.285	0.0487544
6.29	0.0487553
6.295	0.0487561
6.3	0.0487569
6.305	0.0487578
6.31	0.0487586
6.315	0.0487594
6.32	0.0487602
6.325	0.048761
6.33	0.0487618
6.335	0.0487627
6.34	0.0487635
6.345	0.0487643
6.35	0.0487651
6.355	0.0487659
6.36	0.0487667
6.365	0.0487674
6.37	0.0487682
6.375	0.048769
6.38	0.0487698
6.385	0.0487706
6.39	0.0487714
6.395	0.0487721
6.4	0.0487729
6.405	0.0487737
6.41	0.0487744
6.415	0.0487752
6.42	0.048776
6.425	0.0487767
6.43	0.0487775
6.435	0.0487782
6.44	0.048779
6.445	0.0487797
6.45	0.0487805
6.455	0.0487812
6.46	0.0487819
6.465	0.0487827
6.47	0.0487834
6.475	0.0487841
6.48	0.0487849
6.485	0.0487856
6.49	0.0487863
6.495	0.048787
6.5	0.0487877
6.505	0.0487884
6.51	0.0487892
6.515	0.0487899
6.52	0.0487906
6.525	0.0487913
6.53	0.048792
6.535	0.0487927
6.54	0.0487934
6.545	0.0487941
6.55	0.0487947
6.555	0.0487954
6.56	0.0487961
6.565	0.0487968
6.57	0.0487975
6.575	0.0487982
6.58	0.0487988
6.585	0.0487995
6.59	0.0488002
6.595	0.0488008
6.6	0.0488015
6.605	0.0488022
6.61	0.0488028
6.615	0.0488035
6.62	0.0488041
6.625	0.0488048
6.63	0.0488054
6.635	0.0488061
6.64	0.0488067
6.645	0.0488074
6.65	0.048808
6.655	0.0488086
6.66	0.0488093
6.665	0.0488099
6.67	0.0488105
6.675	0.0488112
6.68	0.0488118
6.685	0.0488124
6.69	0.048813
6.695	0.0488136
6.7	0.0488143
6.705	0.0488149
6.71	0.0488155
6.715	0.0488161
6.72	0.0488167
6.725	0.0488173
6.73	0.0488179
6.735	0.0488185
6.74	0.0488191
6.745	0.0488197
6.75	0.0488203
6.755	0.0488209
6.76	0.0488215
6.765	0.0488221
6.77	0.0488227
6.775	0.0488232
6.78	0.0488238
6.785	0.0488244
6.79	0.048825
6.795	0.0488255
6.8	0.0488261
6.805	0.0488267
6.81	0.0488273
6.815	0.0488278
6.82	0.0488284
6.825	0.0488289
6.83	0.0488295
6.835	0.0488301
6.84	0.0488306
6.845	0.0488312
6.85	0.0488317
6.855	0.0488323
6.86	0.0488328
6.865	0.0488334
6.87	0.0488339
6.875	0.0488344
6.88	0.048835
6.885	0.0488355
6.89	0.0488361
6.895	0.0488366
6.9	0.0488371
6.905	0.0488376
6.91	0.0488382
6.915	0.0488387
6.92	0.0488392
6.925	0.0488397
6.93	0.0488403
6.935	0.0488408
6.94	0.0488413
6.945	0.0488418
6.95	0.0488423
6.955	0.0488428
6.96	0.0488433
6.965	0.0488438
6.97	0.0488443
6.975	0.0488448
6.98	0.0488453
6.985	0.0488458
6.99	0.0488463
6.995	0.0488468
7	0.0488473
7.005	0.0488478
7.01	0.0488483
7.015	0.0488488
7.02	0.0488493
7.025	0.0488498
7.03	0.0488502
7.035	0.0488507
7.04	0.0488512
7.045	0.0488517
7.05	0.0488522
7.055	0.0488526
7.06	0.0488531
7.065	0.0488536
7.07	0.048854
7.075	0.0488545
7.08	0.048855
7.085	0.0488554
7.09	0.0488559
7.095	0.0488563
7.1	0.0488568
7.105	0.0488573
7.11	0.0488577
7.115	0.0488582
7.12	0.0488586
7.125	0.0488591
7.13	0.0488595
7.135	0.04886
7.14	0.0488604
7.145	0.0488608
7.15	0.0488613
7.155	0.0488617
7.16	0.0488622
7.165	0.0488626
7.17	0.048863
7.175	0.0488635
7.18	0.0488639
7.185	0.0488643
7.19	0.0488647
7.195	0.0488652
7.2	0.0488656
7.205	0.048866
7.21	0.0488664
7.215	0.0488669
7.22	0.0488673
7.225	0.0488677
7.23	0.0488681
7.235	0.0488685
7.24	0.0488689
7.245	0.0488693
7.25	0.0488698
7.255	0.0488702
7.26	0.0488706
7.265	0.048871
7.27	0.0488714
7.275	0.0488718
7.28	0.0488722
7.285	0.0488726
7.29	0.048873
7.295	0.0488734
7.3	0.0488738
7.305	0.0488742
7.31	0.0488745
7.315	0.0488749
7.32	0.0488753
7.325	0.0488757
7.33	0.0488761
7.335	0.0488765
7.34	0.0488769
7.345	0.0488772
7.35	0.0488776
7.355	0.048878
7.36	0.0488784
7.365	0.0488788
7.37	0.0488791
7.375	0.0488795
7.38	0.0488799
7.385	0.0488802
7.39	0.0488806
7.395	0.048881
7.4	0.0488813
7.405	0.0488817
7.41	0.0488821
7.415	0.0488824
7.42	0.0488828
7.425	0.0488832
7.43	0.0488835
7.435	0.0488839
7.44	0.0488842
7.445	0.0488846
7.45	0.0488849
7.455	0.0488853
7.46	0.0488856
7.465	0.048886
7.47	0.0488863
7.475	0.0488867
7.48	0.048887
7.485	0.0488874
7.49	0.0488877
7.495	0.048888
7.5	0.0488884
7.505	0.0488887
7.51	0.0488891
7.515	0.0488894
7.52	0.0488897
7.525	0.0488901
7.53	0.0488904
7.535	0.0488907
7.54	0.0488911
7.545	0.0488914
7.55	0.0488917
7.555	0.048892
7.56	0.0488924
7.565	0.0488927
7.57	0.048893
7.575	0.0488933
7.58	0.0488937
7.585	0.048894
7.59	0.0488943
7.595	0.0488946
7.6	0.0488949
7.605	0.0488952
7.61	0.0488956
7.615	0.0488959
7.62	0.0488962
7.625	0.0488965
7.63	0.0488968
7.635	0.0488971
7.64	0.0488974
7.645	0.0488977
7.65	0.048898
7.655	0.0488983
7.66	0.0488986
7.665	0.0488989
7.67	0.0488992
7.675	0.0488995
7.68	0.0488998
7.685	0.0489001
7.69	0.0489004
7.695	0.0489007
7.7	0.048901
7.705	0.0489013
7.71	0.0489016
7.715	0.0489019
7.72	0.0489022
7.725	0.0489024
7.73	0.0489027
7.735	0.048903
7.74	0.0489033
7.745	0.0489036
7.75	0.0489039
7.755	0.0489042
7.76	0.0489044
7.765	0.0489047
7.77	0.048905
7.775	0.0489053
7.78	0.0489055
7.785	0.0489058
7.79	0.0489061
7.795	0.0489064
7.8	0.0489066
7.805	0.0489069
7.81	0.0489072
7.815	0.0489074
7.82	0.0489077
7.825	0.048908
7.83	0.0489083
7.835	0.0489085
7.84	0.0489088
7.845	0.048909
7.85	0.0489093
7.855	0.0489096
7.86	0.0489098
7.865	0.0489101
7.87	0.0489103
7.875	0.0489106
7.88	0.0489109
7.885	0.0489111
7.89	0.0489114
7.895	0.0489116
7.9	0.0489119
7.905	0.0489121
7.91	0.0489124
7.915	0.0489126
7.92	0.0489129
7.925	0.0489131
7.93	0.0489134
7.935	0.0489136
7.94	0.0489139
7.945	0.0489141
7.95	0.0489144
7.955	0.0489146
7.96	0.0489148
7.965	0.0489151
7.97	0.0489153
7.975	0.0489156
7.98	0.0489158
7.985	0.048916
7.99	0.0489163
7.995	0.0489165
8	0.0489167
8.005	0.048917
8.01	0.0489172
8.015	0.0489174
8.02	0.0489177
8.025	0.0489179
8.03	0.0489181
8.035	0.0489184
8.04	0.0489186
8.045	0.0489188
8.05	0.048919
8.055	0.0489193
8.06	0.0489195
8.065	0.0489197
8.07	0.0489199
8.075	0.0489202
8.08	0.0489204
8.085	0.0489206
8.09	0.0489208
8.095	0.048921
8.1	0.0489213
8.105	0.0489215
8.11	0.0489217
8.115	0.0489219
8.12	0.0489221
8.125	0.0489223
8.13	0.0489225
8.135	0.0489228
8.14	0.048923
8.145	0.0489232
8.15	0.0489234
8.155	0.0489236
8.16	0.0489238
8.165	0.048924
8.17	0.0489242
8.175	0.0489244
8.18	0.0489246
8.185	0.0489248
8.19	0.048925
8.195	0.0489253
8.2	0.0489255
8.205	0.0489257
8.21	0.0489259
8.215	0.0489261
8.22	0.0489263
8.225	0.0489265
8.23	0.0489267
8.235	0.0489268
8.24	0.048927
8.245	0.0489272
8.25	0.0489274
8.255	0.0489276
8.26	0.0489278
8.265	0.048928
8.27	0.0489282
8.275	0.0489284
8.28	0.0489286
8.285	0.0489288
8.29	0.048929
8.295	0.0489292
8.3	0.0489293
8.305	0.0489295
8.31	0.0489297
8.315	0.0489299
8.32	0.0489301
8.325	0.0489303
8.33	0.0489305
8.335	0.0489306
8.34	0.0489308
8.345	0.048931
8.35	0.0489312
8.355	0.0489314
8.36	0.0489316
8.365	0.0489317
8.37	0.0489319
8.375	0.0489321
8.38	0.0489323
8.385	0.0489324
8.39	0.0489326
8.395	0.0489328
8.4	0.048933
8.405	0.0489331
8.41	0.0489333
8.415	0.0489335
8.42	0.0489337
8.425	0.0489338
8.43	0.048934
8.435	0.0489342
8.44	0.0489343
8.445	0.0489345
8.45	0.0489347
8.455	0.0489349
8.46	0.048935
8.465	0.0489352
8.47	0.0489354
8.475	0.0489355
8.48	0.0489357
8.485	0.0489358
8.49	0.048936
8.495	0.0489362
8.5	0.0489363
8.505	0.0489365
8.51	0.0489367
8.515	0.0489368
8.52	0.048937
8.525	0.0489371
8.53	0.0489373
8.535	0.0489375
8.54	0.0489376
8.545	0.0489378
8.55	0.0489379
8.555	0.0489381
8.56	0.0489382
8.565	0.0489384
8.57	0.0489385
8.575	0.0489387
8.58	0.0489389
8.585	0.048939
8.59	0.0489392
8.595	0.0489393
8.6	0.0489395
8.605	0.0489396
8.61	0.0489398
8.615	0.0489399
8.62	0.0489401
8.625	0.0489402
8.63	0.0489404
8.635	0.0489405
8.64	0.0489406
8.645	0.0489408
8.65	0.0489409
8.655	0.0489411
8.66	0.0489412
8.665	0.0489414
8.67	0.0489415
8.675	0.0489417
8.68	0.0489418
8.685	0.0489419
8.69	0.0489421
8.695	0.0489422
8.7	0.0489424
8.705	0.0489425
8.71	0.0489426
8.715	0.0489428
8.72	0.0489429
8.725	0.0489431
8.73	0.0489432
8.735	0.0489433
8.74	0.0489435
8.745	0.0489436
8.75	0.0489437
8.755	0.0489439
8.76	0.048944
8.765	0.0489441
8.77	0.0489443
8.775	0.0489444
8.78	0.0489445
8.785	0.0489447
8.79	0.0489448
8.795	0.0489449
8.8	0.0489451
8.805	0.0489452
8.81	0.0489453
8.815	0.0489454
8.82	0.0489456
8.825	0.0489457
8.83	0.0489458
8.835	0.048946
8.84	0.0489461
8.845	0.0489462
8.85	0.0489463
8.855	0.0489465
8.86	0.0489466
8.865	0.0489467
8.87	0.0489468
8.875	0.048947
8.88	0.0489471
8.885	0.0489472
8.89	0.0489473
8.895	0.0489474
8.9	0.0489476
8.905	0.0489477
8.91	0.0489478
8.915	0.0489479
8.92	0.048948
8.925	0.0489482
8.93	0.0489483
8.935	0.0489484
8.94	0.0489485
8.945	0.0489486
8.95	0.0489488
8.955	0.0489489
8.96	0.048949
8.965	0.0489491
8.97	0.0489492
8.975	0.0489493
8.98	0.0489494
8.985	0.0489496
8.99	0.0489497
8.995	0.0489498
9	0.0489499
9.005	0.04895
9.01	0.0489501
9.015	0.0489502
9.02	0.0489503
9.025	0.0489505
9.03	0.0489506
9.035	0.0489507
9.04	0.0489508
9.045	0.0489509
9.05	0.048951
9.055	0.0489511
9.06	0.0489512
9.065	0.0489513
9.07	0.0489514
9.075	0.0489515
9.08	0.0489516
9.085	0.0489517
9.09	0.0489518
9.095	0.048952
9.1	0.0489521
9.105	0.0489522
9.11	0.0489523
9.115	0.0489524
9.12	0.0489525
9.125	0.0489526
9.13	0.0489527
9.135	0.0489528
9.14	0.0489529
9.145	0.048953
9.15	0.0489531
9.155	0.0489532
9.16	0.0489533
9.165	0.0489534
9.17	0.0489535
9.175	0.0489536
9.18	0.0489537
9.185	0.0489538
9.19	0.0489539
9.195	0.048954
9.2	0.0489541
9.205	0.0489542
9.21	0.0489543
9.215	0.0489544
9.22	0.0489545
9.225	0.0489545
9.23	0.0489546
9.235	0.0489547
9.24	0.0489548
9.245	0.0489549
9.25	0.048955
9.255	0.0489551
9.26	0.0489552
9.265	0.0489553
9.27	0.0489554
9.275	0.0489555
9.28	0.0489556
9.285	0.0489557
9.29	0.0489558
9.295	0.0489558
9.3	0.0489559
9.305	0.048956
9.31	0.0489561
9.315	0.0489562
9.32	0.0489563
9.325	0.0489564
9.33	0.0489565
9.335	0.0489566
9.34	0.0489566
9.345	0.0489567
9.35	0.0489568
9.355	0.0489569
9.36	0.048957
9.365	0.0489571
9.37	0.0489572
9.375	0.0489573
9.38	0.0489573
9.385	0.0489574
9.39	0.0489575
9.395	0.0489576
9.4	0.0489577
9.405	0.0489578
9.41	0.0489578
9.415	0.0489579
9.42	0.048958
9.425	0.0489581
9.43	0.0489582
9.435	0.0489583
9.44	0.0489583
9.445	0.0489584
9.45	0.0489585
9.455	0.0489586
9.46	0.0489587
9.465	0.0489587
9.47	0.0489588
9.475	0.0489589
9.48	0.048959
9.485	0.0489591
9.49	0.0489591
9.495	0.0489592
9.5	0.0489593
9.505	0.0489594
9.51	0.0489594
9.515	0.0489595
9.52	0.0489596
9.525	0.0489597
9.53	0.0489597
9.535	0.0489598
9.54	0.0489599
9.545	0.04896
9.55	0.0489601
9.555	0.0489601
9.56	0.0489602
9.565	0.0489603
9.57	0.0489603
9.575	0.0489604
9.58	0.0489605
9.585	0.0489606
9.59	0.0489606
9.595	0.0489607
9.6	0.0489608
9.605	0.0489609
9.61	0.0489609
9.615	0.048961
9.62	0.0489611
9.625	0.0489611
9.63	0.0489612
9.635	0.0489613
9.64	0.0489614
9.645	0.0489614
9.65	0.0489615
9.655	0.0489616
9.66	0.0489616
9.665	0.0489617
9.67	0.0489618
9.675	0.0489618
9.68	0.0489619
9.685	0.048962
9.69	0.048962
9.695	0.0489621
9.7	0.0489622
9.705	0.0489622
9.71	0.0489623
9.715	0.0489624
9.72	0.0489624
9.725	0.0489625
9.73	0.0489626
9.735	0.0489626
9.74	0.0489627
9.745	0.0489628
9.75	0.0489628
9.755	0.0489629
9.76	0.048963
9.765	0.048963
9.77	0.0489631
9.775	0.0489632
9.78	0.0489632
9.785	0.0489633
9.79	0.0489634
9.795	0.0489634
9.8	0.0489635
9.805	0.0489635
9.81	0.0489636
9.815	0.0489637
9.82	0.0489637
9.825	0.0489638
9.83	0.0489638
9.835	0.0489639
9.84	0.048964
9.845	0.048964
9.85	0.0489641
9.855	0.0489642
9.86	0.0489642
9.865	0.0489643
9.87	0.0489643
9.875	0.0489644
9.88	0.0489644
9.885	0.0489645
9.89	0.0489646
9.895	0.0489646
9.9	0.0489647
9.905	0.0489647
9.91	0.0489648
9.915	0.0489649
9.92	0.0489649
9.925	0.048965
9.93	0.048965
9.935	0.0489651
9.94	0.0489651
9.945	0.0489652
9.95	0.0489653
9.955	0.0489653
9.96	0.0489654
9.965	0.0489654
9.97	0.0489655
9.975	0.0489655
9.98	0.0489656
9.985	0.0489656
9.99	0.0489657
9.995	0.0489657
