	0
0.005	0.0599813
0.01	0.097532
0.015	0.122031
0.02	0.138732
0.025	0.150625
0.03	0.159454
0.035	0.166256
0.04	0.171667
0.045	0.17609
0.05	0.179788
0.055	0.182938
0.06	0.185663
0.065	0.188051
0.07	0.190167
0.075	0.19206
0.08	0.193765
0.085	0.195312
0.09	0.196723
0.095	0.198018
0.1	0.199211
0.105	0.200315
0.11	0.201341
0.115	0.202296
0.12	0.203191
0.125	0.204031
0.13	0.204821
0.135	0.205566
0.14	0.206269
0.145	0.206934
0.15	0.207565
0.155	0.208164
0.16	0.208734
0.165	0.209278
0.17	0.209796
0.175	0.210294
0.18	0.21077
0.185	0.211227
0.19	0.211665
0.195	0.212085
0.2	0.21249
0.205	0.212879
0.21	0.213253
0.215	0.213615
0.22	0.213963
0.225	0.2143
0.23	0.214626
0.235	0.214943
0.24	0.21525
0.245	0.215547
0.25	0.215835
0.255	0.216114
0.26	0.216385
0.265	0.216648
0.27	0.216903
0.275	0.217152
0.28	0.217393
0.285	0.217629
0.29	0.217859
0.295	0.218085
0.3	0.218304
0.305	0.218518
0.31	0.218727
0.315	0.21893
0.32	0.219129
0.325	0.219323
0.33	0.219513
0.335	0.219698
0.34	0.21988
0.345	0.220057
0.35	0.22023
0.355	0.2204
0.36	0.220568
0.365	0.220733
0.37	0.220894
0.375	0.221051
0.38	0.221206
0.385	0.221357
0.39	0.221506
0.395	0.221651
0.4	0.221794
0.405	0.221935
0.41	0.222072
0.415	0.222207
0.42	0.22234
0.425	0.22247
0.43	0.222598
0.435	0.222723
0.44	0.222847
0.445	0.222968
0.45	0.223087
0.455	0.223204
0.46	0.22332
0.465	0.223433
0.47	0.223544
0.475	0.223655
0.48	0.223763
0.485	0.22387
0.49	0.223976
0.495	0.224079
0.5	0.224181
0.505	0.224282
0.51	0.224381
0.515	0.224478
0.52	0.224574
0.525	0.224668
0.53	0.224761
0.535	0.224853
0.54	0.224943
0.545	0.225032
0.55	0.22512
0.555	0.225207
0.56	0.225292
0.565	0.225376
0.57	0.225459
0.575	0.225541
0.58	0.225621
0.585	0.2257
0.59	0.225779
0.595	0.225856
0.6	0.225932
0.605	0.226007
0.61	0.226081
0.615	0.226155
0.62	0.226227
0.625	0.226298
0.63	0.226368
0.635	0.226437
0.64	0.226506
0.645	0.226573
0.65	0.22664
0.655	0.226706
0.66	0.226771
0.665	0.226835
0.67	0.226898
0.675	0.226961
0.68	0.227022
0.685	0.227083
0.69	0.227144
0.695	0.227203
0.7	0.227262
0.705	0.22732
0.71	0.227377
0.715	0.227433
0.72	0.227489
0.725	0.227544
0.73	0.227599
0.735	0.227653
0.74	0.227706
0.745	0.227759
0.75	0.227811
0.755	0.227862
0.76	0.227913
0.765	0.227963
0.77	0.228012
0.775	0.228061
0.78	0.228109
0.785	0.228157
0.79	0.228205
0.795	0.228251
0.8	0.228297
0.805	0.228343
0.81	0.228388
0.815	0.228433
0.82	0.228477
0.825	0.22852
0.83	0.228563
0.835	0.228606
0.84	0.228648
0.845	0.22869
0.85	0.228731
0.855	0.228772
0.86	0.228812
0.865	0.228852
0.87	0.228891
0.875	0.22893
0.88	0.228969
0.885	0.229007
0.89	0.229044
0.895	0.229081
0.9	0.229118
0.905	0.229155
0.91	0.229191
0.915	0.229226
0.92	0.229262
0.925	0.229296
0.93	0.229331
0.935	0.229365
0.94	0.229399
0.945	0.229432
0.95	0.229465
0.955	0.229498
0.96	0.22953
0.965	0.229562
0.97	0.229594
0.975	0.229625
0.98	0.229657
0.985	0.229687
0.99	0.229718
0.995	0.229748
1	0.229778
1.005	0.229807
1.01	0.229836
1.015	0.229865
1.02	0.229894
1.025	0.229922
1.03	0.22995
1.035	0.229977
1.04	0.230005
1.045	0.230032
1.05	0.230059
1.055	0.230085
1.06	0.230111
1.065	0.230137
1.07	0.230163
1.075	0.230189
1.08	0.230214
1.085	0.230239
1.09	0.230263
1.095	0.230288
1.1	0.230312
1.105	0.230336
1.11	0.230359
1.115	0.230383
1.12	0.230406
1.125	0.230429
1.13	0.230452
1.135	0.230474
1.14	0.230496
1.145	0.230518
1.15	0.23054
1.155	0.230562
1.16	0.230584
1.165	0.230606
1.17	0.230627
1.175	0.230648
1.18	0.230669
1.185	0.23069
1.19	0.23071
1.195	0.230731
1.2	0.230751
1.205	0.230771
1.21	0.23079
1.215	0.23081
1.22	0.230829
1.225	0.230849
1.23	0.230868
1.235	0.230887
1.24	0.230905
1.245	0.230924
1.25	0.230942
1.255	0.23096
1.26	0.230978
1.265	0.230996
1.27	0.231014
1.275	0.231031
1.28	0.231048
1.285	0.231066
1.29	0.231082
1.295	0.231099
1.3	0.231116
1.305	0.231132
1.31	0.231149
1.315	0.231165
1.32	0.231181
1.325	0.231197
1.33	0.231212
1.335	0.231228
1.34	0.231243
1.345	0.231259
1.35	0.231274
1.355	0.231289
1.36	0.231303
1.365	0.231318
1.37	0.231333
1.375	0.231347
1.38	0.231361
1.385	0.231375
1.39	0.231389
1.395	0.231403
1.4	0.231417
1.405	0.231431
1.41	0.231444
1.415	0.231457
1.42	0.23147
1.425	0.231484
1.43	0.231497
1.435	0.231509
1.44	0.231522
1.445	0.231535
1.45	0.231547
1.455	0.231559
1.46	0.231572
1.465	0.231584
1.47	0.231596
1.475	0.231608
1.48	0.23162
1.485	0.231631
1.49	0.231643
1.495	0.231654
1.5	0.231666
1.505	0.231677
1.51	0.231688
1.515	0.231699
1.52	0.23171
1.525	0.231721
1.53	0.231731
1.535	0.231742
1.54	0.231753
1.545	0.231763
1.55	0.231773
1.555	0.231784
1.56	0.231794
1.565	0.231804
1.57	0.231814
1.575	0.231824
1.58	0.231833
1.585	0.231843
1.59	0.231853
1.595	0.231862
1.6	0.231871
1.605	0.231881
1.61	0.23189
1.615	0.231899
1.62	0.231908
1.625	0.231917
1.63	0.231926
1.635	0.231935
1.64	0.231944
1.645	0.231952
1.65	0.231961
1.655	0.231969
1.66	0.231978
1.665	0.231986
1.67	0.231994
1.675	0.232003
1.68	0.232011
1.685	0.232019
1.69	0.232027
1.695	0.232035
1.7	0.232042
1.705	0.23205
1.71	0.232058
1.715	0.232066
1.72	0.232073
1.725	0.232081
1.73	0.232088
1.735	0.232095
1.74	0.232103
1.745	0.23211
1.75	0.232117
1.755	0.232124
1.76	0.232131
1.765	0.232138
1.77	0.232145
1.775	0.232152
1.78	0.232158
1.785	0.232165
1.79	0.232172
1.795	0.232178
1.8	0.232185
1.805	0.232191
1.81	0.232198
1.815	0.232204
1.82	0.232211
1.825	0.232217
1.83	0.232223
1.835	0.232229
1.84	0.232235
1.845	0.232241
1.85	0.232247
1.855	0.232253
1.86	0.232259
1.865	0.232265
1.87	0.232271
1.875	0.232276
1.88	0.232282
1.885	0.232288
1.89	0.232293
1.895	0.232299
1.9	0.232304
1.905	0.23231
1.91	0.232315
1.915	0.23232
1.92	0.232325
1.925	0.232331
1.93	0.232336
1.935	0.232341
1.94	0.232346
1.945	0.232351
1.95	0.232356
1.955	0.232361
1.96	0.232366
1.965	0.232371
1.97	0.232376
1.975	0.232381
1.98	0.232385
1.985	0.23239
1.99	0.232395
1.995	0.232399
2	0.232404
2.005	0.232409
2.01	0.232413
2.015	0.232418
2.02	0.232422
2.025	0.232426
2.03	0.232431
2.035	0.232435
2.04	0.232439
2.045	0.232444
2.05	0.232448
2.055	0.232452
2.06	0.232456
2.065	0.23246
2.07	0.232464
2.075	0.232468
2.08	0.232472
2.085	0.232476
2.09	0.23248
2.095	0.232484
2.1	0.232488
2.105	0.232492
2.11	0.232496
2.115	0.2325
2.12	0.232503
2.125	0.232507
2.13	0.232511
2.135	0.232514
2.14	0.232518
2.145	0.232522
2.15	0.232525
2.155	0.232529
2.16	0.232532
2.165	0.232536
2.17	0.232539
2.175	0.232543
2.18	0.232546
2.185	0.232549
2.19	0.232553
2.195	0.232556
2.2	0.232559
2.205	0.232563
2.21	0.232566
2.215	0.232569
2.22	0.232572
2.225	0.232575
2.23	0.232579
2.235	0.232582
2.24	0.232585
2.245	0.232588
2.25	0.232591
2.255	0.232594
2.26	0.232597
2.265	0.2326
2.27	0.232603
2.275	0.232606
2.28	0.232608
2.285	0.232611
2.29	0.232614
2.295	0.232617
2.3	0.23262
2.305	0.232623
2.31	0.232625
2.315	0.232628
2.32	0.232631
2.325	0.232633
2.33	0.232636
2.335	0.232639
2.34	0.232641
2.345	0.232644
2.35	0.232647
2.355	0.232649
2.36	0.232652
2.365	0.232654
2.37	0.232657
2.375	0.232659
2.38	0.232662
2.385	0.232664
2.39	0.232667
2.395	0.232669
2.4	0.232671
2.405	0.232674
2.41	0.232676
2.415	0.232678
2.42	0.232681
2.425	0.232683
2.43	0.232685
2.435	0.232688
2.44	0.23269
2.445	0.232692
2.45	0.232694
2.455	0.232697
2.46	0.232699
2.465	0.232701
2.47	0.232703
2.475	0.232705
2.48	0.232707
2.485	0.232709
2.49	0.232711
2.495	0.232714
2.5	0.232716
2.505	0.232718
2.51	0.23272
2.515	0.232722
2.52	0.232724
2.525	0.232726
2.53	0.232728
2.535	0.23273
2.54	0.232731
2.545	0.232733
2.55	0.232735
2.555	0.232737
2.56	0.232739
2.565	0.232741
2.57	0.232743
2.575	0.232745
2.58	0.232746
2.585	0.232748
2.59	0.23275
2.595	0.232752
2.6	0.232754
2.605	0.232755
2.61	0.232757
2.615	0.232759
2.62	0.232761
2.625	0.232762
2.63	0.232764
2.635	0.232766
2.64	0.232767
2.645	0.232769
2.65	0.232771
2.655	0.232772
2.66	0.232774
2.665	0.232776
2.67	0.232777
2.675	0.232779
2.68	0.23278
2.685	0.232782
2.69	0.232783
2.695	0.232785
2.7	0.232786
2.705	0.232788
2.71	0.23279
2.715	0.232791
2.72	0.232793
2.725	0.232794
2.73	0.232795
2.735	0.232797
2.74	0.232798
2.745	0.2328
2.75	0.232801
2.755	0.232803
2.76	0.232804
2.765	0.232805
2.77	0.232807
2.775	0.232808
2.78	0.23281
2.785	0.232811
2.79	0.232812
2.795	0.232814
2.8	0.232815
2.805	0.232816
2.81	0.232818
2.815	0.232819
2.82	0.23282
2.825	0.232822
2.83	0.232823
2.835	0.232824
2.84	0.232825
2.845	0.232827
2.85	0.232828
2.855	0.232829
2.86	0.23283
2.865	0.232832
2.87	0.232833
2.875	0.232834
2.88	0.232835
2.885	0.232836
2.89	0.232838
2.895	0.232839
2.9	0.23284
2.905	0.232841
2.91	0.232843
2.915	0.232844
2.92	0.232845
2.925	0.232847
2.93	0.232848
2.935	0.232849
2.94	0.232851
2.945	0.232852
2.95	0.232853
2.955	0.232855
2.96	0.232856
2.965	0.232857
2.97	0.232858
2.975	0.23286
2.98	0.232861
2.985	0.232862
2.99	0.232863
2.995	0.232865
3	0.232866
3.005	0.232867
3.01	0.232868
3.015	0.232869
3.02	0.232871
3.025	0.232872
3.03	0.232873
3.035	0.232874
3.04	0.232875
3.045	0.232876
3.05	0.232878
3.055	0.232879
3.06	0.23288
3.065	0.232881
3.07	0.232882
3.075	0.232883
3.08	0.232884
3.085	0.232885
3.09	0.232886
3.095	0.232888
3.1	0.232889
3.105	0.23289
3.11	0.232891
3.115	0.232892
3.12	0.232893
3.125	0.232894
3.13	0.232895
3.135	0.232896
3.14	0.232897
3.145	0.232898
3.15	0.232899
3.155	0.2329
3.16	0.232901
3.165	0.232902
3.17	0.232903
3.175	0.232904
3.18	0.232905
3.185	0.232906
3.19	0.232907
3.195	0.232908
3.2	0.232909
3.205	0.23291
3.21	0.232911
3.215	0.232912
3.22	0.232913
3.225	0.232914
3.23	0.232915
3.235	0.232916
3.24	0.232917
3.245	0.232918
3.25	0.232918
3.255	0.232919
3.26	0.23292
3.265	0.232921
3.27	0.232922
3.275	0.232923
3.28	0.232924
3.285	0.232925
3.29	0.232926
3.295	0.232927
3.3	0.232927
3.305	0.232928
3.31	0.232929
3.315	0.23293
3.32	0.232931
3.325	0.232932
3.33	0.232933
3.335	0.232933
3.34	0.232934
3.345	0.232935
3.35	0.232936
3.355	0.232937
3.36	0.232938
3.365	0.232938
3.37	0.232939
3.375	0.23294
3.38	0.232941
3.385	0.232942
3.39	0.232942
3.395	0.232943
3.4	0.232944
3.405	0.232945
3.41	0.232945
3.415	0.232946
3.42	0.232947
3.425	0.232948
3.43	0.232949
3.435	0.232949
3.44	0.23295
3.445	0.232951
3.45	0.232952
3.455	0.232952
3.46	0.232953
3.465	0.232954
3.47	0.232955
3.475	0.232955
3.48	0.232956
3.485	0.232957
3.49	0.232957
3.495	0.232958
3.5	0.232959
3.505	0.23296
3.51	0.23296
3.515	0.232961
3.52	0.232962
3.525	0.232962
3.53	0.232963
3.535	0.232964
3.54	0.232964
3.545	0.232965
3.55	0.232966
3.555	0.232966
3.56	0.232967
3.565	0.232968
3.57	0.232968
3.575	0.232969
3.58	0.23297
3.585	0.23297
3.59	0.232971
3.595	0.232972
3.6	0.232972
3.605	0.232973
3.61	0.232974
3.615	0.232974
3.62	0.232975
3.625	0.232976
3.63	0.232976
3.635	0.232977
3.64	0.232977
3.645	0.232978
3.65	0.232979
3.655	0.232979
3.66	0.23298
3.665	0.23298
3.67	0.232981
3.675	0.232982
3.68	0.232982
3.685	0.232983
3.69	0.232983
3.695	0.232984
3.7	0.232985
3.705	0.232985
3.71	0.232986
3.715	0.232986
3.72	0.232987
3.725	0.232988
3.73	0.232988
3.735	0.232989
3.74	0.232989
3.745	0.23299
3.75	0.23299
3.755	0.232991
3.76	0.232991
3.765	0.232992
3.77	0.232993
3.775	0.232993
3.78	0.232994
3.785	0.232994
3.79	0.232995
3.795	0.232995
3.8	0.232996
3.805	0.232996
3.81	0.232997
3.815	0.232997
3.82	0.232998
3.825	0.232998
3.83	0.232999
3.835	0.232999
3.84	0.233
3.845	0.233001
3.85	0.233001
3.855	0.233002
3.86	0.233002
3.865	0.233003
3.87	0.233003
3.875	0.233004
3.88	0.233004
3.885	0.233005
3.89	0.233005
3.895	0.233006
3.9	0.233006
3.905	0.233006
3.91	0.233007
3.915	0.233007
3.92	0.233008
3.925	0.233008
3.93	0.233009
3.935	0.233009
3.94	0.23301
3.945	0.23301
3.95	0.233011
3.955	0.233011
3.96	0.233012
3.965	0.233012
3.97	0.233013
3.975	0.233013
3.98	0.233013
3.985	0.233014
3.99	0.233014
3.995	0.233015
4	0.233015
4.005	0.233016
4.01	0.233016
4.015	0.233017
4.02	0.233017
4.025	0.233017
4.03	0.233018
4.035	0.233018
4.04	0.233019
4.045	0.233019
4.05	0.23302
4.055	0.23302
4.06	0.23302
4.065	0.233021
4.07	0.233021
4.075	0.233022
4.08	0.233022
4.085	0.233023
4.09	0.233023
4.095	0.233023
4.1	0.233024
4.105	0.233024
4.11	0.233025
4.115	0.233025
4.12	0.233025
4.125	0.233026
4.13	0.233026
4.135	0.233027
4.14	0.233027
4.145	0.233027
4.15	0.233028
4.155	0.233028
4.16	0.233028
4.165	0.233029
4.17	0.233029
4.175	0.23303
4.18	0.23303
4.185	0.23303
4.19	0.233031
4.195	0.233031
4.2	0.233032
4.205	0.233032
4.21	0.233032
4.215	0.233033
4.22	0.233033
4.225	0.233033
4.23	0.233034
4.235	0.233034
4.24	0.233034
4.245	0.233035
4.25	0.233035
4.255	0.233035
4.26	0.233036
4.265	0.233036
4.27	0.233037
4.275	0.233037
4.28	0.233037
4.285	0.233038
4.29	0.233038
4.295	0.233038
4.3	0.233039
4.305	0.233039
4.31	0.233039
4.315	0.23304
4.32	0.23304
4.325	0.23304
4.33	0.233041
4.335	0.233041
4.34	0.233041
4.345	0.233042
4.35	0.233042
4.355	0.233042
4.36	0.233043
4.365	0.233043
4.37	0.233043
4.375	0.233044
4.38	0.233044
4.385	0.233044
4.39	0.233044
4.395	0.233045
4.4	0.233045
4.405	0.233045
4.41	0.233046
4.415	0.233046
4.42	0.233046
4.425	0.233047
4.43	0.233047
4.435	0.233047
4.44	0.233048
4.445	0.233048
4.45	0.233048
4.455	0.233048
4.46	0.233049
4.465	0.233049
4.47	0.233049
4.475	0.23305
4.48	0.23305
4.485	0.23305
4.49	0.23305
4.495	0.233051
4.5	0.233051
4.505	0.233051
4.51	0.233052
4.515	0.233052
4.52	0.233052
4.525	0.233052
4.53	0.233053
4.535	0.233053
4.54	0.233053
4.545	0.233054
4.55	0.233054
4.555	0.233054
4.56	0.233054
4.565	0.233055
4.57	0.233055
4.575	0.233055
4.58	0.233055
4.585	0.233056
4.59	0.233056
4.595	0.233056
4.6	0.233057
4.605	0.233057
4.61	0.233057
4.615	0.233057
4.62	0.233058
4.625	0.233058
4.63	0.233058
4.635	0.233058
4.64	0.233059
4.645	0.233059
4.65	0.233059
4.655	0.233059
4.66	0.23306
4.665	0.23306
4.67	0.23306
4.675	0.23306
4.68	0.233061
4.685	0.233061
4.69	0.233061
4.695	0.233061
4.7	0.233062
4.705	0.233062
4.71	0.233062
4.715	0.233062
4.72	0.233062
4.725	0.233063
4.73	0.233063
4.735	0.233063
4.74	0.233063
4.745	0.233064
4.75	0.233064
4.755	0.233064
4.76	0.233064
4.765	0.233065
4.77	0.233065
4.775	0.233065
4.78	0.233065
4.785	0.233065
4.79	0.233066
4.795	0.233066
4.8	0.233066
4.805	0.233066
4.81	0.233067
4.815	0.233067
4.82	0.233067
4.825	0.233067
4.83	0.233067
4.835	0.233068
4.84	0.233068
4.845	0.233068
4.85	0.233068
4.855	0.233068
4.86	0.233069
4.865	0.233069
4.87	0.233069
4.875	0.233069
4.88	0.233069
4.885	0.23307
4.89	0.23307
4.895	0.23307
4.9	0.23307
4.905	0.233071
4.91	0.233071
4.915	0.233071
4.92	0.233071
4.925	0.233071
4.93	0.233072
4.935	0.233072
4.94	0.233072
4.945	0.233072
4.95	0.233072
4.955	0.233072
4.96	0.233073
4.965	0.233073
4.97	0.233073
4.975	0.233073
4.98	0.233073
4.985	0.233074
4.99	0.233074
4.995	0.233074
5	0.233074
5.005	0.233074
5.01	0.233075
5.015	0.233075
5.02	0.233075
5.025	0.233075
5.03	0.233075
5.035	0.233075
5.04	0.233076
5.045	0.233076
5.05	0.233076
5.055	0.233076
5.06	0.233076
5.065	0.233076
5.07	0.233077
5.075	0.233077
5.08	0.233077
5.085	0.233077
5.09	0.233077
5.095	0.233078
5.1	0.233078
5.105	0.233078
5.11	0.233078
5.115	0.233078
5.12	0.233078
5.125	0.233079
5.13	0.233079
5.135	0.233079
5.14	0.233079
5.145	0.233079
5.15	0.233079
5.155	0.23308
5.16	0.23308
5.165	0.23308
5.17	0.23308
5.175	0.23308
5.18	0.23308
5.185	0.23308
5.19	0.233081
5.195	0.233081
5.2	0.233081
5.205	0.233081
5.21	0.233081
5.215	0.233081
5.22	0.233082
5.225	0.233082
5.23	0.233082
5.235	0.233082
5.24	0.233082
5.245	0.233082
5.25	0.233083
5.255	0.233083
5.26	0.233083
5.265	0.233083
5.27	0.233083
5.275	0.233083
5.28	0.233083
5.285	0.233084
5.29	0.233084
5.295	0.233084
5.3	0.233084
5.305	0.233084
5.31	0.233084
5.315	0.233085
5.32	0.233085
5.325	0.233085
5.33	0.233085
5.335	0.233085
5.34	0.233085
5.345	0.233085
5.35	0.233086
5.355	0.233086
5.36	0.233086
5.365	0.233086
5.37	0.233086
5.375	0.233086
5.38	0.233086
5.385	0.233087
5.39	0.233087
5.395	0.233087
5.4	0.233087
5.405	0.233087
5.41	0.233087
5.415	0.233087
5.42	0.233088
5.425	0.233088
5.43	0.233088
5.435	0.233088
5.44	0.233088
5.445	0.233088
5.45	0.233088
5.455	0.233089
5.46	0.233089
5.465	0.233089
5.47	0.233089
5.475	0.233089
5.48	0.233089
5.485	0.233089
5.49	0.233089
5.495	0.23309
5.5	0.23309
5.505	0.23309
5.51	0.23309
5.515	0.23309
5.52	0.23309
5.525	0.23309
5.53	0.23309
5.535	0.233091
5.54	0.233091
5.545	0.233091
5.55	0.233091
5.555	0.233091
5.56	0.233091
5.565	0.233091
5.57	0.233091
5.575	0.233092
5.58	0.233092
5.585	0.233092
5.59	0.233092
5.595	0.233092
5.6	0.233092
5.605	0.233092
5.61	0.233092
5.615	0.233092
5.62	0.233093
5.625	0.233093
5.63	0.233093
5.635	0.233093
5.64	0.233093
5.645	0.233093
5.65	0.233093
5.655	0.233093
5.66	0.233094
5.665	0.233094
5.67	0.233094
5.675	0.233094
5.68	0.233094
5.685	0.233094
5.69	0.233094
5.695	0.233094
5.7	0.233094
5.705	0.233095
5.71	0.233095
5.715	0.233095
5.72	0.233095
5.725	0.233095
5.73	0.233095
5.735	0.233095
5.74	0.233095
5.745	0.233095
5.75	0.233095
5.755	0.233096
5.76	0.233096
5.765	0.233096
5.77	0.233096
5.775	0.233096
5.78	0.233096
5.785	0.233096
5.79	0.233096
5.795	0.233096
5.8	0.233096
5.805	0.233097
5.81	0.233097
5.815	0.233097
5.82	0.233097
5.825	0.233097
5.83	0.233097
5.835	0.233097
5.84	0.233097
5.845	0.233097
5.85	0.233097
5.855	0.233098
5.86	0.233098
5.865	0.233098
5.87	0.233098
5.875	0.233098
5.88	0.233098
5.885	0.233098
5.89	0.233098
5.895	0.233098
5.9	0.233098
5.905	0.233098
5.91	0.233099
5.915	0.233099
5.92	0.233099
5.925	0.233099
5.93	0.233099
5.935	0.233099
5.94	0.233099
5.945	0.233099
5.95	0.233099
5.955	0.233099
5.96	0.233099
5.965	0.2331
5.97	0.2331
5.975	0.2331
5.98	0.2331
5.985	0.2331
5.99	0.2331
5.995	0.2331
6	0.2331
6.005	0.2331
6.01	0.2331
6.015	0.2331
6.02	0.2331
6.025	0.233101
6.03	0.233101
6.035	0.233101
6.04	0.233101
6.045	0.233101
6.05	0.233101
6.055	0.233101
6.06	0.233101
6.065	0.233101
6.07	0.233101
6.075	0.233101
6.08	0.233101
6.085	0.233102
6.09	0.233102
6.095	0.233102
6.1	0.233102
6.105	0.233102
6.11	0.233102
6.115	0.233102
6.12	0.233102
6.125	0.233102
6.13	0.233102
6.135	0.233102
6.14	0.233102
6.145	0.233102
6.15	0.233103
6.155	0.233103
6.16	0.233103
6.165	0.233103
6.17	0.233103
6.175	0.233103
6.18	0.233103
6.185	0.233103
6.19	0.233103
6.195	0.233103
6.2	0.233103
6.205	0.233103
6.21	0.233103
6.215	0.233103
6.22	0.233104
6.225	0.233104
6.23	0.233104
6.235	0.233104
6.24	0.233104
6.245	0.233104
6.25	0.233104
6.255	0.233104
6.26	0.233104
6.265	0.233104
6.27	0.233104
6.275	0.233104
6.28	0.233104
6.285	0.233104
6.29	0.233104
6.295	0.233105
6.3	0.233105
6.305	0.233105
6.31	0.233105
6.315	0.233105
6.32	0.233105
6.325	0.233105
6.33	0.233105
6.335	0.233105
6.34	0.233105
6.345	0.233105
6.35	0.233105
6.355	0.233105
6.36	0.233105
6.365	0.233105
6.37	0.233105
6.375	0.233106
6.38	0.233106
6.385	0.233106
6.39	0.233106
6.395	0.233106
6.4	0.233106
6.405	0.233106
6.41	0.233106
6.415	0.233106
6.42	0.233106
6.425	0.233106
6.43	0.233106
6.435	0.233106
6.44	0.233106
6.445	0.233106
6.45	0.233106
6.455	0.233106
6.46	0.233107
6.465	0.233107
6.47	0.233107
6.475	0.233107
6.48	0.233107
6.485	0.233107
6.49	0.233107
6.495	0.233107
6.5	0.233107
6.505	0.233107
6.51	0.233107
6.515	0.233107
6.52	0.233107
6.525	0.233107
6.53	0.233107
6.535	0.233107
6.54	0.233107
6.545	0.233107
6.55	0.233108
6.555	0.233108
6.56	0.233108
6.565	0.233108
6.57	0.233108
6.575	0.233108
6.58	0.233108
6.585	0.233108
6.59	0.233108
6.595	0.233108
6.6	0.233108
6.605	0.233108
6.61	0.233108
6.615	0.233108
6.62	0.233108
6.625	0.233108
6.63	0.233108
6.635	0.233108
6.64	0.233108
6.645	0.233108
6.65	0.233109
6.655	0.233109
6.66	0.233109
6.665	0.233109
6.67	0.233109
6.675	0.233109
6.68	0.233109
6.685	0.233109
6.69	0.233109
6.695	0.233109
6.7	0.233109
6.705	0.233109
6.71	0.233109
6.715	0.233109
6.72	0.233109
6.725	0.233109
6.73	0.233109
6.735	0.233109
6.74	0.233109
6.745	0.233109
6.75	0.233109
6.755	0.23311
6.76	0.23311
6.765	0.23311
6.77	0.23311
6.775	0.23311
6.78	0.23311
6.785	0.23311
6.79	0.23311
6.795	0.23311
6.8	0.23311
6.805	0.23311
6.81	0.23311
6.815	0.23311
6.82	0.23311
6.825	0.23311
6.83	0.23311
6.835	0.23311
6.84	0.23311
6.845	0.23311
6.85	0.23311
6.855	0.23311
6.86	0.23311
6.865	0.23311
6.87	0.23311
6.875	0.233111
6.88	0.233111
6.885	0.233111
6.89	0.233111
6.895	0.233111
6.9	0.233111
6.905	0.233111
6.91	0.233111
6.915	0.233111
6.92	0.233111
6.925	0.233111
6.93	0.233111
6.935	0.233111
6.94	0.233111
6.945	0.233111
6.95	0.233111
6.955	0.233111
6.96	0.233111
6.965	0.233111
6.97	0.233111
6.975	0.233111
6.98	0.233111
6.985	0.233111
6.99	0.233111
6.995	0.233111
7	0.233111
7.005	0.233112
7.01	0.233112
7.015	0.233112
7.02	0.233112
7.025	0.233112
7.03	0.233112
7.035	0.233112
7.04	0.233112
7.045	0.233112
7.05	0.233112
7.055	0.233112
7.06	0.233112
7.065	0.233112
7.07	0.233112
7.075	0.233112
7.08	0.233112
7.085	0.233112
7.09	0.233112
7.095	0.233112
7.1	0.233112
7.105	0.233112
7.11	0.233112
7.115	0.233112
7.12	0.233112
7.125	0.233112
7.13	0.233112
7.135	0.233112
7.14	0.233112
7.145	0.233112
7.15	0.233112
7.155	0.233113
7.16	0.233113
7.165	0.233113
7.17	0.233113
7.175	0.233113
7.18	0.233113
7.185	0.233113
7.19	0.233113
7.195	0.233113
7.2	0.233113
7.205	0.233113
7.21	0.233113
7.215	0.233113
7.22	0.233113
7.225	0.233113
7.23	0.233113
7.235	0.233113
7.24	0.233113
7.245	0.233113
7.25	0.233113
7.255	0.233113
7.26	0.233113
7.265	0.233113
7.27	0.233113
7.275	0.233113
7.28	0.233113
7.285	0.233113
7.29	0.233113
7.295	0.233113
7.3	0.233113
7.305	0.233113
7.31	0.233113
7.315	0.233113
7.32	0.233114
7.325	0.233114
7.33	0.233114
7.335	0.233114
7.34	0.233114
7.345	0.233114
7.35	0.233114
7.355	0.233114
7.36	0.233114
7.365	0.233114
7.37	0.233114
7.375	0.233114
7.38	0.233114
7.385	0.233114
7.39	0.233114
7.395	0.233114
7.4	0.233114
7.405	0.233114
7.41	0.233114
7.415	0.233114
7.42	0.233114
7.425	0.233114
7.43	0.233114
7.435	0.233114
7.44	0.233114
7.445	0.233114
7.45	0.233114
7.455	0.233114
7.46	0.233114
7.465	0.233114
7.47	0.233114
7.475	0.233114
7.48	0.233114
7.485	0.233114
7.49	0.233114
7.495	0.233114
7.5	0.233114
7.505	0.233114
7.51	0.233114
7.515	0.233114
7.52	0.233115
7.525	0.233115
7.53	0.233115
7.535	0.233115
7.54	0.233115
7.545	0.233115
7.55	0.233115
7.555	0.233115
7.56	0.233115
7.565	0.233115
7.57	0.233115
7.575	0.233115
7.58	0.233115
7.585	0.233115
7.59	0.233115
7.595	0.233115
7.6	0.233115
7.605	0.233115
7.61	0.233115
7.615	0.233115
7.62	0.233115
7.625	0.233115
7.63	0.233115
7.635	0.233115
7.64	0.233115
7.645	0.233115
7.65	0.233115
7.655	0.233115
7.66	0.233115
7.665	0.233115
7.67	0.233115
7.675	0.233115
7.68	0.233115
7.685	0.233115
7.69	0.233115
7.695	0.233115
7.7	0.233115
7.705	0.233115
7.71	0.233115
7.715	0.233115
7.72	0.233115
7.725	0.233115
7.73	0.233115
7.735	0.233115
7.74	0.233115
7.745	0.233115
7.75	0.233116
7.755	0.233116
7.76	0.233116
7.765	0.233116
7.77	0.233116
7.775	0.233116
7.78	0.233116
7.785	0.233116
7.79	0.233116
7.795	0.233116
7.8	0.233116
7.805	0.233116
7.81	0.233116
7.815	0.233116
7.82	0.233116
7.825	0.233116
7.83	0.233116
7.835	0.233116
7.84	0.233116
7.845	0.233116
7.85	0.233116
7.855	0.233116
7.86	0.233116
7.865	0.233116
7.87	0.233116
7.875	0.233116
7.88	0.233116
7.885	0.233116
7.89	0.233116
7.895	0.233116
7.9	0.233116
7.905	0.233116
7.91	0.233116
7.915	0.233116
7.92	0.233116
7.925	0.233116
7.93	0.233116
7.935	0.233116
7.94	0.233116
7.945	0.233116
7.95	0.233116
7.955	0.233116
7.96	0.233116
7.965	0.233116
7.97	0.233116
7.975	0.233116
7.98	0.233116
7.985	0.233116
7.99	0.233116
7.995	0.233116
8	0.233116
8.005	0.233116
8.01	0.233116
8.015	0.233116
8.02	0.233116
8.025	0.233116
8.03	0.233116
8.035	0.233116
8.04	0.233117
8.045	0.233117
8.05	0.233117
8.055	0.233117
8.06	0.233117
8.065	0.233117
8.07	0.233117
8.075	0.233117
8.08	0.233117
8.085	0.233117
8.09	0.233117
8.095	0.233117
8.1	0.233117
8.105	0.233117
8.11	0.233117
8.115	0.233117
8.12	0.233117
8.125	0.233117
8.13	0.233117
8.135	0.233117
8.14	0.233117
8.145	0.233117
8.15	0.233117
8.155	0.233117
8.16	0.233117
8.165	0.233117
8.17	0.233117
8.175	0.233117
8.18	0.233117
8.185	0.233117
8.19	0.233117
8.195	0.233117
8.2	0.233117
8.205	0.233117
8.21	0.233117
8.215	0.233117
8.22	0.233117
8.225	0.233117
8.23	0.233117
8.235	0.233117
8.24	0.233117
8.245	0.233117
8.25	0.233117
8.255	0.233117
8.26	0.233117
8.265	0.233117
8.27	0.233117
8.275	0.233117
8.28	0.233117
8.285	0.233117
8.29	0.233117
8.295	0.233117
8.3	0.233117
8.305	0.233117
8.31	0.233117
8.315	0.233117
8.32	0.233117
8.325	0.233117
8.33	0.233117
8.335	0.233117
8.34	0.233117
8.345	0.233117
8.35	0.233117
8.355	0.233117
8.36	0.233117
8.365	0.233117
8.37	0.233117
8.375	0.233117
8.38	0.233117
8.385	0.233117
8.39	0.233117
8.395	0.233117
8.4	0.233117
8.405	0.233117
8.41	0.233118
8.415	0.233118
8.42	0.233118
8.425	0.233118
8.43	0.233118
8.435	0.233118
8.44	0.233118
8.445	0.233118
8.45	0.233118
8.455	0.233118
8.46	0.233118
8.465	0.233118
8.47	0.233118
8.475	0.233118
8.48	0.233118
8.485	0.233118
8.49	0.233118
8.495	0.233118
8.5	0.233118
8.505	0.233118
8.51	0.233118
8.515	0.233118
8.52	0.233118
8.525	0.233118
8.53	0.233118
8.535	0.233118
8.54	0.233118
8.545	0.233118
8.55	0.233118
8.555	0.233118
8.56	0.233118
8.565	0.233118
8.57	0.233118
8.575	0.233118
8.58	0.233118
8.585	0.233118
8.59	0.233118
8.595	0.233118
8.6	0.233118
8.605	0.233118
8.61	0.233118
8.615	0.233118
8.62	0.233118
8.625	0.233118
8.63	0.233118
8.635	0.233118
8.64	0.233118
8.645	0.233118
8.65	0.233118
8.655	0.233118
8.66	0.233118
8.665	0.233118
8.67	0.233118
8.675	0.233118
8.68	0.233118
8.685	0.233118
8.69	0.233118
8.695	0.233118
8.7	0.233118
8.705	0.233118
8.71	0.233118
8.715	0.233118
8.72	0.233118
8.725	0.233118
8.73	0.233118
8.735	0.233118
8.74	0.233118
8.745	0.233118
8.75	0.233118
8.755	0.233118
8.76	0.233118
8.765	0.233118
8.77	0.233118
8.775	0.233118
8.78	0.233118
8.785	0.233118
8.79	0.233118
8.795	0.233118
8.8	0.233118
8.805	0.233118
8.81	0.233118
8.815	0.233118
8.82	0.233118
8.825	0.233118
8.83	0.233118
8.835	0.233118
8.84	0.233118
8.845	0.233118
8.85	0.233118
8.855	0.233118
8.86	0.233118
8.865	0.233118
8.87	0.233118
8.875	0.233118
8.88	0.233118
8.885	0.233118
8.89	0.233118
8.895	0.233118
8.9	0.233118
8.905	0.233118
8.91	0.233118
8.915	0.233118
8.92	0.233118
8.925	0.233118
8.93	0.233118
8.935	0.233118
8.94	0.233119
8.945	0.233119
8.95	0.233119
8.955	0.233119
8.96	0.233119
8.965	0.233119
8.97	0.233119
8.975	0.233119
8.98	0.233119
8.985	0.233119
8.99	0.233119
8.995	0.233119
9	0.233119
9.005	0.233119
9.01	0.233119
9.015	0.233119
9.02	0.233119
9.025	0.233119
9.03	0.233119
9.035	0.233119
9.04	0.233119
9.045	0.233119
9.05	0.233119
9.055	0.233119
9.06	0.233119
9.065	0.233119
9.07	0.233119
9.075	0.233119
9.08	0.233119
9.085	0.233119
9.09	0.233119
9.095	0.233119
9.1	0.233119
9.105	0.233119
9.11	0.233119
9.115	0.233119
9.12	0.233119
9.125	0.233119
9.13	0.233119
9.135	0.233119
9.14	0.233119
9.145	0.233119
9.15	0.233119
9.155	0.233119
9.16	0.233119
9.165	0.233119
9.17	0.233119
9.175	0.233119
9.18	0.233119
9.185	0.233119
9.19	0.233119
9.195	0.233119
9.2	0.233119
9.205	0.233119
9.21	0.233119
9.215	0.233119
9.22	0.233119
9.225	0.233119
9.23	0.233119
9.235	0.233119
9.24	0.233119
9.245	0.233119
9.25	0.233119
9.255	0.233119
9.26	0.233119
9.265	0.233119
9.27	0.233119
9.275	0.233119
9.28	0.233119
9.285	0.233119
9.29	0.233119
9.295	0.233119
9.3	0.233119
9.305	0.233119
9.31	0.233119
9.315	0.233119
9.32	0.233119
9.325	0.233119
9.33	0.233119
9.335	0.233119
9.34	0.233119
9.345	0.233119
9.35	0.233119
9.355	0.233119
9.36	0.233119
9.365	0.233119
9.37	0.233119
9.375	0.233119
9.38	0.233119
9.385	0.233119
9.39	0.233119
9.395	0.233119
9.4	0.233119
9.405	0.233119
9.41	0.233119
9.415	0.233119
9.42	0.233119
9.425	0.233119
9.43	0.233119
9.435	0.233119
9.44	0.233119
9.445	0.233119
9.45	0.233119
9.455	0.233119
9.46	0.233119
9.465	0.233119
9.47	0.233119
9.475	0.233119
9.48	0.233119
9.485	0.233119
9.49	0.233119
9.495	0.233119
9.5	0.233119
9.505	0.233119
9.51	0.233119
9.515	0.233119
9.52	0.233119
9.525	0.233119
9.53	0.233119
9.535	0.233119
9.54	0.233119
9.545	0.233119
9.55	0.233119
9.555	0.233119
9.56	0.233119
9.565	0.233119
9.57	0.233119
9.575	0.233119
9.58	0.233119
9.585	0.233119
9.59	0.233119
9.595	0.233119
9.6	0.233119
9.605	0.233119
9.61	0.233119
9.615	0.233119
9.62	0.233119
9.625	0.233119
9.63	0.233119
9.635	0.233119
9.64	0.233119
9.645	0.233119
9.65	0.233119
9.655	0.233119
9.66	0.233119
9.665	0.233119
9.67	0.233119
9.675	0.233119
9.68	0.233119
9.685	0.233119
9.69	0.233119
9.695	0.233119
9.7	0.233119
9.705	0.233119
9.71	0.233119
9.715	0.233119
9.72	0.233119
9.725	0.233119
9.73	0.233119
9.735	0.233119
9.74	0.233119
9.745	0.233119
9.75	0.233119
9.755	0.233119
9.76	0.233119
9.765	0.233119
9.77	0.233119
9.775	0.233119
9.78	0.233119
9.785	0.233119
9.79	0.233119
9.795	0.233119
9.8	0.233119
9.805	0.233119
9.81	0.233119
9.815	0.233119
9.82	0.233119
9.825	0.233119
9.83	0.233119
9.835	0.233119
9.84	0.233119
9.845	0.23312
9.85	0.23312
9.855	0.23312
9.86	0.23312
9.865	0.23312
9.87	0.23312
9.875	0.23312
9.88	0.23312
9.885	0.23312
9.89	0.23312
9.895	0.23312
9.9	0.23312
9.905	0.23312
9.91	0.23312
9.915	0.23312
9.92	0.23312
9.925	0.23312
9.93	0.23312
9.935	0.23312
9.94	0.23312
9.945	0.23312
9.95	0.23312
9.955	0.23312
9.96	0.23312
9.965	0.23312
9.97	0.23312
9.975	0.23312
9.98	0.23312
9.985	0.23312
9.99	0.23312
9.995	0.23312
