0.005	0.58
0.01	0.98
0.015	1.42
0.02	1.83
0.025	2.22
0.03	2.63
0.035	3.02
0.04	3.41
0.045	3.8
0.05	4.22
0.055	5.12
0.06	5.5
0.065	6.1
0.07	6.52
0.075	6.89
0.08	7.53
0.085	7.93
0.09	8.33
0.095	8.65
0.1	9.26
0.105	9.92
0.11	11.04
0.115	11.81
0.12	12.33
0.125	12.65
0.13	13.04
0.135	13.35
0.14	14.19
0.145	14.51
0.15	14.9
0.155	15.24
0.16	15.63
0.165	15.94
0.17	16.33
0.175	16.64
0.18	17.03
0.185	17.34
0.19	17.71
0.195	18.03
0.2	18.5
0.205	18.81
0.21	19.21
0.215	19.53
0.22	20.13
0.225	20.93
0.23	21.85
0.235	22.19
0.24	22.57
0.245	22.87
0.25	23.26
0.255	23.56
0.26	23.97
0.265	24.55
0.27	24.96
0.275	25.27
0.28	25.66
0.285	26
0.29	26.39
0.295	26.72
0.3	27.16
0.305	27.49
0.31	27.89
0.315	28.21
0.32	28.6
0.325	28.93
0.33	29.32
0.335	29.63
0.34	30.02
0.345	30.35
0.35	30.75
0.355	31.08
0.36	31.69
0.365	32.07
0.37	32.39
0.375	33.33
0.38	34.56
0.385	34.9
0.39	35.61
0.395	36.19
0.4	36.5
0.405	36.81
0.41	37.41
0.415	37.73
0.42	38.46
0.425	38.86
0.43	39.16
0.435	39.47
0.44	39.89
0.445	40.23
0.45	40.78
0.455	41.2
0.46	41.52
0.465	41.83
0.47	42.24
0.475	42.55
0.48	42.89
0.485	43.29
0.49	43.59
0.495	43.91
0.5	44.22
0.505	44.61
0.51	44.92
0.515	45.24
0.52	45.56
0.525	45.93
0.53	46.26
0.535	46.6
0.54	46.91
0.545	47.36
0.55	47.66
0.555	47.95
0.56	48.27
0.565	48.99
0.57	49.61
0.575	50.34
0.58	50.66
0.585	51.05
0.59	51.35
0.595	51.65
0.6	52.43
0.605	53.46
0.61	54.22
0.615	54.96
0.62	55.71
0.625	56.11
0.63	56.42
0.635	56.72
0.64	57.03
0.645	57.35
0.65	57.78
0.655	58.09
0.66	58.4
0.665	58.73
0.67	59.04
0.675	59.42
0.68	59.76
0.685	60.1
0.69	60.42
0.695	60.73
0.7	61.73
0.705	62.05
0.71	62.36
0.715	62.66
0.72	63.02
0.725	63.42
0.73	63.71
0.735	64.03
0.74	64.34
0.745	64.64
0.75	65.03
0.755	65.33
0.76	65.65
0.765	65.97
0.77	66.29
0.775	66.63
0.78	67.04
0.785	67.37
0.79	67.67
0.795	68.49
0.8	68.81
0.805	69.13
0.81	69.55
0.815	69.87
0.82	70.18
0.825	70.49
0.83	70.79
0.835	71.1
0.84	71.5
0.845	71.83
0.85	72.13
0.855	72.45
0.86	72.75
0.865	73.06
0.87	73.48
0.875	73.75
0.88	74.56
0.885	74.95
0.89	75.3
0.895	76.05
0.9	76.96
0.905	77.68
0.91	78.4
0.915	79.16
0.92	79.46
0.925	79.78
0.93	80.19
0.935	80.7
0.94	81
0.945	81.32
0.95	82.13
0.955	82.5
0.96	82.93
0.965	83.52
0.97	84.21
0.975	84.93
0.98	85.23
0.985	85.55
0.99	85.85
0.995	86.87
1	87.48
1.005	88.3
1.01	89.05
1.015	89.35
1.02	89.66
1.025	89.98
1.03	90.41
1.035	90.71
1.04	91
1.045	91.31
1.05	91.61
1.055	91.93
1.06	92.24
1.065	92.81
1.07	93.11
1.075	93.41
1.08	93.71
1.085	94
1.09	94.29
1.095	94.6
1.1	94.97
1.105	95.33
1.11	95.66
1.115	95.95
1.12	96.6
1.125	96.92
1.13	97.23
1.135	97.52
1.14	97.91
1.145	98.2
1.15	98.52
1.155	98.81
1.16	99.13
1.165	99.85
1.17	100.17
1.175	100.6
1.18	101.61
1.185	102.47
1.19	102.77
1.195	103.08
1.2	103.4
1.205	103.75
1.21	104.06
1.215	104.36
1.22	104.73
1.225	105.02
1.23	105.31
1.235	105.61
1.24	105.91
1.245	106.24
1.25	106.53
1.255	106.83
1.26	107.21
1.265	107.56
1.27	108.32
1.275	108.63
1.28	108.94
1.285	109.67
1.29	110.45
1.295	110.76
1.3	111.14
1.305	111.45
1.31	111.74
1.315	112.04
1.32	112.35
1.325	112.65
1.33	112.97
1.335	113.27
1.34	113.59
1.345	113.96
1.35	114.25
1.355	114.56
1.36	114.89
1.365	115.21
1.37	115.51
1.375	115.84
1.38	116.14
1.385	116.45
1.39	116.85
1.395	117.16
1.4	117.47
1.405	117.76
1.41	118.05
1.415	118.34
1.42	118.62
1.425	118.92
1.43	119.33
1.435	119.7
1.44	120.01
1.445	120.32
1.45	120.66
1.455	120.97
1.46	121.25
1.465	121.55
1.47	121.9
1.475	122.22
1.48	122.62
1.485	122.92
1.49	123.21
1.495	123.52
1.5	123.8
1.505	124.1
1.51	124.41
1.515	124.7
1.52	124.99
1.525	125.31
1.53	125.68
1.535	126
1.54	126.66
1.545	126.96
1.55	127.3
1.555	127.6
1.56	127.89
1.565	128.2
1.57	128.53
1.575	128.86
1.58	129.37
1.585	129.68
1.59	129.97
1.595	130.3
1.6	130.61
1.605	130.9
1.61	131.2
1.615	131.48
1.62	131.81
1.625	132.11
1.63	132.47
1.635	132.8
1.64	133.11
1.645	133.4
1.65	133.69
1.655	134.02
1.66	134.29
1.665	134.63
1.67	134.91
1.675	135.24
1.68	135.66
1.685	135.96
1.69	136.27
1.695	136.57
1.7	136.87
1.705	137.16
1.71	137.46
1.715	137.75
1.72	138.1
1.725	138.81
1.73	139.68
1.735	139.99
1.74	140.29
1.745	140.6
1.75	141.35
1.755	142.16
1.76	142.48
1.765	142.78
1.77	143.07
1.775	143.38
1.78	143.77
1.785	144.07
1.79	144.36
1.795	144.65
1.8	144.97
1.805	145.25
1.81	145.55
1.815	145.84
1.82	146.15
1.825	146.64
1.83	147.01
1.835	147.31
1.84	147.57
1.845	147.9
1.85	148.16
1.855	148.51
1.86	148.81
1.865	149.12
1.87	149.41
1.875	149.71
1.88	150.08
1.885	150.37
1.89	150.66
1.895	150.94
1.9	151.23
1.905	151.54
1.91	152.18
1.915	152.79
1.92	153.39
1.925	153.72
1.93	154.08
1.935	154.44
1.94	154.78
1.945	155.13
1.95	155.44
1.955	155.71
1.96	156.01
1.965	156.31
1.97	156.63
1.975	156.93
1.98	157.21
1.985	157.5
1.99	157.79
1.995	158.06
2	158.44
2.005	158.72
2.01	159.02
2.015	159.3
2.02	159.59
2.025	159.87
2.03	160.19
2.035	160.48
2.04	160.78
2.045	161.12
2.05	161.42
2.055	162.17
2.06	162.45
2.065	162.75
2.07	163.13
2.075	163.4
2.08	163.69
2.085	163.96
2.09	164.25
2.095	164.55
2.1	164.84
2.105	165.12
2.11	165.41
2.115	165.79
2.12	166.08
2.125	166.37
2.13	166.67
2.135	166.97
2.14	167.26
2.145	167.63
2.15	167.89
2.155	168.24
2.16	168.54
2.165	168.81
2.17	169.11
2.175	169.4
2.18	169.71
2.185	170
2.19	170.28
2.195	170.56
2.2	170.84
2.205	171.16
2.21	171.44
2.215	171.74
2.22	172.03
2.225	172.39
2.23	173.01
2.235	173.72
2.24	174.4
2.245	174.89
2.25	175.61
2.255	175.9
2.26	176.2
2.265	176.49
2.27	176.76
2.275	177.05
2.28	177.33
2.285	177.62
2.29	177.89
2.295	178.17
2.3	178.77
2.305	179.06
2.31	180.14
2.315	180.8
2.32	181.09
2.325	181.4
2.33	181.75
2.335	182.34
2.34	183.04
2.345	183.33
2.35	183.61
2.355	183.89
2.36	184.17
2.365	184.46
2.37	184.74
2.375	185.02
2.38	185.31
2.385	185.61
2.39	185.89
2.395	186.26
2.4	186.56
2.405	186.89
2.41	187.18
2.415	187.5
2.42	187.83
2.425	188.15
2.43	188.47
2.435	188.76
2.44	189.06
2.445	189.36
2.45	189.95
2.455	190.24
2.46	190.52
2.465	190.8
2.47	191.09
2.475	191.37
2.48	191.75
2.485	192.02
2.49	192.3
2.495	192.86
2.5	193.16
2.505	193.44
2.51	193.72
2.515	194.05
2.52	194.38
2.525	194.7
2.53	195.03
2.535	195.61
2.54	196.02
2.545	196.33
2.55	196.61
2.555	196.89
2.56	197.18
2.565	197.55
2.57	198.14
2.575	198.65
2.58	199.06
2.585	199.35
2.59	199.81
2.595	200.19
2.6	200.86
2.605	201.45
2.61	201.77
2.615	202.37
2.62	202.74
2.625	203.03
2.63	203.33
2.635	203.62
2.64	203.91
2.645	204.19
2.65	205.16
2.655	205.53
2.66	205.81
2.665	206.54
2.67	207.01
2.675	207.68
2.68	208.24
2.685	208.55
2.69	208.85
2.695	209.15
2.7	209.45
2.705	209.73
2.71	210
2.715	210.28
2.72	210.59
2.725	210.88
2.73	211.16
2.735	211.51
2.74	211.79
2.745	212.38
2.75	212.67
2.755	212.95
2.76	213.35
2.765	213.67
2.77	213.94
2.775	214.25
2.78	214.83
2.785	215.24
2.79	215.53
2.795	216.16
2.8	216.45
2.805	216.86
2.81	217.14
2.815	217.43
2.82	218.03
2.825	218.56
2.83	219.12
2.835	219.41
2.84	219.82
2.845	220.31
2.85	220.76
2.855	221.05
2.86	221.31
2.865	221.61
2.87	222.19
2.875	222.49
2.88	222.77
2.885	223.33
2.89	223.62
2.895	224.21
2.9	224.5
2.905	225.01
2.91	225.59
2.915	225.93
2.92	226.69
2.925	226.96
2.93	227.25
2.935	227.53
2.94	227.87
2.945	228.43
2.95	228.7
2.955	229.29
2.96	229.87
2.965	230.51
2.97	230.79
2.975	231.07
2.98	231.34
2.985	231.62
2.99	231.89
2.995	232.22
3	232.53
3.005	232.9
3.01	233.2
3.015	233.5
3.02	233.78
3.025	234.04
3.03	234.31
3.035	234.64
3.04	234.95
3.045	235.52
3.05	235.79
3.055	236.07
3.06	236.4
3.065	236.67
3.07	236.94
3.075	237.21
3.08	237.49
3.085	238.04
3.09	238.58
3.095	239.3
3.1	240.17
3.105	240.57
3.11	240.85
3.115	241.1
3.12	241.38
3.125	241.66
3.13	241.93
3.135	242.26
3.14	242.54
3.145	243
3.15	243.29
3.155	243.58
3.16	243.86
3.165	244.15
3.17	244.45
3.175	244.72
3.18	245
3.185	245.3
3.19	245.58
3.195	245.85
3.2	246.24
3.205	246.56
3.21	246.84
3.215	247.1
3.22	247.39
3.225	247.79
3.23	248.07
3.235	248.37
3.24	248.63
3.245	248.92
3.25	249.2
3.255	249.49
3.26	249.77
3.265	250.1
3.27	250.37
3.275	250.64
3.28	250.93
3.285	251.22
3.29	251.5
3.295	251.78
3.3	252.07
3.305	252.9
3.31	253.18
3.315	253.55
3.32	254.22
3.325	254.5
3.33	254.78
3.335	255.06
3.34	255.35
3.345	255.63
3.35	255.91
3.355	256.17
3.36	256.45
3.365	256.75
3.37	257.03
3.375	257.29
3.38	257.59
3.385	257.87
3.39	258.48
3.395	259.17
3.4	259.47
3.405	259.79
3.41	260.08
3.415	260.49
3.42	260.81
3.425	261.09
3.43	261.37
3.435	261.75
3.44	262.07
3.445	262.44
3.45	262.71
3.455	262.98
3.46	263.25
3.465	263.55
3.47	263.83
3.475	264.1
3.48	264.38
3.485	264.94
3.49	265.48
3.495	266.09
3.5	266.56
3.505	267.21
3.51	267.91
3.515	268.53
3.52	268.86
3.525	269.21
3.53	269.49
3.535	269.78
3.54	270.06
3.545	270.34
3.55	270.62
3.555	270.9
3.56	271.18
3.565	271.46
3.57	271.75
3.575	272.02
3.58	272.28
3.585	272.55
3.59	272.82
3.595	273.41
3.6	273.8
3.605	274.1
3.61	274.35
3.615	274.64
3.62	274.93
3.625	275.22
3.63	275.52
3.635	275.81
3.64	276.17
3.645	276.45
3.65	276.75
3.655	277.09
3.66	277.36
3.665	277.64
3.67	277.96
3.675	278.22
3.68	278.5
3.685	278.78
3.69	279.07
3.695	279.34
3.7	279.65
3.705	279.95
3.71	280.23
3.715	280.5
3.72	280.79
3.725	281.36
3.73	281.96
3.735	282.25
3.74	282.53
3.745	282.8
3.75	283.09
3.755	283.37
3.76	283.68
3.765	284.04
3.77	284.3
3.775	284.57
3.78	284.86
3.785	285.41
3.79	285.99
3.795	286.29
3.8	286.64
3.805	286.97
3.81	287.39
3.815	287.78
3.82	288.22
3.825	288.52
3.83	288.78
3.835	289.06
3.84	289.62
3.845	290.18
3.85	290.56
3.855	290.83
3.86	291.1
3.865	291.41
3.87	291.68
3.875	291.95
3.88	292.23
3.885	292.76
3.89	293.04
3.895	293.33
3.9	293.71
3.905	294.03
3.91	294.32
3.915	294.56
3.92	294.84
3.925	295.11
3.93	295.38
3.935	295.7
3.94	295.97
3.945	296.25
3.95	296.52
3.955	296.79
3.96	297.09
3.965	297.62
3.97	298.19
3.975	298.53
3.98	298.8
3.985	299.09
3.99	299.4
3.995	299.72
4	300.04
4.005	300.29
4.01	300.58
4.015	300.88
4.02	301.37
4.025	301.92
4.03	302.56
4.035	303.06
4.04	303.4
4.045	303.66
4.05	303.93
4.055	304.2
4.06	304.75
4.065	305.32
4.07	305.61
4.075	305.89
4.08	306.19
4.085	306.45
4.09	306.71
4.095	306.99
4.1	307.64
4.105	308.23
4.11	308.66
4.115	308.95
4.12	309.24
4.125	309.55
4.13	309.82
4.135	310.09
4.14	310.38
4.145	310.65
4.15	310.92
4.155	311.19
4.16	311.45
4.165	311.73
4.17	311.99
4.175	312.26
4.18	312.54
4.185	312.81
4.19	313.14
4.195	313.82
4.2	314.12
4.205	314.42
4.21	315.01
4.215	315.57
4.22	315.86
4.225	316.16
4.23	316.68
4.235	317.2
4.24	317.47
4.245	317.77
4.25	318.02
4.255	318.54
4.26	318.82
4.265	319.09
4.27	319.34
4.275	319.61
4.28	319.93
4.285	320.24
4.29	320.51
4.295	320.82
4.3	321.09
4.305	321.35
4.31	321.62
4.315	321.87
4.32	322.15
4.325	322.41
4.33	322.68
4.335	322.94
4.34	323.48
4.345	324.02
4.35	324.31
4.355	324.57
4.36	324.86
4.365	325.14
4.37	325.52
4.375	325.78
4.38	326.05
4.385	326.32
4.39	326.58
4.395	326.86
4.4	327.16
4.405	327.44
4.41	327.68
4.415	328.01
4.42	328.32
4.425	328.56
4.43	328.84
4.435	329.1
4.44	329.36
4.445	329.65
4.45	329.92
4.455	330.17
4.46	330.44
4.465	330.7
4.47	331.01
4.475	331.26
4.48	331.53
4.485	331.8
4.49	332.07
4.495	332.35
4.5	332.61
4.505	332.88
4.51	333.15
4.515	333.42
4.52	333.66
4.525	333.93
4.53	334.24
4.535	334.55
4.54	334.82
4.545	335.15
4.55	335.43
4.555	335.7
4.56	335.97
4.565	336.31
4.57	336.65
4.575	336.92
4.58	337.18
4.585	337.45
4.59	337.71
4.595	337.97
4.6	338.24
4.605	338.51
4.61	338.8
4.615	339.06
4.62	339.33
4.625	339.6
4.63	339.87
4.635	340.16
4.64	340.73
4.645	341.06
4.65	341.34
4.655	341.72
4.66	342.02
4.665	342.47
4.67	342.85
4.675	343.13
4.68	343.42
4.685	343.68
4.69	343.95
4.695	344.41
4.7	344.68
4.705	344.96
4.71	345.21
4.715	345.47
4.72	345.73
4.725	346.01
4.73	346.28
4.735	346.56
4.74	346.87
4.745	347.45
4.75	348.07
4.755	348.69
4.76	349.23
4.765	349.74
4.77	350.25
4.775	350.76
4.78	351.01
4.785	351.3
4.79	351.55
4.795	351.82
4.8	352.08
4.805	352.36
4.81	352.62
4.815	353.04
4.82	353.39
4.825	353.7
4.83	353.99
4.835	354.25
4.84	354.57
4.845	354.87
4.85	355.51
4.855	355.99
4.86	356.46
4.865	357.01
4.87	357.28
4.875	357.76
4.88	358.2
4.885	358.48
4.89	358.74
4.895	358.99
4.9	359.27
4.905	359.54
4.91	359.79
4.915	360.07
4.92	360.33
4.925	360.61
4.93	360.94
4.935	361.18
4.94	361.48
4.945	361.83
4.95	362.13
4.955	362.47
4.96	362.73
4.965	363
4.97	363.59
4.975	363.88
4.98	364.14
4.985	364.4
4.99	364.68
4.995	364.93
5	365.2
5.005	365.45
5.01	365.71
5.015	365.97
5.02	366.29
5.025	366.54
5.03	366.8
5.035	367.06
5.04	367.33
5.045	367.59
5.05	367.85
5.055	368.3
5.06	368.56
5.065	369.24
5.07	369.77
5.075	370.3
5.08	370.6
5.085	370.85
5.09	371.12
5.095	371.37
5.1	371.65
5.105	371.94
5.11	372.21
5.115	372.49
5.12	372.76
5.125	373.03
5.13	373.28
5.135	373.56
5.14	373.9
5.145	374.15
5.15	374.43
5.155	375.09
5.16	375.67
5.165	376.3
5.17	376.56
5.175	376.83
5.18	377.1
5.185	377.6
5.19	377.88
5.195	378.14
5.2	378.39
5.205	378.65
5.21	378.94
5.215	379.21
5.22	379.47
5.225	379.73
5.23	380.16
5.235	380.64
5.24	380.91
5.245	381.49
5.25	381.8
5.255	382.23
5.26	382.49
5.265	382.82
5.27	383.11
5.275	383.35
5.28	383.62
5.285	383.88
5.29	384.14
5.295	384.42
5.3	384.68
5.305	384.98
5.31	385.47
5.315	385.73
5.32	386.01
5.325	386.27
5.33	386.54
5.335	386.8
5.34	387.06
5.345	387.33
5.35	387.58
5.355	387.85
5.36	388.11
5.365	388.41
5.37	388.72
5.375	388.96
5.38	389.26
5.385	389.52
5.39	389.78
5.395	390.05
5.4	390.32
5.405	390.58
5.41	390.84
5.415	391.11
5.42	391.4
5.425	391.67
5.43	391.91
5.435	392.19
5.44	392.64
5.445	392.91
5.45	393.14
5.455	393.41
5.46	393.66
5.465	393.96
5.47	394.21
5.475	394.47
5.48	394.72
5.485	395.33
5.49	395.62
5.495	396.2
5.5	396.45
5.505	396.75
5.51	397.22
5.515	397.77
5.52	398.06
5.525	398.35
5.53	398.59
5.535	398.86
5.54	399.28
5.545	399.75
5.55	400.08
5.555	400.34
5.56	400.62
5.565	400.89
5.57	401.13
5.575	401.39
5.58	401.64
5.585	401.9
5.59	402.18
5.595	402.54
5.6	402.78
5.605	403.08
5.61	403.37
5.615	403.69
5.62	403.99
5.625	404.23
5.63	404.5
5.635	404.76
5.64	405.23
5.645	405.47
5.65	405.95
5.655	406.39
5.66	406.68
5.665	406.92
5.67	407.18
5.675	407.43
5.68	407.76
5.685	408.01
5.69	408.28
5.695	408.52
5.7	408.77
5.705	409.08
5.71	409.34
5.715	409.57
5.72	409.89
5.725	410.13
5.73	410.39
5.735	410.67
5.74	410.93
5.745	411.19
5.75	411.46
5.755	411.72
5.76	411.99
5.765	412.23
5.77	412.58
5.775	412.82
5.78	413.07
5.785	413.44
5.79	413.89
5.795	414.32
5.8	414.61
5.805	414.84
5.81	415.26
5.815	415.53
5.82	415.81
5.825	416.15
5.83	416.43
5.835	416.98
5.84	417.62
5.845	417.96
5.85	418.46
5.855	419.03
5.86	419.51
5.865	419.94
5.87	420.45
5.875	420.71
5.88	420.96
5.885	421.21
5.89	421.46
5.895	421.72
5.9	421.98
5.905	422.24
5.91	422.74
5.915	423
5.92	423.24
5.925	423.49
5.93	423.78
5.935	424.02
5.94	424.33
5.945	424.62
5.95	424.96
5.955	425.22
5.96	425.49
5.965	425.73
5.97	426
5.975	426.25
5.98	426.5
5.985	426.76
5.99	427.03
5.995	427.28
6	427.55
6.005	427.79
6.01	428.05
6.015	428.3
6.02	428.55
6.025	428.8
6.03	429.07
6.035	429.31
6.04	429.56
6.045	429.83
6.05	430.05
6.055	430.31
6.06	430.65
6.065	430.93
6.07	431.24
6.075	431.51
6.08	431.78
6.085	432.03
6.09	432.3
6.095	432.79
6.1	433.29
6.105	433.72
6.11	434.02
6.115	434.45
6.12	434.92
6.125	435.17
6.13	435.42
6.135	435.65
6.14	435.94
6.145	436.21
6.15	436.51
6.155	436.75
6.16	437.04
6.165	437.3
6.17	437.53
6.175	437.88
6.18	438.18
6.185	438.46
6.19	438.73
6.195	438.97
6.2	439.24
6.205	439.51
6.21	439.78
6.215	440.02
6.22	440.35
6.225	440.58
6.23	440.82
6.235	441.08
6.24	441.31
6.245	441.58
6.25	441.82
6.255	442.1
6.26	442.36
6.265	442.6
6.27	442.84
6.275	443.09
6.28	443.38
6.285	443.67
6.29	443.9
6.295	444.15
6.3	444.4
6.305	444.69
6.31	444.97
6.315	445.22
6.32	445.47
6.325	445.73
6.33	445.99
6.335	446.3
6.34	446.53
6.345	446.79
6.35	447.03
6.355	447.28
6.36	447.8
6.365	448.07
6.37	448.31
6.375	448.57
6.38	448.82
6.385	449.07
6.39	449.31
6.395	449.55
6.4	449.79
6.405	450.04
6.41	450.3
6.415	450.55
6.42	450.77
6.425	451.3
6.43	451.58
6.435	451.83
6.44	452.11
6.445	452.36
6.45	452.62
6.455	452.87
6.46	453.16
6.465	453.41
6.47	453.65
6.475	453.9
6.48	454.15
6.485	454.4
6.49	454.66
6.495	454.91
6.5	455.16
6.505	455.39
6.51	455.64
6.515	455.88
6.52	456.13
6.525	456.38
6.53	456.62
6.535	456.88
6.54	457.14
6.545	457.36
6.55	457.58
6.555	457.82
6.56	458.07
6.565	458.33
6.57	458.62
6.575	458.86
6.58	459.11
6.585	459.35
6.59	459.62
6.595	459.86
6.6	460.12
6.605	460.37
6.61	460.62
6.615	460.85
6.62	461.09
6.625	461.36
6.63	461.6
6.635	461.84
6.64	462.09
6.645	462.33
6.65	462.57
6.655	462.81
6.66	463.07
6.665	463.31
6.67	463.57
6.675	463.85
6.68	464.32
6.685	464.68
6.69	464.94
6.695	465.24
6.7	465.82
6.705	466.12
6.71	466.47
6.715	466.76
6.72	467.02
6.725	467.26
6.73	467.51
6.735	467.76
6.74	468.01
6.745	468.25
6.75	468.49
6.755	468.75
6.76	469.01
6.765	469.26
6.77	469.64
6.775	469.89
6.78	470.14
6.785	470.39
6.79	470.68
6.795	470.93
6.8	471.16
6.805	471.37
6.81	471.65
6.815	471.92
6.82	472.21
6.825	472.44
6.83	472.71
6.835	472.96
6.84	473.22
6.845	473.54
6.85	473.77
6.855	474.02
6.86	474.27
6.865	474.51
6.87	474.75
6.875	475.05
6.88	475.29
6.885	475.53
6.89	475.78
6.895	476.02
6.9	476.27
6.905	476.51
6.91	476.76
6.915	477.02
6.92	477.33
6.925	477.61
6.93	478.11
6.935	478.49
6.94	478.8
6.945	479.11
6.95	479.4
6.955	479.65
6.96	480.13
6.965	480.43
6.97	480.81
6.975	481.23
6.98	481.48
6.985	481.75
6.99	481.99
6.995	482.25
7	482.48
7.005	482.73
7.01	482.98
7.015	483.23
7.02	483.49
7.025	483.72
7.03	483.98
7.035	484.24
7.04	484.47
7.045	484.71
7.05	484.99
7.055	485.23
7.06	485.54
7.065	485.84
7.07	486.29
7.075	486.76
7.08	487.27
7.085	487.51
7.09	487.75
7.095	487.99
7.1	488.23
7.105	488.48
7.11	488.74
7.115	488.97
7.12	489.22
7.125	489.46
7.13	489.71
7.135	489.96
7.14	490.21
7.145	490.44
7.15	490.75
7.155	490.99
7.16	491.23
7.165	491.48
7.17	491.92
7.175	492.44
7.18	492.66
7.185	492.9
7.19	493.15
7.195	493.4
7.2	493.65
7.205	493.91
7.21	494.15
7.215	494.64
7.22	495.07
7.225	495.33
7.23	495.58
7.235	495.82
7.24	496.07
7.245	496.33
7.25	496.56
7.255	496.83
7.26	497.18
7.265	497.43
7.27	497.69
7.275	498.59
7.28	498.83
7.285	499.14
7.29	499.42
7.295	499.67
7.3	500.07
7.305	500.33
7.31	500.6
7.315	500.84
7.32	501.08
7.325	501.33
7.33	501.57
7.335	501.81
7.34	502.03
7.345	502.28
7.35	502.51
7.355	502.95
7.36	503.23
7.365	503.46
7.37	503.71
7.375	503.95
7.38	504.2
7.385	504.47
7.39	504.68
7.395	504.92
7.4	505.15
7.405	505.51
7.41	506.01
7.415	506.39
7.42	506.74
7.425	507
7.43	507.22
7.435	507.57
7.44	507.82
7.445	508.06
7.45	508.31
7.455	508.55
7.46	508.79
7.465	509.03
7.47	509.27
7.475	509.52
7.48	509.77
7.485	510.02
7.49	510.25
7.495	510.5
7.5	510.72
7.505	511.02
7.51	511.26
7.515	511.56
7.52	511.83
7.525	512.08
7.53	512.65
7.535	512.91
7.54	513.14
7.545	513.45
7.55	513.87
7.555	514.15
7.56	514.4
7.565	514.63
7.57	514.96
7.575	515.2
7.58	515.49
7.585	515.74
7.59	515.98
7.595	516.21
7.6	516.44
7.605	516.86
7.61	517.1
7.615	517.35
7.62	517.6
7.625	517.88
7.63	518.18
7.635	518.39
7.64	518.82
7.645	519.1
7.65	519.42
7.655	519.68
7.66	519.92
7.665	520.17
7.67	520.44
7.675	520.72
7.68	520.97
7.685	521.22
7.69	521.47
7.695	521.71
7.7	521.95
7.705	522.22
7.71	522.45
7.715	522.71
7.72	522.95
7.725	523.19
7.73	523.45
7.735	523.71
7.74	523.95
7.745	524.18
7.75	524.4
7.755	524.69
7.76	524.98
7.765	525.22
7.77	525.53
7.775	525.76
7.78	525.99
7.785	526.26
7.79	526.49
7.795	526.74
7.8	526.98
7.805	527.23
7.81	527.47
7.815	527.73
7.82	527.96
7.825	528.21
7.83	528.43
7.835	528.67
7.84	529.01
7.845	529.27
7.85	529.51
7.855	529.74
7.86	530
7.865	530.23
7.87	530.47
7.875	530.69
7.88	530.95
7.885	531.18
7.89	531.47
7.895	531.71
7.9	531.91
7.905	532.13
7.91	532.53
7.915	533.09
7.92	533.5
7.925	533.92
7.93	534.19
7.935	534.53
7.94	534.82
7.945	535.05
7.95	535.29
7.955	535.56
7.96	535.8
7.965	536.03
7.97	536.25
7.975	536.7
7.98	536.94
7.985	537.17
7.99	537.52
7.995	537.91
8	538.44
8.005	538.91
8.01	539.37
8.015	539.64
8.02	539.97
8.025	540.21
8.03	540.44
8.035	540.69
8.04	540.97
8.045	541.21
8.05	541.44
8.055	541.71
8.06	541.95
8.065	542.17
8.07	542.42
8.075	542.65
8.08	542.88
8.085	543.12
8.09	543.34
8.095	543.57
8.1	543.81
8.105	544.04
8.11	544.27
8.115	544.5
8.12	544.77
8.125	545
8.13	545.3
8.135	545.59
8.14	545.82
8.145	546.34
8.15	546.59
8.155	546.82
8.16	547.06
8.165	547.3
8.17	547.74
8.175	548.13
8.18	548.51
8.185	548.9
8.19	549.29
8.195	549.7
8.2	549.94
8.205	550.2
8.21	550.42
8.215	550.66
8.22	550.91
8.225	551.15
8.23	551.37
8.235	551.64
8.24	551.93
8.245	552.14
8.25	552.36
8.255	552.6
8.26	552.87
8.265	553.11
8.27	553.35
8.275	553.59
8.28	553.83
8.285	554.07
8.29	554.34
8.295	554.59
8.3	554.83
8.305	555.08
8.31	555.31
8.315	555.69
8.32	555.96
8.325	556.19
8.33	556.42
8.335	556.66
8.34	556.9
8.345	557.19
8.35	557.44
8.355	557.67
8.36	557.91
8.365	558.15
8.37	558.41
8.375	558.69
8.38	558.93
8.385	559.15
8.39	559.39
8.395	559.61
8.4	560.15
8.405	560.39
8.41	560.64
8.415	560.86
8.42	561.13
8.425	561.38
8.43	561.61
8.435	561.86
8.44	562.09
8.445	562.33
8.45	562.57
8.455	562.8
8.46	563.04
8.465	563.28
8.47	563.5
8.475	563.74
8.48	564
8.485	564.25
8.49	564.49
8.495	564.73
8.5	564.95
8.505	565.22
8.51	565.52
8.515	565.97
8.52	566.35
8.525	566.61
8.53	566.87
8.535	567.12
8.54	567.38
8.545	567.61
8.55	567.84
8.555	568.12
8.56	568.35
8.565	568.57
8.57	568.81
8.575	569.15
8.58	569.41
8.585	569.76
8.59	570.02
8.595	570.36
8.6	570.6
8.605	570.87
8.61	571.11
8.615	571.35
8.62	571.58
8.625	571.94
8.63	572.22
8.635	572.71
8.64	573.15
8.645	573.72
8.65	573.95
8.655	574.19
8.66	574.44
8.665	574.67
8.67	574.92
8.675	575.17
8.68	575.41
8.685	575.64
8.69	575.88
8.695	576.11
8.7	576.34
8.705	576.59
8.71	576.96
8.715	577.2
8.72	577.58
8.725	577.83
8.73	578.2
8.735	578.47
8.74	578.72
8.745	579.2
8.75	579.66
8.755	579.93
8.76	580.17
8.765	580.54
8.77	580.85
8.775	581.09
8.78	581.33
8.785	581.56
8.79	581.82
8.795	582.18
8.8	582.39
8.805	582.62
8.81	582.85
8.815	583.08
8.82	583.32
8.825	583.55
8.83	583.78
8.835	584.14
8.84	584.38
8.845	584.67
8.85	584.94
8.855	585.17
8.86	585.4
8.865	585.62
8.87	585.89
8.875	586.2
8.88	586.47
8.885	586.85
8.89	587.31
8.895	587.54
8.9	587.83
8.905	588.11
8.91	588.37
8.915	588.64
8.92	588.9
8.925	589.14
8.93	589.38
8.935	589.62
8.94	589.97
8.945	590.4
8.95	590.64
8.955	590.89
8.96	591.12
8.965	591.37
8.97	591.6
8.975	591.82
8.98	592.04
8.985	592.27
8.99	592.49
8.995	592.89
9	593.32
9.005	593.76
9.01	594.02
9.015	594.27
9.02	594.68
9.025	594.93
9.03	595.35
9.035	595.78
9.04	596.02
9.045	596.26
9.05	596.5
9.055	596.73
9.06	596.96
9.065	597.2
9.07	597.46
9.075	597.69
9.08	597.94
9.085	598.18
9.09	598.43
9.095	598.66
9.1	599.02
9.105	599.37
9.11	599.65
9.115	599.93
9.12	600.15
9.125	600.39
9.13	600.63
9.135	600.86
9.14	601.12
9.145	601.41
9.15	601.65
9.155	601.89
9.16	602.13
9.165	602.36
9.17	602.58
9.175	602.82
9.18	603.04
9.185	603.27
9.19	603.49
9.195	603.73
9.2	603.99
9.205	604.22
9.21	604.46
9.215	604.69
9.22	605.07
9.225	605.3
9.23	605.53
9.235	605.76
9.24	605.99
9.245	606.21
9.25	606.49
9.255	606.77
9.26	606.99
9.265	607.22
9.27	607.46
9.275	607.7
9.28	607.95
9.285	608.21
9.29	608.44
9.295	608.67
9.3	609.03
9.305	609.33
9.31	609.57
9.315	609.79
9.32	610.1
9.325	610.33
9.33	610.57
9.335	610.81
9.34	611.07
9.345	611.39
9.35	611.73
9.355	611.96
9.36	612.2
9.365	612.43
9.37	612.68
9.375	612.89
9.38	613.12
9.385	613.55
9.39	613.83
9.395	614.06
9.4	614.28
9.405	614.57
9.41	614.82
9.415	615.05
9.42	615.3
9.425	615.53
9.43	615.77
9.435	616.01
9.44	616.26
9.445	616.5
9.45	616.73
9.455	616.97
9.46	617.2
9.465	617.42
9.47	617.66
9.475	617.9
9.48	618.24
9.485	618.48
9.49	618.79
9.495	619.14
9.5	619.39
9.505	619.61
9.51	619.84
9.515	620.1
9.52	620.35
9.525	620.64
9.53	620.89
9.535	621.11
9.54	621.38
9.545	621.82
9.55	622.08
9.555	622.31
9.56	622.56
9.565	622.79
9.57	623.03
9.575	623.26
9.58	623.49
9.585	623.72
9.59	624.02
9.595	624.36
9.6	624.71
9.605	625.08
9.61	625.31
9.615	625.68
9.62	626.02
9.625	626.26
9.63	626.5
9.635	626.75
9.64	627.12
9.645	627.33
9.65	627.74
9.655	628.01
9.66	628.27
9.665	628.56
9.67	628.84
9.675	629.05
9.68	629.27
9.685	629.51
9.69	629.75
9.695	629.99
9.7	630.23
9.705	630.46
9.71	630.68
9.715	630.96
9.72	631.2
9.725	631.44
9.73	631.67
9.735	631.91
9.74	632.29
9.745	632.52
9.75	632.76
9.755	632.99
9.76	633.23
9.765	633.51
9.77	633.75
9.775	634.06
9.78	634.3
9.785	634.53
9.79	634.8
9.795	635.07
9.8	635.34
9.805	635.63
9.81	635.86
9.815	636.11
9.82	636.34
9.825	636.57
9.83	636.8
9.835	637.02
9.84	637.26
9.845	637.49
9.85	637.78
9.855	638.01
9.86	638.35
9.865	638.69
9.87	638.94
9.875	639.18
9.88	639.41
9.885	639.64
9.89	639.88
9.895	640.1
9.9	640.35
9.905	640.63
9.91	640.85
9.915	641.06
9.92	641.29
9.925	641.56
9.93	641.81
9.935	642.07
9.94	642.3
9.945	642.52
9.95	642.76
9.955	643
9.96	643.25
9.965	643.48
9.97	643.7
9.975	643.93
9.98	644.15
9.985	644.38
9.99	644.61
9.995	644.84
10	645.08
