0.005	1
0.01	0.218202
0.015	0.0797298
0.02	0.052083
0.025	0.0406493
0.03	0.0313629
0.035	0.0241725
0.04	0.0188438
0.045	0.0152362
0.05	0.0127328
0.055	0.0109885
0.06	0.00961089
0.065	0.00851907
0.07	0.00764192
0.075	0.00690909
0.08	0.00628093
0.085	0.00574518
0.09	0.00529896
0.095	0.00490817
0.1	0.00455972
0.105	0.00428125
0.11	0.00403087
0.115	0.00380809
0.12	0.00360333
0.125	0.00342159
0.13	0.00325906
0.135	0.0031108
0.14	0.00297223
0.145	0.00284908
0.15	0.00273109
0.155	0.00262403
0.16	0.00252387
0.165	0.00243483
0.17	0.00235122
0.175	0.00227293
0.18	0.00219725
0.185	0.002126
0.19	0.00205888
0.195	0.00199668
0.2	0.00193634
0.205	0.00187984
0.21	0.00182525
0.215	0.00177575
0.22	0.00172787
0.225	0.00168363
0.23	0.00164062
0.235	0.00160022
0.24	0.00156232
0.245	0.00152744
0.25	0.00149286
0.255	0.00146041
0.26	0.00142861
0.265	0.00139889
0.27	0.00136974
0.275	0.00134286
0.28	0.00131632
0.285	0.00129113
0.29	0.00126613
0.295	0.0012426
0.3	0.00121895
0.305	0.00119644
0.31	0.0011741
0.315	0.00115317
0.32	0.00113245
0.325	0.00111275
0.33	0.0010932
0.335	0.00107475
0.34	0.00105692
0.345	0.00104037
0.35	0.0010239
0.355	0.00100812
0.36	0.000992453
0.365	0.000977467
0.37	0.00096362
0.375	0.000949474
0.38	0.000935964
0.385	0.000922999
0.39	0.00090987
0.395	0.000897363
0.4	0.000885367
0.405	0.000873095
0.41	0.0008614
0.415	0.000850296
0.42	0.000839155
0.425	0.000828609
0.43	0.000818716
0.435	0.0008082
0.44	0.000797929
0.445	0.000788197
0.45	0.000778137
0.455	0.000768447
0.46	0.000759337
0.465	0.000749949
0.47	0.000741011
0.475	0.000732442
0.48	0.000723618
0.485	0.000715167
0.49	0.000707066
0.495	0.000698808
0.5	0.000690984
0.505	0.000683384
0.51	0.000676246
0.515	0.000668521
0.52	0.000661292
0.525	0.000654351
0.53	0.000647889
0.535	0.000640905
0.54	0.000634337
0.545	0.00062793
0.55	0.000621956
0.555	0.000615383
0.56	0.000609283
0.565	0.000603215
0.57	0.000597567
0.575	0.000591386
0.58	0.00058569
0.585	0.000580002
0.59	0.000574843
0.595	0.000569068
0.6	0.000563705
0.605	0.0005585
0.61	0.00055363
0.615	0.000548189
0.62	0.000543145
0.625	0.000538265
0.63	0.000533673
0.635	0.000528515
0.64	0.000523755
0.645	0.000519137
0.65	0.00051449
0.655	0.000510323
0.66	0.000505432
0.665	0.000500931
0.67	0.000496527
0.675	0.000492267
0.68	0.000488364
0.685	0.000483888
0.69	0.000479728
0.695	0.000475695
0.7	0.000471718
0.705	0.000468131
0.71	0.000463942
0.715	0.000460095
0.72	0.000456373
0.725	0.000452724
0.73	0.000449448
0.735	0.000445564
0.74	0.00044199
0.745	0.000438497
0.75	0.000435073
0.755	0.000432036
0.76	0.000428348
0.765	0.000424987
0.77	0.000421705
0.775	0.000418498
0.78	0.000415355
0.785	0.000412613
0.79	0.000409128
0.795	0.000405966
0.8	0.00040291
0.805	0.000399864
0.81	0.000396947
0.815	0.000394344
0.82	0.000391046
0.825	0.000388163
0.83	0.000385257
0.835	0.000382417
0.84	0.000379645
0.845	0.000377307
0.85	0.000374195
0.855	0.000371427
0.86	0.00036873
0.865	0.000366116
0.87	0.000363464
0.875	0.000361212
0.88	0.000358338
0.885	0.000355718
0.89	0.000353187
0.895	0.000350746
0.9	0.000348234
0.905	0.000346189
0.91	0.000343471
0.915	0.000341003
0.92	0.000338616
0.925	0.000336255
0.93	0.000334006
0.935	0.000332072
0.94	0.000329529
0.945	0.000327243
0.95	0.000325038
0.955	0.00032285
0.96	0.000320756
0.965	0.000318972
0.97	0.000316587
0.975	0.000314451
0.98	0.000312396
0.985	0.000310305
0.99	0.000308313
0.995	0.00030629
1	0.000304743
1.005	0.000302443
1.01	0.000300409
1.015	0.000298472
1.02	0.000296529
1.025	0.000294625
1.03	0.000292745
1.035	0.000291227
1.04	0.000289056
1.045	0.000287126
1.05	0.000285272
1.055	0.000283408
1.06	0.000281584
1.065	0.000279788
1.07	0.000278366
1.075	0.000276292
1.08	0.000274462
1.085	0.000272716
1.09	0.000270967
1.095	0.000269244
1.1	0.000267557
1.105	0.000266234
1.11	0.000264317
1.115	0.000262619
1.12	0.000260973
1.125	0.000259321
1.13	0.000257693
1.135	0.000256113
1.14	0.000254574
1.145	0.000253392
1.15	0.000251575
1.155	0.000249908
1.16	0.000248377
1.165	0.000246849
1.17	0.000245366
1.175	0.000243837
1.18	0.000242373
1.185	0.000241298
1.19	0.000239606
1.195	0.000238056
1.2	0.000236623
1.205	0.000235192
1.21	0.00023377
1.215	0.000232384
1.22	0.000230956
1.225	0.000230005
1.23	0.000228393
1.235	0.00022693
1.24	0.000225586
1.245	0.000224241
1.25	0.000222907
1.255	0.000221581
1.26	0.000220286
1.265	0.000219369
1.27	0.00021787
1.275	0.000216482
1.28	0.000215214
1.285	0.000213944
1.29	0.000212681
1.295	0.000211425
1.3	0.000210189
1.305	0.000209338
1.31	0.0002079
1.315	0.000206641
1.32	0.000205387
1.325	0.00020417
1.33	0.000202961
1.335	0.000201766
1.34	0.00020058
1.345	0.000199465
1.35	0.000198695
1.355	0.00019735
1.36	0.000196061
1.365	0.000194939
1.37	0.000193807
1.375	0.00019269
1.38	0.000191568
1.385	0.00019046
1.39	0.000189361
1.395	0.000188699
1.4	0.000187449
1.405	0.000186253
1.41	0.000185209
1.415	0.000184155
1.42	0.000183113
1.425	0.000182071
1.43	0.000181026
1.435	0.000179998
1.44	0.000179401
1.445	0.000178223
1.45	0.000177092
1.455	0.000176186
1.46	0.000175164
1.465	0.000174162
1.47	0.00017318
1.475	0.000172191
1.48	0.00017123
1.485	0.00017067
1.49	0.000169614
1.495	0.000168529
1.5	0.000167602
1.505	0.000166674
1.51	0.000165751
1.515	0.000164825
1.52	0.000163899
1.525	0.000162967
1.53	0.000162074
1.535	0.000161684
1.54	0.000160607
1.545	0.000159574
1.55	0.000158749
1.555	0.000157851
1.56	0.000157012
1.565	0.000156138
1.57	0.00015529
1.575	0.000154437
1.58	0.000153549
1.585	0.000153147
1.59	0.000152188
1.595	0.000151199
1.6	0.000150391
1.605	0.000149574
1.61	0.000148768
1.615	0.000147961
1.62	0.000147191
1.625	0.000146366
1.63	0.000145524
1.635	0.000145138
1.64	0.000144287
1.645	0.000143336
1.65	0.000142584
1.655	0.000141823
1.66	0.000141074
1.665	0.000140323
1.67	0.000139586
1.675	0.000138879
1.68	0.000138059
1.685	0.000137707
1.69	0.000136908
1.695	0.000136023
1.7	0.000135373
1.705	0.000134631
1.71	0.000133928
1.715	0.00013325
1.72	0.000132526
1.725	0.00013186
1.73	0.00013109
1.735	0.000130829
1.74	0.000130046
1.745	0.000129217
1.75	0.000128577
1.755	0.000127894
1.76	0.000127236
1.765	0.000126612
1.77	0.000126002
1.775	0.000125293
1.78	0.000124586
1.785	0.000124383
1.79	0.000123565
1.795	0.000122847
1.8	0.000122224
1.805	0.000121577
1.81	0.00012096
1.815	0.000120397
1.82	0.000119753
1.825	0.000119231
1.83	0.000118478
1.835	0.000118397
1.84	0.000117476
1.845	0.000116815
1.85	0.000116221
1.855	0.000115638
1.86	0.000115055
1.865	0.000114478
1.87	0.000113902
1.875	0.000113333
1.88	0.00011286
1.885	0.000112626
1.89	0.000111816
1.895	0.000111177
1.9	0.000110623
1.905	0.000110074
1.91	0.000109531
1.915	0.000108989
1.92	0.000108449
1.925	0.000107913
1.93	0.000107381
1.935	0.000106896
1.94	0.000106872
1.945	0.000105974
1.95	0.000105445
1.955	0.000104883
1.96	0.000104431
1.965	0.000103887
1.97	0.00010338
1.975	0.000102856
1.98	0.000102346
1.985	0.000101849
1.99	0.000101356
1.995	0.000100865
2	0.000100425
2.005	0.000100483
2.01	9.96158e-05
2.015	9.91131e-05
2.02	9.8611e-05
2.025	9.8143e-05
2.03	9.76749e-05
2.035	9.72118e-05
2.04	9.67474e-05
2.045	9.62903e-05
2.05	9.5831e-05
2.055	9.53796e-05
2.06	9.49264e-05
2.065	9.44565e-05
2.07	9.39967e-05
2.075	9.41172e-05
2.08	9.3371e-05
2.085	9.28446e-05
2.09	9.23862e-05
2.095	9.19532e-05
2.1	9.15263e-05
2.105	9.11005e-05
2.11	9.06742e-05
2.115	9.02497e-05
2.12	8.98292e-05
2.125	8.94109e-05
2.13	8.90127e-05
2.135	8.85773e-05
2.14	8.81707e-05
2.145	8.77438e-05
2.15	8.79397e-05
2.155	8.71909e-05
2.16	8.66576e-05
2.165	8.62613e-05
2.17	8.58661e-05
2.175	8.54746e-05
2.18	8.5082e-05
2.185	8.46911e-05
2.19	8.43028e-05
2.195	8.39167e-05
2.2	8.35422e-05
2.205	8.31564e-05
2.21	8.27766e-05
2.215	8.24016e-05
2.22	8.20458e-05
2.225	8.16345e-05
2.23	8.18369e-05
2.235	8.11542e-05
2.24	8.06633e-05
2.245	8.02957e-05
2.25	7.99392e-05
2.255	7.95828e-05
2.26	7.92268e-05
2.265	7.88726e-05
2.27	7.85193e-05
2.275	7.81682e-05
2.28	7.78191e-05
2.285	7.74793e-05
2.29	7.71317e-05
2.295	7.67875e-05
2.3	7.64481e-05
2.305	7.61266e-05
2.31	7.57556e-05
2.315	7.5991e-05
2.32	7.53324e-05
2.325	7.48832e-05
2.33	7.45724e-05
2.335	7.42523e-05
2.34	7.3915e-05
2.345	7.36042e-05
2.35	7.32694e-05
2.355	7.29627e-05
2.36	7.26268e-05
2.365	7.23279e-05
2.37	7.19765e-05
2.375	7.16629e-05
2.38	7.13535e-05
2.385	7.10433e-05
2.39	7.07364e-05
2.395	7.04337e-05
2.4	7.06081e-05
2.405	7.00057e-05
2.41	6.96153e-05
2.415	6.93072e-05
2.42	6.90115e-05
2.425	6.87131e-05
2.43	6.84196e-05
2.435	6.81233e-05
2.44	6.78322e-05
2.445	6.75387e-05
2.45	6.73066e-05
2.455	6.69876e-05
2.46	6.6732e-05
2.465	6.64061e-05
2.47	6.61231e-05
2.475	6.58439e-05
2.48	6.55659e-05
2.485	6.5766e-05
2.49	6.51771e-05
2.495	6.48151e-05
2.5	6.45368e-05
2.505	6.42632e-05
2.51	6.39954e-05
2.515	6.37234e-05
2.52	6.34563e-05
2.525	6.31865e-05
2.53	6.29219e-05
2.535	6.26548e-05
2.54	6.23929e-05
2.545	6.21981e-05
2.55	6.18875e-05
2.555	6.16274e-05
2.56	6.1372e-05
2.565	6.11167e-05
2.57	6.13014e-05
2.575	6.07634e-05
2.58	6.04254e-05
2.585	6.0173e-05
2.59	5.99206e-05
2.595	5.96752e-05
2.6	5.9425e-05
2.605	5.91799e-05
2.61	5.89321e-05
2.615	5.86892e-05
2.62	5.8444e-05
2.625	5.82039e-05
2.63	5.79615e-05
2.635	5.77933e-05
2.64	5.75028e-05
2.645	5.72662e-05
2.65	5.70333e-05
2.655	5.72089e-05
2.66	5.67203e-05
2.665	5.63732e-05
2.67	5.62324e-05
2.675	5.5939e-05
2.68	5.57152e-05
2.685	5.54859e-05
2.69	5.52614e-05
2.695	5.50341e-05
2.7	5.48114e-05
2.705	5.45864e-05
2.71	5.43662e-05
2.715	5.41436e-05
2.72	5.39915e-05
2.725	5.37211e-05
2.73	5.35043e-05
2.735	5.32903e-05
2.74	5.34543e-05
2.745	5.29903e-05
2.75	5.26848e-05
2.755	5.24668e-05
2.76	5.22511e-05
2.765	5.20476e-05
2.77	5.18361e-05
2.775	5.16268e-05
2.78	5.14202e-05
2.785	5.12119e-05
2.79	5.11073e-05
2.795	5.08331e-05
2.8	5.06303e-05
2.805	5.04259e-05
2.81	5.02957e-05
2.815	5.00396e-05
2.82	4.98421e-05
2.825	4.96451e-05
2.83	4.98268e-05
2.835	4.94094e-05
2.84	4.90888e-05
2.845	4.8893e-05
2.85	4.86992e-05
2.855	4.85065e-05
2.86	4.83162e-05
2.865	4.81219e-05
2.87	4.79341e-05
2.875	4.77382e-05
2.88	4.75542e-05
2.885	4.73603e-05
2.89	4.72725e-05
2.895	4.70194e-05
2.9	4.68321e-05
2.905	4.67184e-05
2.91	4.64782e-05
2.915	4.62957e-05
2.92	4.64541e-05
2.925	4.60836e-05
2.93	4.57787e-05
2.935	4.5602e-05
2.94	4.54208e-05
2.945	4.52453e-05
2.95	4.50679e-05
2.955	4.48904e-05
2.96	4.47143e-05
2.965	4.45359e-05
2.97	4.43645e-05
2.975	4.41862e-05
2.98	4.40126e-05
2.985	4.38412e-05
2.99	4.37731e-05
2.995	4.36028e-05
3	4.33758e-05
3.005	4.32075e-05
3.01	4.33589e-05
3.015	4.30221e-05
3.02	4.27142e-05
3.025	4.25275e-05
3.03	4.24609e-05
3.035	4.22287e-05
3.04	4.20344e-05
3.045	4.18851e-05
3.05	4.1716e-05
3.055	4.16457e-05
3.06	4.14156e-05
3.065	4.13099e-05
3.07	4.10991e-05
3.075	4.09386e-05
3.08	4.07779e-05
3.085	4.07217e-05
3.09	4.05687e-05
3.095	4.03518e-05
3.1	4.01971e-05
3.105	4.03616e-05
3.11	3.99957e-05
3.115	3.97312e-05
3.12	3.95855e-05
3.125	3.94323e-05
3.13	3.92819e-05
3.135	3.91317e-05
3.14	3.89798e-05
3.145	3.883e-05
3.15	3.86786e-05
3.155	3.85295e-05
3.16	3.83788e-05
3.165	3.83192e-05
3.17	3.81104e-05
3.175	3.80117e-05
3.18	3.7816e-05
3.185	3.77787e-05
3.19	3.76256e-05
3.195	3.74249e-05
3.2	3.72824e-05
3.205	3.74785e-05
3.21	3.71308e-05
3.215	3.68575e-05
3.22	3.67262e-05
3.225	3.65836e-05
3.23	3.64471e-05
3.235	3.63082e-05
3.24	3.61696e-05
3.245	3.60309e-05
3.25	3.58927e-05
3.255	3.57546e-05
3.26	3.56171e-05
3.265	3.54798e-05
3.27	3.5343e-05
3.275	3.52066e-05
3.28	3.5161e-05
3.285	3.4971e-05
3.29	3.49219e-05
3.295	3.48e-05
3.3	3.46079e-05
3.305	3.44765e-05
3.31	3.46755e-05
3.315	3.43529e-05
3.32	3.40892e-05
3.325	3.39667e-05
3.33	3.38349e-05
3.335	3.37105e-05
3.34	3.35825e-05
3.345	3.3456e-05
3.35	3.3328e-05
3.355	3.32018e-05
3.36	3.30743e-05
3.365	3.29486e-05
3.37	3.28218e-05
3.375	3.26968e-05
3.38	3.25707e-05
3.385	3.24466e-05
3.39	3.23213e-05
3.395	3.22878e-05
3.4	3.21104e-05
3.405	3.21371e-05
3.41	3.19001e-05
3.415	3.17809e-05
3.42	3.19764e-05
3.425	3.16909e-05
3.43	3.14277e-05
3.435	3.13153e-05
3.44	3.1194e-05
3.445	3.10797e-05
3.45	3.09622e-05
3.455	3.08463e-05
3.46	3.07287e-05
3.465	3.06131e-05
3.47	3.0496e-05
3.475	3.03809e-05
3.48	3.02645e-05
3.485	3.01501e-05
3.49	3.00343e-05
3.495	2.99207e-05
3.5	2.98057e-05
3.505	2.96929e-05
3.51	2.95787e-05
3.515	2.95582e-05
3.52	2.93784e-05
3.525	2.94312e-05
3.53	2.94811e-05
3.535	2.92685e-05
3.54	2.90216e-05
3.545	2.89218e-05
3.55	2.88092e-05
3.555	2.87022e-05
3.56	2.85936e-05
3.565	2.84899e-05
3.57	2.8381e-05
3.575	2.82742e-05
3.58	2.81697e-05
3.585	2.80616e-05
3.59	2.79505e-05
3.595	2.78107e-05
3.6	2.77063e-05
3.605	2.76022e-05
3.61	2.74972e-05
3.615	2.73929e-05
3.62	2.72886e-05
3.625	2.71853e-05
3.63	2.7175e-05
3.635	2.7143e-05
3.64	2.69317e-05
3.645	2.71603e-05
3.65	2.69433e-05
3.655	2.674e-05
3.66	2.66858e-05
3.665	2.65313e-05
3.67	2.64857e-05
3.675	2.62752e-05
3.68	2.61972e-05
3.685	2.60947e-05
3.69	2.59981e-05
3.695	2.59022e-05
3.7	2.58032e-05
3.705	2.57089e-05
3.71	2.56089e-05
3.715	2.55829e-05
3.72	2.55203e-05
3.725	2.53216e-05
3.73	2.53407e-05
3.735	2.51387e-05
3.74	2.49885e-05
3.745	2.48984e-05
3.75	2.48041e-05
3.755	2.4877e-05
3.76	2.46686e-05
3.765	2.45803e-05
3.77	2.48812e-05
3.775	2.46264e-05
3.78	2.44065e-05
3.785	2.43232e-05
3.79	2.42174e-05
3.795	2.40772e-05
3.8	2.39955e-05
3.805	2.39058e-05
3.81	2.38726e-05
3.815	2.37754e-05
3.82	2.36913e-05
3.825	2.35958e-05
3.83	2.35119e-05
3.835	2.34209e-05
3.84	2.32784e-05
3.845	2.32561e-05
3.85	2.31623e-05
3.855	2.30144e-05
3.86	2.29381e-05
3.865	2.28508e-05
3.87	2.27668e-05
3.875	2.2717e-05
3.88	2.27152e-05
3.885	2.25436e-05
3.89	2.25312e-05
3.895	2.23501e-05
3.9	2.22689e-05
3.905	2.25763e-05
3.91	2.24009e-05
3.915	2.21294e-05
3.92	2.1985e-05
3.925	2.19058e-05
3.93	2.18227e-05
3.935	2.17426e-05
3.94	2.16622e-05
3.945	2.15804e-05
3.95	2.15005e-05
3.955	2.14191e-05
3.96	2.13393e-05
3.965	2.12585e-05
3.97	2.11791e-05
3.975	2.10988e-05
3.98	2.10199e-05
3.985	2.09402e-05
3.99	2.08618e-05
3.995	2.07827e-05
4	2.07047e-05
4.005	2.06263e-05
4.01	2.05487e-05
4.015	2.04709e-05
4.02	2.04732e-05
4.025	2.03141e-05
4.03	2.02473e-05
4.035	2.01726e-05
4.04	2.01797e-05
4.045	2.04005e-05
4.05	2.03391e-05
4.055	1.99564e-05
4.06	1.99998e-05
4.065	1.98035e-05
4.07	1.98111e-05
4.075	1.96654e-05
4.08	1.96685e-05
4.085	1.95192e-05
4.09	1.9519e-05
4.095	1.93745e-05
4.1	1.93756e-05
4.105	1.9214e-05
4.11	1.91513e-05
4.115	1.90825e-05
4.12	1.90097e-05
4.125	1.89543e-05
4.13	1.88334e-05
4.135	1.88906e-05
4.14	1.87324e-05
4.145	1.87399e-05
4.15	1.8595e-05
4.155	1.84805e-05
4.16	1.84684e-05
4.165	1.84274e-05
4.17	1.83357e-05
4.175	1.81971e-05
4.18	1.81329e-05
4.185	1.81586e-05
4.19	1.81443e-05
4.195	1.80724e-05
4.2	1.82589e-05
4.205	1.82393e-05
4.21	1.78519e-05
4.215	1.79251e-05
4.22	1.77147e-05
4.225	1.76702e-05
4.23	1.7603e-05
4.235	1.75399e-05
4.24	1.7473e-05
4.245	1.74088e-05
4.25	1.7343e-05
4.255	1.72782e-05
4.26	1.72131e-05
4.265	1.7149e-05
4.27	1.70842e-05
4.275	1.70206e-05
4.28	1.69567e-05
4.285	1.68933e-05
4.29	1.68299e-05
4.295	1.67669e-05
4.3	1.67041e-05
4.305	1.66416e-05
4.31	1.65795e-05
4.315	1.65172e-05
4.32	1.64557e-05
4.325	1.63939e-05
4.33	1.63329e-05
4.335	1.62715e-05
4.34	1.62112e-05
4.345	1.61577e-05
4.35	1.62449e-05
4.355	1.60058e-05
4.36	1.61242e-05
4.365	1.59385e-05
4.37	1.59961e-05
4.375	1.60725e-05
4.38	1.60572e-05
4.385	1.58163e-05
4.39	1.56455e-05
4.395	1.57444e-05
4.4	1.5576e-05
4.405	1.56101e-05
4.41	1.54462e-05
4.415	1.54136e-05
4.42	1.54389e-05
4.425	1.5277e-05
4.43	1.52335e-05
4.435	1.51759e-05
4.44	1.5121e-05
4.445	1.50629e-05
4.45	1.5008e-05
4.455	1.49506e-05
4.46	1.4896e-05
4.465	1.48389e-05
4.47	1.47848e-05
4.475	1.47281e-05
4.48	1.46745e-05
4.485	1.46181e-05
4.49	1.4565e-05
4.495	1.45089e-05
4.5	1.44564e-05
4.505	1.44007e-05
4.51	1.43684e-05
4.515	1.42573e-05
4.52	1.436e-05
4.525	1.41965e-05
4.53	1.41022e-05
4.535	1.40565e-05
4.54	1.40046e-05
4.545	1.39519e-05
4.55	1.38986e-05
4.555	1.38475e-05
4.56	1.37953e-05
4.565	1.37448e-05
4.57	1.3693e-05
4.575	1.39322e-05
4.58	1.39566e-05
4.585	1.37146e-05
4.59	1.35555e-05
4.595	1.35092e-05
4.6	1.34634e-05
4.605	1.34087e-05
4.61	1.33606e-05
4.615	1.33115e-05
4.62	1.32582e-05
4.625	1.32126e-05
4.63	1.31572e-05
4.635	1.31142e-05
4.64	1.30577e-05
4.645	1.3012e-05
4.65	1.29646e-05
4.655	1.29216e-05
4.66	1.2867e-05
4.665	1.28199e-05
4.67	1.27706e-05
4.675	1.2724e-05
4.68	1.2675e-05
4.685	1.26288e-05
4.69	1.258e-05
4.695	1.25346e-05
4.7	1.24858e-05
4.705	1.24413e-05
4.71	1.23924e-05
4.715	1.23493e-05
4.72	1.22993e-05
4.725	1.22591e-05
4.73	1.22078e-05
4.735	1.21672e-05
4.74	1.21191e-05
4.745	1.20733e-05
4.75	1.20281e-05
4.755	1.19836e-05
4.76	1.19385e-05
4.765	1.18943e-05
4.77	1.18498e-05
4.775	1.18058e-05
4.78	1.17619e-05
4.785	1.17181e-05
4.79	1.16748e-05
4.795	1.16312e-05
4.8	1.16427e-05
4.805	1.15139e-05
4.81	1.16475e-05
4.815	1.15085e-05
4.82	1.13881e-05
4.825	1.17878e-05
4.83	1.17548e-05
4.835	1.15201e-05
4.84	1.12699e-05
4.845	1.13936e-05
4.85	1.12413e-05
4.855	1.12028e-05
4.86	1.11687e-05
4.865	1.11235e-05
4.87	1.10826e-05
4.875	1.10386e-05
4.88	1.09981e-05
4.885	1.09551e-05
4.89	1.09143e-05
4.895	1.08727e-05
4.9	1.08319e-05
4.905	1.0791e-05
4.91	1.07499e-05
4.915	1.07099e-05
4.92	1.06692e-05
4.925	1.06297e-05
4.93	1.05894e-05
4.935	1.05502e-05
4.94	1.05097e-05
4.945	1.04713e-05
4.95	1.04315e-05
4.955	1.03935e-05
4.96	1.03538e-05
4.965	1.03156e-05
4.97	1.02764e-05
4.975	1.02391e-05
4.98	1.02005e-05
4.985	1.01635e-05
4.99	1.01246e-05
4.995	1.00876e-05
5	1.00497e-05
5.005	1.00135e-05
5.01	9.9758e-06
5.015	9.93957e-06
5.02	9.9017e-06
5.025	9.86577e-06
5.03	9.82904e-06
5.035	9.79393e-06
5.04	9.75724e-06
5.045	9.72187e-06
5.05	9.68516e-06
5.055	9.65073e-06
5.06	9.6152e-06
5.065	9.58123e-06
5.07	9.58204e-06
5.075	9.46173e-06
5.08	9.43131e-06
5.085	9.39947e-06
5.09	9.36258e-06
5.095	9.32984e-06
5.1	9.29422e-06
5.105	9.26151e-06
5.11	9.22659e-06
5.115	9.19404e-06
5.12	9.15994e-06
5.125	9.12745e-06
5.13	9.19339e-06
5.135	9.20329e-06
5.14	9.10511e-06
5.145	9.46707e-06
5.15	9.41689e-06
5.155	9.30248e-06
5.16	8.9119e-06
5.165	9.08209e-06
5.17	8.97136e-06
5.175	8.84932e-06
5.18	8.99444e-06
5.185	8.86172e-06
5.19	8.89268e-06
5.195	8.78778e-06
5.2	8.83091e-06
5.205	8.67636e-06
5.21	8.65624e-06
5.215	8.6243e-06
5.22	8.59275e-06
5.225	8.5601e-06
5.23	8.52778e-06
5.235	8.49549e-06
5.24	8.46458e-06
5.245	8.43084e-06
5.25	8.4028e-06
5.255	8.36755e-06
5.26	8.33759e-06
5.265	8.30626e-06
5.27	8.27531e-06
5.275	8.23978e-06
5.28	8.21551e-06
5.285	8.17906e-06
5.29	8.15611e-06
5.295	8.12187e-06
5.3	8.09997e-06
5.305	8.05894e-06
5.31	8.03161e-06
5.315	7.99936e-06
5.32	7.97243e-06
5.325	7.93963e-06
5.33	7.91364e-06
5.335	7.88002e-06
5.34	7.85568e-06
5.345	7.82034e-06
5.35	7.79869e-06
5.355	7.75973e-06
5.36	7.74279e-06
5.365	7.70495e-06
5.37	7.68328e-06
5.375	7.64691e-06
5.38	7.6331e-06
5.385	7.58695e-06
5.39	7.57491e-06
5.395	7.54344e-06
5.4	7.55659e-06
5.405	7.72196e-06
5.41	7.62689e-06
5.415	7.60421e-06
5.42	7.5877e-06
5.425	7.54421e-06
5.43	7.5161e-06
5.435	7.49104e-06
5.44	7.48047e-06
5.445	7.44316e-06
5.45	7.40346e-06
5.455	7.36851e-06
5.46	7.37372e-06
5.465	7.33082e-06
5.47	7.32794e-06
5.475	7.27883e-06
5.48	7.28491e-06
5.485	7.22614e-06
5.49	7.24645e-06
5.495	7.17618e-06
5.5	7.19959e-06
5.505	7.12313e-06
5.51	7.04037e-06
5.515	7.05062e-06
5.52	6.99637e-06
5.525	7.01163e-06
5.53	6.9533e-06
5.535	6.95542e-06
5.54	6.91503e-06
5.545	6.9097e-06
5.55	6.87506e-06
5.555	6.8547e-06
5.56	6.82902e-06
5.565	6.80859e-06
5.57	6.79308e-06
5.575	6.75822e-06
5.58	6.75223e-06
5.585	6.71248e-06
5.59	6.72189e-06
5.595	6.66656e-06
5.6	6.96191e-06
5.605	6.89321e-06
5.61	6.61868e-06
5.615	6.82751e-06
5.62	6.6542e-06
5.625	6.62069e-06
5.63	6.56114e-06
5.635	6.54992e-06
5.64	6.53381e-06
5.645	6.50543e-06
5.65	6.47171e-06
5.655	6.44724e-06
5.66	6.42956e-06
5.665	6.39812e-06
5.67	6.38144e-06
5.675	6.34691e-06
5.68	6.32694e-06
5.685	6.29502e-06
5.69	6.28696e-06
5.695	6.35293e-06
5.7	6.23584e-06
5.705	6.20319e-06
5.71	6.17499e-06
5.715	6.25102e-06
5.72	6.1589e-06
5.725	6.2173e-06
5.73	6.08566e-06
5.735	6.16305e-06
5.74	6.05282e-06
5.745	6.10759e-06
5.75	6.00118e-06
5.755	6.06593e-06
5.76	5.96458e-06
5.765	6.01979e-06
5.77	5.91166e-06
5.775	5.98448e-06
5.78	5.87372e-06
5.785	5.93027e-06
5.79	5.82308e-06
5.795	5.89658e-06
5.8	5.78701e-06
5.805	5.84396e-06
5.81	5.73687e-06
5.815	5.81189e-06
5.82	5.701e-06
5.825	5.76173e-06
5.83	5.65139e-06
5.835	5.73074e-06
5.84	5.74157e-06
5.845	5.69337e-06
5.85	5.68371e-06
5.855	5.71214e-06
5.86	5.61044e-06
5.865	5.68803e-06
5.87	5.52622e-06
5.875	5.56399e-06
5.88	5.56628e-06
5.885	5.50869e-06
5.89	5.50836e-06
5.895	5.47499e-06
5.9	5.47283e-06
5.905	5.4351e-06
5.91	5.43497e-06
5.915	5.39984e-06
5.92	5.38477e-06
5.925	5.37626e-06
5.93	5.35979e-06
5.935	5.32442e-06
5.94	5.30319e-06
5.945	5.30603e-06
5.95	5.27804e-06
5.955	5.26958e-06
5.96	5.23506e-06
5.965	5.24829e-06
5.97	5.20666e-06
5.975	5.19219e-06
5.98	5.13943e-06
5.985	5.1779e-06
5.99	5.12118e-06
5.995	5.14078e-06
6	5.08296e-06
6.005	5.11641e-06
6.01	5.05026e-06
6.015	5.08414e-06
6.02	5.0025e-06
6.025	5.07153e-06
6.03	4.9812e-06
6.035	5.02694e-06
6.04	4.9332e-06
6.045	5.00943e-06
6.05	4.90468e-06
6.055	4.9642e-06
6.06	4.85026e-06
6.065	4.95897e-06
6.07	4.83286e-06
6.075	4.92876e-06
6.08	4.79267e-06
6.085	4.77162e-06
6.09	4.71368e-06
6.095	4.73992e-06
6.1	4.70493e-06
6.105	4.71846e-06
6.11	4.65699e-06
6.115	4.6937e-06
6.12	4.62741e-06
6.125	4.67032e-06
6.13	4.59438e-06
6.135	4.65258e-06
6.14	4.56286e-06
6.145	4.63046e-06
6.15	4.52788e-06
6.155	4.61201e-06
6.16	4.49504e-06
6.165	4.59408e-06
6.17	4.46487e-06
6.175	4.59002e-06
6.18	4.46054e-06
6.185	4.55481e-06
6.19	4.43143e-06
6.195	4.52346e-06
6.2	4.39044e-06
6.205	4.49008e-06
6.21	4.36464e-06
6.215	4.49055e-06
6.22	4.33368e-06
6.225	4.57464e-06
6.23	4.73123e-06
6.235	4.45693e-06
6.24	4.49498e-06
6.245	4.50391e-06
6.25	4.41411e-06
6.255	4.32793e-06
6.26	4.35942e-06
6.265	4.3868e-06
6.27	4.40927e-06
6.275	4.33823e-06
6.28	4.27361e-06
6.285	4.14865e-06
6.29	4.28026e-06
6.295	4.20668e-06
6.3	3.92815e-06
6.305	4.24954e-06
6.31	4.27735e-06
6.315	4.07678e-06
6.32	4.10672e-06
6.325	4.05557e-06
6.33	3.82989e-06
6.335	4.10317e-06
6.34	4.27784e-06
6.345	3.99255e-06
6.35	4.01871e-06
6.355	4.18514e-06
6.36	3.94913e-06
6.365	3.96193e-06
6.37	4.136e-06
6.375	3.90545e-06
6.38	3.91877e-06
6.385	4.08921e-06
6.39	3.86068e-06
6.395	3.87353e-06
6.4	4.04377e-06
6.405	3.70424e-06
6.41	4.00473e-06
6.415	3.97241e-06
6.42	3.6496e-06
6.425	3.87166e-06
6.43	3.83819e-06
6.435	3.57872e-06
6.44	3.77945e-06
6.445	3.79693e-06
6.45	3.5576e-06
6.455	3.75907e-06
6.46	3.75104e-06
6.465	3.49307e-06
6.47	3.69618e-06
6.475	3.71499e-06
6.48	3.48154e-06
6.485	3.67836e-06
6.49	3.66921e-06
6.495	3.41404e-06
6.5	3.61987e-06
6.505	3.63735e-06
6.51	3.41089e-06
6.515	3.60332e-06
6.52	3.5923e-06
6.525	3.3391e-06
6.53	3.55077e-06
6.535	3.56316e-06
6.54	3.34431e-06
6.545	3.39485e-06
6.55	3.35724e-06
6.555	3.35708e-06
6.56	3.36194e-06
6.565	3.58674e-06
6.57	3.23548e-06
6.575	3.58451e-06
6.58	3.53918e-06
6.585	3.17533e-06
6.59	3.53295e-06
6.595	3.46679e-06
6.6	3.1415e-06
6.605	3.48284e-06
6.61	3.45165e-06
6.615	3.10448e-06
6.62	3.46611e-06
6.625	3.39851e-06
6.63	3.07448e-06
6.635	3.42178e-06
6.64	3.38114e-06
6.645	3.04166e-06
6.65	3.40523e-06
6.655	3.32981e-06
6.66	3.01323e-06
6.665	3.36324e-06
6.67	3.31464e-06
6.675	2.98113e-06
6.68	3.34771e-06
6.685	3.2634e-06
6.69	2.95304e-06
6.695	3.30364e-06
6.7	3.24822e-06
6.705	2.9198e-06
6.71	3.28704e-06
6.715	3.19806e-06
6.72	2.89172e-06
6.725	3.2423e-06
6.73	3.18229e-06
6.735	2.85851e-06
6.74	3.22568e-06
6.745	3.13439e-06
6.75	2.83086e-06
6.755	3.18172e-06
6.76	3.1179e-06
6.765	2.79823e-06
6.77	3.16554e-06
6.775	3.07267e-06
6.78	2.77127e-06
6.785	3.12276e-06
6.79	3.05566e-06
6.795	2.73945e-06
6.8	3.10746e-06
6.805	3.30722e-06
6.81	2.86228e-06
6.815	3.14228e-06
6.82	3.21569e-06
6.825	2.82113e-06
6.83	3.09109e-06
6.835	3.14423e-06
6.84	2.77629e-06
6.845	3.0547e-06
6.85	3.1367e-06
6.855	2.73694e-06
6.86	3.04216e-06
6.865	3.08826e-06
6.87	2.69555e-06
6.875	3.0383e-06
6.88	3.00629e-06
6.885	2.64464e-06
6.89	2.90216e-06
6.895	2.94394e-06
6.9	2.62919e-06
6.905	2.90706e-06
6.91	2.96608e-06
6.915	2.5898e-06
6.92	2.89196e-06
6.925	2.90082e-06
6.93	2.59437e-06
6.935	2.93053e-06
6.94	2.93447e-06
6.945	2.57701e-06
6.95	2.93601e-06
6.955	2.86168e-06
6.96	2.59988e-06
6.965	2.9676e-06
6.97	2.89678e-06
6.975	2.55799e-06
6.98	2.84668e-06
6.985	2.85685e-06
6.99	2.5239e-06
6.995	2.82954e-06
7	2.79469e-06
7.005	2.47043e-06
7.01	2.76112e-06
7.015	2.73936e-06
7.02	2.51674e-06
7.025	2.88477e-06
7.03	2.77713e-06
7.035	2.47569e-06
7.04	2.75409e-06
7.045	2.77602e-06
7.05	2.4402e-06
7.055	2.72825e-06
7.06	2.82524e-06
7.065	2.40885e-06
7.07	2.79764e-06
7.075	2.80755e-06
7.08	2.42033e-06
7.085	2.69461e-06
7.09	2.72568e-06
7.095	2.33784e-06
7.1	2.86663e-06
7.105	2.97125e-06
7.11	2.8678e-06
7.115	2.83666e-06
7.12	2.51952e-06
7.125	2.73542e-06
7.13	2.78041e-06
7.135	2.43094e-06
7.14	2.81131e-06
7.145	2.51208e-06
7.15	2.93699e-06
7.155	2.78965e-06
7.16	2.78815e-06
7.165	2.59153e-06
7.17	2.69204e-06
7.175	2.75945e-06
7.18	2.41128e-06
7.185	2.53042e-06
7.19	2.54907e-06
7.195	2.30297e-06
7.2	2.70614e-06
7.205	2.60224e-06
7.21	2.275e-06
7.215	2.69043e-06
7.22	2.7756e-06
7.225	2.46955e-06
7.23	2.56222e-06
7.235	2.74691e-06
7.24	2.39336e-06
7.245	2.82626e-06
7.25	2.7284e-06
7.255	2.48488e-06
7.26	2.61052e-06
7.265	2.46196e-06
7.27	2.34891e-06
7.275	2.52416e-06
7.28	2.64287e-06
7.285	2.89267e-06
7.29	2.86601e-06
7.295	2.97003e-06
7.3	2.62304e-06
7.305	2.51745e-06
7.31	2.56221e-06
7.315	2.52579e-06
7.32	2.38075e-06
7.325	2.39749e-06
7.33	2.30957e-06
7.335	2.3618e-06
7.34	2.44518e-06
7.345	2.23913e-06
7.35	2.00298e-06
7.355	2.46279e-06
7.36	2.24702e-06
7.365	2.07848e-06
7.37	2.33395e-06
7.375	2.44088e-06
7.38	2.30417e-06
7.385	2.20075e-06
7.39	2.20129e-06
7.395	2.33823e-06
7.4	2.02834e-06
7.405	2.20386e-06
7.41	2.27357e-06
7.415	2.05739e-06
7.42	2.22805e-06
7.425	2.25764e-06
7.43	2.10563e-06
7.435	2.20775e-06
7.44	2.32453e-06
7.445	2.27669e-06
7.45	2.17024e-06
7.455	2.36494e-06
7.46	2.27984e-06
7.465	2.27694e-06
7.47	2.03156e-06
7.475	2.09991e-06
7.48	2.10105e-06
7.485	1.91121e-06
7.49	2.32392e-06
7.495	2.1781e-06
7.5	2.29866e-06
7.505	2.06726e-06
7.51	2.34948e-06
7.515	2.17162e-06
7.52	2.03449e-06
7.525	2.31719e-06
7.53	2.14558e-06
7.535	2.01376e-06
7.54	2.20158e-06
7.545	2.2132e-06
7.55	2.13498e-06
7.555	2.2456e-06
7.56	1.9893e-06
7.565	2.31094e-06
7.57	2.24296e-06
7.575	2.23263e-06
7.58	2.10292e-06
7.585	2.21669e-06
7.59	2.13417e-06
7.595	2.04387e-06
7.6	2.25513e-06
7.605	2.2538e-06
7.61	2.25887e-06
7.615	2.01063e-06
7.62	2.23625e-06
7.625	2.09498e-06
7.63	1.90342e-06
7.635	2.22545e-06
7.64	2.14548e-06
7.645	1.93559e-06
7.65	1.97301e-06
7.655	2.09277e-06
7.66	2.14415e-06
7.665	2.07092e-06
7.67	2.17432e-06
7.675	1.82777e-06
7.68	2.25443e-06
7.685	2.00282e-06
7.69	2.03086e-06
7.695	2.52139e-06
7.7	1.68526e-06
7.705	2.20872e-06
7.71	2.30614e-06
7.715	2.37719e-06
7.72	2.14949e-06
7.725	2.40885e-06
7.73	2.08658e-06
7.735	1.92862e-06
7.74	2.055e-06
7.745	2.2305e-06
7.75	2.03152e-06
7.755	2.08877e-06
7.76	2.11135e-06
7.765	2.26563e-06
7.77	2.15433e-06
7.775	2.33051e-06
7.78	1.81842e-06
7.785	2.08398e-06
7.79	2.1852e-06
7.795	2.24449e-06
7.8	1.90018e-06
7.805	2.04259e-06
7.81	2.10605e-06
7.815	2.09805e-06
7.82	2.05524e-06
7.825	1.97664e-06
7.83	2.07685e-06
7.835	2.0164e-06
7.84	2.18243e-06
7.845	2.13096e-06
7.85	1.98007e-06
7.855	1.85625e-06
7.86	1.90808e-06
7.865	2.14802e-06
7.87	2.12534e-06
7.875	1.98632e-06
7.88	1.96932e-06
7.885	1.97126e-06
7.89	1.96835e-06
7.895	2.02699e-06
7.9	2.05355e-06
7.905	2.09212e-06
7.91	1.89805e-06
7.915	2.02031e-06
7.92	1.76103e-06
7.925	1.92959e-06
7.93	2.05021e-06
7.935	1.94715e-06
7.94	1.88369e-06
7.945	1.75507e-06
7.95	1.796e-06
7.955	1.97177e-06
7.96	2.00357e-06
7.965	1.81282e-06
7.97	1.98127e-06
7.975	1.7366e-06
7.98	1.98365e-06
7.985	1.89846e-06
7.99	2.20384e-06
7.995	1.84232e-06
8	1.82257e-06
8.005	2.00603e-06
8.01	2.28874e-06
8.015	1.8261e-06
8.02	1.78722e-06
8.025	1.73526e-06
8.03	1.717e-06
8.035	1.88077e-06
8.04	1.67841e-06
8.045	1.77012e-06
8.05	1.53124e-06
8.055	1.89781e-06
8.06	2.09922e-06
8.065	2.30618e-06
8.07	1.76962e-06
8.075	2.05782e-06
8.08	1.93792e-06
8.085	2.1807e-06
8.09	1.74112e-06
8.095	2.06231e-06
8.1	1.94831e-06
8.105	1.76939e-06
8.11	1.75176e-06
8.115	1.53544e-06
8.12	1.9983e-06
8.125	1.90133e-06
8.13	2.22774e-06
8.135	1.66118e-06
8.14	1.81063e-06
8.145	1.66006e-06
8.15	2.00216e-06
8.155	1.82895e-06
8.16	1.96522e-06
8.165	2.23851e-06
8.17	1.67817e-06
8.175	2.15366e-06
8.18	1.71006e-06
8.185	2.00959e-06
8.19	1.63984e-06
8.195	1.97601e-06
8.2	1.82731e-06
8.205	1.7032e-06
8.21	1.847e-06
8.215	2.12555e-06
8.22	1.79615e-06
8.225	1.69557e-06
8.23	1.63861e-06
8.235	1.41539e-06
8.24	2.10854e-06
8.245	2.04905e-06
8.25	2.02579e-06
8.255	1.72762e-06
8.26	1.88805e-06
8.265	1.85037e-06
8.27	1.5892e-06
8.275	1.93372e-06
8.28	2.05613e-06
8.285	1.62919e-06
8.29	1.91528e-06
8.295	1.85167e-06
8.3	1.93801e-06
8.305	1.87579e-06
8.31	1.76221e-06
8.315	1.85332e-06
8.32	1.41709e-06
8.325	1.69573e-06
8.33	1.62531e-06
8.335	2.08829e-06
8.34	1.6351e-06
8.345	2.02539e-06
8.35	1.91789e-06
8.355	1.47646e-06
8.36	1.76792e-06
8.365	1.42373e-06
8.37	2.00371e-06
8.375	1.64984e-06
8.38	1.56198e-06
8.385	2.05422e-06
8.39	1.72999e-06
8.395	1.99316e-06
8.4	1.68828e-06
8.405	1.45511e-06
8.41	1.72784e-06
8.415	1.7993e-06
8.42	1.82561e-06
8.425	1.62024e-06
8.43	1.57188e-06
8.435	1.80493e-06
8.44	1.76038e-06
8.445	2.02267e-06
8.45	1.6314e-06
8.455	1.86405e-06
8.46	1.81449e-06
8.465	1.8713e-06
8.47	1.48225e-06
8.475	1.75393e-06
8.48	1.46241e-06
8.485	1.75385e-06
8.49	1.58287e-06
8.495	1.66338e-06
8.5	1.86445e-06
8.505	1.54096e-06
8.51	1.69841e-06
8.515	1.94284e-06
8.52	1.56141e-06
8.525	1.96874e-06
8.53	1.87723e-06
8.535	1.86945e-06
8.54	1.70563e-06
8.545	1.86351e-06
8.55	1.62921e-06
8.555	1.85163e-06
8.56	1.58887e-06
8.565	1.9326e-06
8.57	1.82722e-06
8.575	1.50694e-06
8.58	1.92302e-06
8.585	1.61176e-06
8.59	1.70994e-06
8.595	1.75977e-06
8.6	1.91199e-06
8.605	1.83708e-06
8.61	1.61022e-06
8.615	1.76148e-06
8.62	1.61904e-06
8.625	1.36521e-06
8.63	1.67081e-06
8.635	1.84789e-06
8.64	1.74769e-06
8.645	1.5552e-06
8.65	1.53279e-06
8.655	1.57755e-06
8.66	1.95747e-06
8.665	1.56883e-06
8.67	1.9119e-06
8.675	1.54678e-06
8.68	1.93982e-06
8.685	1.67239e-06
8.69	1.99718e-06
8.695	1.66074e-06
8.7	1.85311e-06
8.705	1.57679e-06
8.71	1.55138e-06
8.715	1.80202e-06
8.72	1.55179e-06
8.725	1.52427e-06
8.73	1.40708e-06
8.735	1.9354e-06
8.74	1.45394e-06
8.745	1.8728e-06
8.75	1.67832e-06
8.755	1.73691e-06
8.76	1.33743e-06
8.765	2.04376e-06
8.77	1.80037e-06
8.775	1.88995e-06
8.78	1.82365e-06
8.785	1.73782e-06
8.79	1.93967e-06
8.795	1.50133e-06
8.8	1.64591e-06
8.805	1.61231e-06
8.81	1.6462e-06
8.815	1.2374e-06
8.82	1.40516e-06
8.825	1.59202e-06
8.83	1.64601e-06
8.835	1.70284e-06
8.84	1.89078e-06
8.845	1.71449e-06
8.85	1.70227e-06
8.855	1.30069e-06
8.86	1.53172e-06
8.865	1.57877e-06
8.87	1.5666e-06
8.875	1.9503e-06
8.88	1.66817e-06
8.885	1.40706e-06
8.89	1.52278e-06
8.895	1.58967e-06
8.9	1.69185e-06
8.905	1.50014e-06
8.91	1.57808e-06
8.915	1.3334e-06
8.92	1.81586e-06
8.925	1.799e-06
8.93	1.66552e-06
8.935	1.61516e-06
8.94	1.62918e-06
8.945	1.6816e-06
8.95	1.70323e-06
8.955	1.79963e-06
8.96	1.38099e-06
8.965	1.55758e-06
8.97	1.52275e-06
8.975	1.29313e-06
8.98	1.75061e-06
8.985	1.41207e-06
8.99	1.29239e-06
8.995	1.57113e-06
9	1.78254e-06
9.005	1.63677e-06
9.01	1.57273e-06
9.015	1.36441e-06
9.02	1.61453e-06
9.025	1.41325e-06
9.03	1.5088e-06
9.035	1.27858e-06
9.04	1.7866e-06
9.045	1.40401e-06
9.05	1.42681e-06
9.055	1.61601e-06
9.06	1.60948e-06
9.065	1.43014e-06
9.07	1.89648e-06
9.075	1.411e-06
9.08	1.37882e-06
9.085	1.52893e-06
9.09	1.56849e-06
9.095	1.77857e-06
9.1	1.49363e-06
9.105	1.5827e-06
9.11	1.6506e-06
9.115	1.40517e-06
9.12	1.45791e-06
9.125	1.79665e-06
9.13	1.78898e-06
9.135	1.39032e-06
9.14	1.4663e-06
9.145	1.6418e-06
9.15	1.43598e-06
9.155	1.2834e-06
9.16	1.81123e-06
9.165	1.70693e-06
9.17	1.45925e-06
9.175	1.55241e-06
9.18	1.98766e-06
9.185	1.82563e-06
9.19	1.59732e-06
9.195	1.74999e-06
9.2	1.44253e-06
9.205	1.22285e-06
9.21	1.4745e-06
9.215	1.53122e-06
9.22	1.2776e-06
9.225	1.43179e-06
9.23	1.53847e-06
9.235	1.48507e-06
9.24	1.41976e-06
9.245	1.55303e-06
9.25	1.47338e-06
9.255	1.23479e-06
9.26	1.53213e-06
9.265	1.60153e-06
9.27	1.33147e-06
9.275	1.89908e-06
9.28	1.44001e-06
9.285	1.21864e-06
9.29	1.55712e-06
9.295	1.91642e-06
9.3	1.56761e-06
9.305	1.72895e-06
9.31	1.41729e-06
9.315	1.21864e-06
9.32	1.53816e-06
9.325	1.80138e-06
9.33	1.63031e-06
9.335	1.57955e-06
9.34	1.72432e-06
9.345	1.12922e-06
9.35	1.45602e-06
9.355	1.36678e-06
9.36	1.62915e-06
9.365	1.58925e-06
9.37	1.50437e-06
9.375	1.46236e-06
9.38	1.60672e-06
9.385	1.30718e-06
9.39	1.63374e-06
9.395	1.76368e-06
9.4	1.58179e-06
9.405	1.53255e-06
9.41	1.45763e-06
9.415	1.46926e-06
9.42	1.6171e-06
9.425	1.15352e-06
9.43	1.52279e-06
9.435	1.49802e-06
9.44	1.56513e-06
9.445	1.69017e-06
9.45	1.32384e-06
9.455	1.30962e-06
9.46	1.77454e-06
9.465	1.28369e-06
9.47	1.28539e-06
9.475	1.15144e-06
9.48	1.52154e-06
9.485	1.64841e-06
9.49	1.9657e-06
9.495	1.77737e-06
9.5	1.25333e-06
9.505	1.35933e-06
9.51	1.87593e-06
9.515	1.4641e-06
9.52	1.57236e-06
9.525	1.67319e-06
9.53	1.60172e-06
9.535	1.6873e-06
9.54	1.2504e-06
9.545	1.21384e-06
9.55	1.37622e-06
9.555	1.25742e-06
9.56	2.0109e-06
9.565	1.51877e-06
9.57	1.71913e-06
9.575	1.85484e-06
9.58	1.38725e-06
9.585	1.58151e-06
9.59	1.676e-06
9.595	1.43291e-06
9.6	1.59073e-06
9.605	1.63107e-06
9.61	1.54574e-06
9.615	1.36043e-06
9.62	1.09879e-06
9.625	1.35997e-06
9.63	1.68856e-06
9.635	1.46392e-06
9.64	1.70734e-06
9.645	1.39182e-06
9.65	1.641e-06
9.655	1.59912e-06
9.66	1.36606e-06
9.665	1.2479e-06
9.67	1.63361e-06
9.675	1.34878e-06
9.68	1.45996e-06
9.685	1.25956e-06
9.69	1.50861e-06
9.695	1.99986e-06
9.7	1.33415e-06
9.705	1.76804e-06
9.71	1.23857e-06
9.715	1.28138e-06
9.72	1.81076e-06
9.725	1.63483e-06
9.73	1.46565e-06
9.735	1.65539e-06
9.74	1.6662e-06
9.745	1.93514e-06
9.75	1.53233e-06
9.755	1.40206e-06
9.76	1.89741e-06
9.765	1.73848e-06
9.77	1.53021e-06
9.775	1.7245e-06
9.78	1.37537e-06
9.785	1.51101e-06
9.79	1.48592e-06
9.795	1.95974e-06
9.8	1.53631e-06
9.805	1.43623e-06
9.81	1.45872e-06
9.815	1.84638e-06
9.82	1.34189e-06
9.825	1.59169e-06
9.83	1.6448e-06
9.835	1.15799e-06
9.84	1.45699e-06
9.845	1.62578e-06
9.85	1.83739e-06
9.855	1.42715e-06
9.86	1.40819e-06
9.865	1.15294e-06
9.87	1.20185e-06
9.875	1.75198e-06
9.88	1.55163e-06
9.885	1.50458e-06
9.89	1.7164e-06
9.895	1.2441e-06
9.9	1.46007e-06
9.905	1.28569e-06
9.91	1.66896e-06
9.915	1.80889e-06
9.92	1.3576e-06
9.925	1.53988e-06
9.93	1.43425e-06
9.935	1.69986e-06
9.94	1.71848e-06
9.945	1.31959e-06
9.95	1.48443e-06
9.955	1.32579e-06
9.96	1.5495e-06
9.965	1.49093e-06
9.97	1.52862e-06
9.975	1.7078e-06
9.98	1.20918e-06
9.985	1.6854e-06
9.99	1.62e-06
9.995	1.16704e-06
10	1.5573e-06
