0.005	0.000826934
0.01	0.000154108
0.015	5.67893e-05
0.02	4.61703e-05
0.025	3.18523e-05
0.03	2.31217e-05
0.035	1.79556e-05
0.04	1.41506e-05
0.045	1.51545e-05
0.05	9.71388e-06
0.055	8.12449e-06
0.06	7.11078e-06
0.065	8.32425e-06
0.07	7.56029e-06
0.075	6.67088e-06
0.08	5.98357e-06
0.085	4.96664e-06
0.09	5.09433e-06
0.095	4.35337e-06
0.1	4.46737e-06
0.105	3.69106e-06
0.11	3.80196e-06
0.115	3.25702e-06
0.12	3.50026e-06
0.125	2.90882e-06
0.13	3.17017e-06
0.135	2.62374e-06
0.14	2.74577e-06
0.145	2.38478e-06
0.15	2.36703e-06
0.155	2.18204e-06
0.16	2.05439e-06
0.165	2.43198e-06
0.17	2.29973e-06
0.175	2.24668e-06
0.18	2.10803e-06
0.185	2.08375e-06
0.19	1.93399e-06
0.195	1.93984e-06
0.2	1.7862e-06
0.205	1.81239e-06
0.21	1.66341e-06
0.215	1.69871e-06
0.22	1.5627e-06
0.225	1.59696e-06
0.23	1.48127e-06
0.235	1.50668e-06
0.24	1.41595e-06
0.245	1.4272e-06
0.25	1.36396e-06
0.255	1.35823e-06
0.26	1.323e-06
0.265	1.2993e-06
0.27	1.29154e-06
0.275	1.24952e-06
0.28	1.2671e-06
0.285	1.20741e-06
0.29	1.24824e-06
0.295	1.17117e-06
0.3	1.03035e-06
0.305	1.13925e-06
0.31	1.01619e-06
0.315	1.11047e-06
0.32	1.00392e-06
0.325	1.08384e-06
0.33	9.91994e-07
0.335	1.05866e-06
0.34	9.80073e-07
0.345	1.03434e-06
0.35	9.67982e-07
0.355	7.43287e-07
0.36	9.89632e-07
0.365	9.38482e-07
0.37	9.36972e-07
0.375	8.66053e-07
0.38	9.15454e-07
0.385	9.17352e-07
0.39	8.73112e-07
0.395	8.91857e-07
0.4	8.80604e-07
0.405	8.06048e-07
0.41	8.68581e-07
0.415	8.50323e-07
0.42	7.72362e-07
0.425	8.45642e-07
0.43	8.17832e-07
0.435	9.75327e-07
0.44	8.22201e-07
0.445	7.85864e-07
0.45	9.36325e-07
0.455	8.01326e-07
0.46	9.9708e-07
0.465	8.74125e-07
0.47	7.82557e-07
0.475	9.67589e-07
0.48	8.37281e-07
0.485	7.63475e-07
0.49	9.37817e-07
0.495	8.02315e-07
0.5	9.64663e-07
0.505	9.97981e-07
0.51	8.89108e-07
0.515	9.17661e-07
0.52	9.00298e-07
0.525	9.66062e-07
0.53	8.5113e-07
0.535	8.98773e-07
0.54	9.1088e-07
0.545	9.32754e-07
0.55	9.88075e-07
0.555	8.82073e-07
0.56	8.34248e-07
0.565	9.00324e-07
0.57	9.5532e-07
0.575	8.47978e-07
0.58	9.80768e-07
0.585	8.6357e-07
0.59	9.25119e-07
0.595	9.8602e-07
0.6	9.64652e-07
0.605	8.35533e-07
0.61	8.95522e-07
0.615	9.53072e-07
0.62	9.26226e-07
0.625	8.0586e-07
0.63	8.63846e-07
0.635	9.19879e-07
0.64	8.88781e-07
0.645	9.83067e-07
0.65	7.70308e-07
0.655	8.21049e-07
0.66	8.52137e-07
0.665	9.20125e-07
0.67	9.72557e-07
0.675	9.86744e-07
0.68	9.77456e-07
0.685	9.86925e-07
0.69	9.1638e-07
0.695	9.74907e-07
0.7	9.5401e-07
0.705	9.35821e-07
0.71	9.42357e-07
0.715	8.63218e-07
0.72	9.07204e-07
0.725	9.23267e-07
0.73	8.95782e-07
0.735	9.04706e-07
0.74	9.97833e-07
0.745	9.56407e-07
0.75	8.94886e-07
0.755	8.58402e-07
0.76	8.67666e-07
0.765	9.55217e-07
0.77	9.11182e-07
0.775	9.93799e-07
0.78	8.57402e-07
0.785	8.19367e-07
0.79	8.14153e-07
0.795	8.73361e-07
0.8	9.27183e-07
0.805	9.34036e-07
0.81	8.26238e-07
0.815	9.78808e-07
0.82	8.04655e-07
0.825	8.13198e-07
0.83	9.40187e-07
0.835	9.73791e-07
0.84	7.92593e-07
0.845	9.32187e-07
0.85	9.64214e-07
0.855	9.81006e-07
0.86	8.84398e-07
0.865	9.08233e-07
0.87	9.70816e-07
0.875	8.921e-07
0.88	9.19397e-07
0.885	9.39609e-07
0.89	8.47726e-07
0.895	9.64517e-07
0.9	9.30256e-07
0.905	8.53946e-07
0.91	8.638e-07
0.915	9.03526e-07
0.92	9.63479e-07
0.925	9.45068e-07
0.93	8.96298e-07
0.935	8.1495e-07
0.94	8.37728e-07
0.945	8.60995e-07
0.95	9.27314e-07
0.955	9.05278e-07
0.96	8.62495e-07
0.965	9.75149e-07
0.97	9.67801e-07
0.975	8.39178e-07
0.98	8.77583e-07
0.985	8.7068e-07
0.99	9.71896e-07
0.995	8.25159e-07
1	9.29094e-07
1.005	9.2057e-07
1.01	9.51406e-07
1.015	9.59501e-07
1.02	9.10487e-07
1.025	9.09145e-07
1.03	7.86891e-07
1.035	8.80502e-07
1.04	8.71805e-07
1.045	9.08639e-07
1.05	9.23732e-07
1.055	8.9335e-07
1.06	9.0788e-07
1.065	7.50458e-07
1.07	8.35998e-07
1.075	8.26459e-07
1.08	8.58557e-07
1.085	8.71849e-07
1.09	9.61484e-07
1.095	9.52096e-07
1.1	9.59342e-07
1.105	7.92431e-07
1.11	9.91426e-07
1.115	8.127e-07
1.12	8.44758e-07
1.125	9.02281e-07
1.13	9.35421e-07
1.135	9.773e-07
1.14	9.02193e-07
1.145	9.55736e-07
1.15	9.36917e-07
1.155	9.62674e-07
1.16	9.64999e-07
1.165	8.28876e-07
1.17	8.94742e-07
1.175	9.69666e-07
1.18	8.46433e-07
1.185	8.97049e-07
1.19	8.8154e-07
1.195	9.10626e-07
1.2	9.18459e-07
1.205	9.72291e-07
1.21	8.82984e-07
1.215	9.89412e-07
1.22	7.90511e-07
1.225	8.47616e-07
1.23	8.29473e-07
1.235	8.56175e-07
1.24	8.67041e-07
1.245	9.14107e-07
1.25	9.80048e-07
1.255	9.41637e-07
1.26	9.99258e-07
1.265	7.95377e-07
1.27	8.0056e-07
1.275	8.09137e-07
1.28	8.2185e-07
1.285	8.70448e-07
1.29	9.36665e-07
1.295	9.05225e-07
1.3	9.36167e-07
1.305	7.52609e-07
1.31	9.84359e-07
1.315	9.96498e-07
1.32	7.92808e-07
1.325	8.17141e-07
1.33	8.97536e-07
1.335	9.82392e-07
1.34	9.85473e-07
1.345	8.73688e-07
1.35	9.54078e-07
1.355	9.38752e-07
1.36	9.27598e-07
1.365	9.42806e-07
1.37	9.75469e-07
1.375	8.16816e-07
1.38	8.85517e-07
1.385	8.97659e-07
1.39	8.07243e-07
1.395	8.94481e-07
1.4	8.81143e-07
1.405	8.76321e-07
1.41	8.9205e-07
1.415	9.30592e-07
1.42	9.77313e-07
1.425	8.87489e-07
1.43	9.74848e-07
1.435	9.78876e-07
1.44	8.43625e-07
1.445	8.27805e-07
1.45	9.93123e-07
1.455	9.96903e-07
1.46	8.7386e-07
1.465	9.25538e-07
1.47	8.35741e-07
1.475	9.28291e-07
1.48	9.05756e-07
1.485	9.59131e-07
1.49	9.39001e-07
1.495	9.32654e-07
1.5	9.35917e-07
1.505	9.68231e-07
1.51	8.79478e-07
1.515	9.53502e-07
1.52	9.2559e-07
1.525	9.82124e-07
1.53	9.62573e-07
1.535	8.96167e-07
1.54	8.72576e-07
1.545	9.96078e-07
1.55	9.92888e-07
1.555	8.93432e-07
1.56	9.21868e-07
1.565	9.90682e-07
1.57	9.6158e-07
1.575	9.56934e-07
1.58	8.64176e-07
1.585	9.78644e-07
1.59	9.34431e-07
1.595	9.25945e-07
1.6	9.26264e-07
1.605	9.51421e-07
1.61	9.91309e-07
1.615	9.59666e-07
1.62	9.40987e-07
1.625	9.65846e-07
1.63	9.81692e-07
1.635	9.02983e-07
1.64	8.6498e-07
1.645	8.54398e-07
1.65	8.52774e-07
1.655	8.78662e-07
1.66	9.19358e-07
1.665	9.87826e-07
1.67	9.94166e-07
1.675	9.3736e-07
1.68	8.94247e-07
1.685	8.35855e-07
1.69	7.9386e-07
1.695	9.80567e-07
1.7	9.71492e-07
1.705	9.96599e-07
1.71	8.56806e-07
1.715	9.26717e-07
1.72	9.70546e-07
1.725	9.34865e-07
1.73	9.09846e-07
1.735	9.70866e-07
1.74	9.51683e-07
1.745	9.7742e-07
1.75	9.54567e-07
1.755	9.69042e-07
1.76	9.60143e-07
1.765	8.66915e-07
1.77	9.763e-07
1.775	9.55124e-07
1.78	9.17011e-07
1.785	9.54802e-07
1.79	8.85652e-07
1.795	9.968e-07
1.8	9.79346e-07
1.805	9.88718e-07
1.81	8.95432e-07
1.815	9.50511e-07
1.82	9.29381e-07
1.825	9.62543e-07
1.83	9.55115e-07
1.835	9.83007e-07
1.84	8.96559e-07
1.845	9.06897e-07
1.85	8.93521e-07
1.855	8.97436e-07
1.86	9.11445e-07
1.865	9.39146e-07
1.87	9.77725e-07
1.875	9.60941e-07
1.88	8.55314e-07
1.885	9.46427e-07
1.89	8.75026e-07
1.895	8.93778e-07
1.9	8.74231e-07
1.905	8.80122e-07
1.91	8.92422e-07
1.915	9.12795e-07
1.92	9.41513e-07
1.925	9.79819e-07
1.93	9.71718e-07
1.935	9.93084e-07
1.94	9.20547e-07
1.945	9.92423e-07
1.95	7.7561e-07
1.955	9.897e-07
1.96	9.95414e-07
1.965	9.97708e-07
1.97	7.85806e-07
1.975	8.12698e-07
1.98	8.47682e-07
1.985	8.94363e-07
1.99	9.49165e-07
1.995	9.94431e-07
2	9.04023e-07
2.005	7.90635e-07
2.01	8.77106e-07
2.015	8.83236e-07
2.02	8.67792e-07
2.025	8.6154e-07
2.03	8.63678e-07
2.035	8.7104e-07
2.04	8.90706e-07
2.045	9.13999e-07
2.05	9.50147e-07
2.055	9.89302e-07
2.06	8.66989e-07
2.065	9.34565e-07
2.07	8.12969e-07
2.075	8.73699e-07
2.08	9.35681e-07
2.085	9.29145e-07
2.09	9.09618e-07
2.095	9.2386e-07
2.1	8.74477e-07
2.105	9.17967e-07
2.11	9.39361e-07
2.115	9.58982e-07
2.12	9.7802e-07
2.125	8.87472e-07
2.13	9.36101e-07
2.135	9.98223e-07
2.14	9.28138e-07
2.145	9.93119e-07
2.15	9.23129e-07
2.155	8.47652e-07
2.16	8.42195e-07
2.165	8.39186e-07
2.17	8.08854e-07
2.175	8.2757e-07
2.18	8.37341e-07
2.185	8.47792e-07
2.19	8.62832e-07
2.195	8.43885e-07
2.2	9.05058e-07
2.205	9.39269e-07
2.21	9.92821e-07
2.215	9.6448e-07
2.22	9.30536e-07
2.225	8.22758e-07
2.23	8.31819e-07
2.235	7.77946e-07
2.24	7.62637e-07
2.245	7.59427e-07
2.25	7.64338e-07
2.255	7.54822e-07
2.26	7.6504e-07
2.265	7.77228e-07
2.27	7.94478e-07
2.275	8.14871e-07
2.28	8.02432e-07
2.285	8.66935e-07
2.29	9.04636e-07
2.295	9.66056e-07
2.3	9.62544e-07
2.305	9.67593e-07
2.31	8.16869e-07
2.315	7.61714e-07
2.32	7.26371e-07
2.325	9.88811e-07
2.33	7.25207e-07
2.335	9.7942e-07
2.34	7.26171e-07
2.345	9.71801e-07
2.35	7.39243e-07
2.355	9.88884e-07
2.36	7.76802e-07
2.365	7.80389e-07
2.37	8.2095e-07
2.375	8.41736e-07
2.38	9.00543e-07
2.385	9.58487e-07
2.39	9.94663e-07
2.395	7.51968e-07
2.4	9.72092e-07
2.405	9.56187e-07
2.41	9.60539e-07
2.415	9.56371e-07
2.42	9.52676e-07
2.425	9.55231e-07
2.43	9.5392e-07
2.435	9.6808e-07
2.44	9.76821e-07
2.445	7.4623e-07
2.45	9.94548e-07
2.455	8.11666e-07
2.46	8.22514e-07
2.465	8.77765e-07
2.47	9.31158e-07
2.475	9.87605e-07
2.48	9.25588e-07
2.485	9.29649e-07
2.49	9.18051e-07
2.495	9.29084e-07
2.5	9.18586e-07
2.505	9.1962e-07
2.51	9.1324e-07
2.515	9.22622e-07
2.52	9.26337e-07
2.525	9.45906e-07
2.53	9.60064e-07
2.535	9.90091e-07
2.54	7.8374e-07
2.545	8.10337e-07
2.55	8.3828e-07
2.555	9.03268e-07
2.56	9.68954e-07
2.565	8.64402e-07
2.57	8.96111e-07
2.575	8.78601e-07
2.58	9.02723e-07
2.585	8.89316e-07
2.59	8.9232e-07
2.595	8.86386e-07
2.6	8.96235e-07
2.605	9.00459e-07
2.61	9.20211e-07
2.615	9.34758e-07
2.62	9.64798e-07
2.625	9.89537e-07
2.63	8.1393e-07
2.635	8.45906e-07
2.64	8.80759e-07
2.645	9.52227e-07
2.65	8.01504e-07
2.655	8.73577e-07
2.66	9.9839e-07
2.665	8.54141e-07
2.67	8.7287e-07
2.675	8.69833e-07
2.68	8.65992e-07
2.685	8.75456e-07
2.69	8.79799e-07
2.695	8.99452e-07
2.7	9.13994e-07
2.705	9.43696e-07
2.71	9.68351e-07
2.715	8.0395e-07
2.72	8.37026e-07
2.725	8.45016e-07
2.73	9.33139e-07
2.735	7.49107e-07
2.74	9.92418e-07
2.745	9.44259e-07
2.75	9.76469e-07
2.755	9.60528e-07
2.76	9.62627e-07
2.765	9.5436e-07
2.77	9.75559e-07
2.775	9.60964e-07
2.78	9.98385e-07
2.785	8.89051e-07
2.79	9.25788e-07
2.795	9.53913e-07
2.8	9.84945e-07
2.805	8.38091e-07
2.81	8.77622e-07
2.815	8.90177e-07
2.82	9.75683e-07
2.825	9.67943e-07
2.83	9.6488e-07
2.835	9.20106e-07
2.84	9.48488e-07
2.845	9.34004e-07
2.85	9.45057e-07
2.855	9.31917e-07
2.86	9.30523e-07
2.865	9.36773e-07
2.87	9.58868e-07
2.875	9.44517e-07
2.88	9.85548e-07
2.885	9.16002e-07
2.89	9.56504e-07
2.895	9.88411e-07
2.9	8.52827e-07
2.905	8.98163e-07
2.91	9.47111e-07
2.915	9.08154e-07
2.92	9.24571e-07
2.925	8.82132e-07
2.93	9.1852e-07
2.935	9.10807e-07
2.94	9.08903e-07
2.945	9.06677e-07
2.95	8.99667e-07
2.955	9.14311e-07
2.96	9.28231e-07
2.965	9.17257e-07
2.97	9.57578e-07
2.975	9.81352e-07
2.98	9.77404e-07
2.985	9.707e-07
2.99	8.51123e-07
2.995	8.87711e-07
3	9.46883e-07
3.005	8.47708e-07
3.01	8.90606e-07
3.015	9.43955e-07
3.02	9.96504e-07
3.025	8.96637e-07
3.03	9.68341e-07
3.035	9.98448e-07
3.04	9.72992e-07
3.045	9.94868e-07
3.05	9.08936e-07
3.055	9.88993e-07
3.06	9.32045e-07
3.065	9.38262e-07
3.07	9.55934e-07
3.075	9.88429e-07
3.08	9.73471e-07
3.085	8.7567e-07
3.09	9.25731e-07
3.095	9.758e-07
3.1	7.8321e-07
3.105	9.67507e-07
3.11	9.34833e-07
3.115	9.69702e-07
3.12	9.63059e-07
3.125	9.63127e-07
3.13	9.61562e-07
3.135	9.58495e-07
3.14	9.64202e-07
3.145	9.66872e-07
3.15	9.79312e-07
3.155	9.88545e-07
3.16	9.18494e-07
3.165	9.80254e-07
3.17	9.5718e-07
3.175	9.62104e-07
3.18	9.60035e-07
3.185	8.83318e-07
3.19	9.35542e-07
3.195	9.81415e-07
3.2	9.95801e-07
3.205	9.30332e-07
3.21	9.0015e-07
3.215	9.27961e-07
3.22	9.2343e-07
3.225	9.23493e-07
3.23	9.17533e-07
3.235	9.18179e-07
3.24	9.18603e-07
3.245	9.24776e-07
3.25	9.31814e-07
3.255	9.44255e-07
3.26	9.57827e-07
3.265	9.76655e-07
3.27	9.96693e-07
3.275	9.54082e-07
3.28	9.79182e-07
3.285	9.73243e-07
3.29	8.91839e-07
3.295	9.36243e-07
3.3	9.92082e-07
3.305	9.47516e-07
3.31	8.82011e-07
3.315	8.59692e-07
3.32	8.90222e-07
3.325	8.87427e-07
3.33	8.83269e-07
3.335	8.76748e-07
3.34	8.77029e-07
3.345	8.7536e-07
3.35	8.81546e-07
3.355	8.86153e-07
3.36	8.98495e-07
3.365	9.09482e-07
3.37	9.28015e-07
3.375	9.45317e-07
3.38	9.69991e-07
3.385	9.93563e-07
3.39	9.72042e-07
3.395	9.97168e-07
3.4	8.7083e-07
3.405	9.39758e-07
3.41	9.88802e-07
3.415	9.9536e-07
3.42	8.45211e-07
3.425	8.2656e-07
3.43	8.45532e-07
3.435	8.44865e-07
3.44	8.42468e-07
3.445	8.34405e-07
3.45	8.34578e-07
3.455	8.31416e-07
3.46	8.37189e-07
3.465	8.40142e-07
3.47	8.51875e-07
3.475	8.61003e-07
3.48	8.78728e-07
3.485	8.93994e-07
3.49	9.17658e-07
3.495	9.39016e-07
3.5	9.68572e-07
3.505	9.96013e-07
3.51	9.94667e-07
3.515	9.93933e-07
3.52	9.24044e-07
3.525	9.27812e-07
3.53	9.66597e-07
3.535	9.82006e-07
3.54	9.95376e-07
3.545	9.82109e-07
3.55	9.86383e-07
3.555	9.49986e-07
3.56	9.73548e-07
3.565	9.82482e-07
3.57	9.77648e-07
3.575	9.94717e-07
3.58	9.93487e-07
3.585	8.17312e-07
3.59	8.39613e-07
3.595	8.55094e-07
3.6	8.75297e-07
3.605	8.99509e-07
3.61	9.2542e-07
3.615	9.55289e-07
3.62	9.87055e-07
3.625	9.97376e-07
3.63	8.87297e-07
3.635	9.41712e-07
3.64	9.80545e-07
3.645	9.92094e-07
3.65	9.38456e-07
3.655	9.66826e-07
3.66	9.63123e-07
3.665	9.69886e-07
3.67	9.68397e-07
3.675	9.7224e-07
3.68	9.37826e-07
3.685	9.65678e-07
3.69	9.4173e-07
3.695	9.68817e-07
3.7	9.81192e-07
3.705	9.90008e-07
3.71	9.8472e-07
3.715	9.85265e-07
3.72	8.24353e-07
3.725	9.88593e-07
3.73	8.47976e-07
3.735	9.24392e-07
3.74	9.6027e-07
3.745	9.86952e-07
3.75	8.71655e-07
3.755	9.29246e-07
3.76	9.76962e-07
3.765	9.83636e-07
3.77	9.97506e-07
3.775	9.46098e-07
3.78	9.93297e-07
3.785	9.25667e-07
3.79	9.0379e-07
3.795	9.04826e-07
3.8	8.98562e-07
3.805	9.71767e-07
3.81	8.95648e-07
3.815	9.94137e-07
3.82	9.04287e-07
3.825	9.83386e-07
3.83	9.05979e-07
3.835	9.05348e-07
3.84	9.98983e-07
3.845	9.47522e-07
3.85	9.37345e-07
3.855	9.33904e-07
3.86	9.6924e-07
3.865	9.81801e-07
3.87	8.85883e-07
3.875	9.68964e-07
3.88	9.24916e-07
3.885	8.83366e-07
3.89	9.57306e-07
3.895	9.8451e-07
3.9	9.83712e-07
3.905	9.86401e-07
3.91	9.90199e-07
3.915	9.21523e-07
3.92	9.46985e-07
3.925	9.34969e-07
3.93	9.322e-07
3.935	9.25794e-07
3.94	9.20836e-07
3.945	9.18598e-07
3.95	9.14855e-07
3.955	9.16423e-07
3.96	9.1463e-07
3.965	9.198e-07
3.97	9.20228e-07
3.975	9.28921e-07
3.98	9.31578e-07
3.985	9.43826e-07
3.99	9.48546e-07
3.995	9.64452e-07
4	9.7093e-07
4.005	9.90716e-07
4.01	9.98382e-07
4.015	9.56549e-07
4.02	9.81639e-07
4.025	9.60503e-07
4.03	9.88069e-07
4.035	9.87004e-07
4.04	8.60635e-07
4.045	9.46085e-07
4.05	9.16159e-07
4.055	9.87067e-07
4.06	9.95894e-07
4.065	9.98883e-07
4.07	9.64965e-07
4.075	9.95235e-07
4.08	9.62911e-07
4.085	9.82582e-07
4.09	9.5274e-07
4.095	9.83518e-07
4.1	9.97952e-07
4.105	9.95818e-07
4.11	9.97489e-07
4.115	9.88144e-07
4.12	9.53124e-07
4.125	9.52258e-07
4.13	9.89001e-07
4.135	9.86955e-07
4.14	9.98719e-07
4.145	9.69019e-07
4.15	9.74154e-07
4.155	9.3991e-07
4.16	9.97606e-07
4.165	9.66665e-07
4.17	9.69463e-07
4.175	9.98479e-07
4.18	9.71694e-07
4.185	9.40677e-07
4.19	9.99153e-07
4.195	9.39208e-07
4.2	9.49668e-07
4.205	9.53272e-07
4.21	9.45385e-07
4.215	9.84041e-07
4.22	9.74313e-07
4.225	9.60366e-07
4.23	9.52477e-07
4.235	9.51511e-07
4.24	9.37101e-07
4.245	9.42278e-07
4.25	9.32305e-07
4.255	9.35151e-07
4.26	9.30284e-07
4.265	9.32199e-07
4.27	9.30337e-07
4.275	9.32358e-07
4.28	9.32474e-07
4.285	9.35111e-07
4.29	9.36933e-07
4.295	9.4073e-07
4.3	9.44304e-07
4.305	9.49175e-07
4.31	9.54707e-07
4.315	9.60621e-07
4.32	9.67802e-07
4.325	9.75152e-07
4.33	9.83749e-07
4.335	9.92714e-07
4.34	9.98797e-07
4.345	9.71458e-07
4.35	9.97957e-07
4.355	9.75681e-07
4.36	9.50272e-07
4.365	9.03405e-07
4.37	9.15754e-07
4.375	8.17016e-07
4.38	9.37408e-07
4.385	8.75489e-07
4.39	9.98551e-07
4.395	8.82441e-07
4.4	9.97427e-07
4.405	9.88521e-07
4.41	8.61549e-07
4.415	9.68661e-07
4.42	9.93442e-07
4.425	9.9899e-07
4.43	9.88626e-07
4.435	9.89337e-07
4.44	9.84501e-07
4.445	9.83931e-07
4.45	9.80506e-07
4.455	9.81609e-07
4.46	9.7874e-07
4.465	9.81757e-07
4.47	9.79234e-07
4.475	9.84221e-07
4.48	9.81906e-07
4.485	9.88997e-07
4.49	9.86675e-07
4.495	9.96059e-07
4.5	9.93381e-07
4.505	8.74083e-07
4.51	8.91013e-07
4.515	9.79172e-07
4.52	9.05489e-07
4.525	8.95771e-07
4.53	9.0612e-07
4.535	9.11244e-07
4.54	9.28219e-07
4.545	9.27433e-07
4.55	9.48441e-07
4.555	9.53209e-07
4.56	9.73211e-07
4.565	9.82156e-07
4.57	9.22028e-07
4.575	9.30311e-07
4.58	9.42608e-07
4.585	9.24526e-07
4.59	8.86981e-07
4.595	8.88121e-07
4.6	8.8833e-07
4.605	8.58163e-07
4.61	8.72632e-07
4.615	8.39765e-07
4.62	8.58659e-07
4.625	8.22825e-07
4.63	8.47457e-07
4.635	8.10079e-07
4.64	8.28602e-07
4.645	8.43976e-07
4.65	8.503e-07
4.655	8.45654e-07
4.66	8.45561e-07
4.665	8.41087e-07
4.67	8.43763e-07
4.675	8.40435e-07
4.68	8.45593e-07
4.685	8.41468e-07
4.69	8.4952e-07
4.695	8.43028e-07
4.7	8.55183e-07
4.705	8.43009e-07
4.71	8.61977e-07
4.715	8.35833e-07
4.72	8.64732e-07
4.725	8.6599e-07
4.73	8.88109e-07
4.735	8.82842e-07
4.74	9.00905e-07
4.745	8.94968e-07
4.75	9.1271e-07
4.755	9.12099e-07
4.76	9.2962e-07
4.765	9.32172e-07
4.77	9.49168e-07
4.775	9.54512e-07
4.78	9.70848e-07
4.785	9.78927e-07
4.79	9.94523e-07
4.795	9.26998e-07
4.8	9.61108e-07
4.805	9.90326e-07
4.81	9.89505e-07
4.815	9.83552e-07
4.82	9.83641e-07
4.825	9.94973e-07
4.83	8.13467e-07
4.835	7.78209e-07
4.84	9.63445e-07
4.845	9.81969e-07
4.85	9.72381e-07
4.855	9.58598e-07
4.86	9.5322e-07
4.865	9.47606e-07
4.87	9.36363e-07
4.875	9.31568e-07
4.88	9.24138e-07
4.885	9.17049e-07
4.89	9.1373e-07
4.895	9.05678e-07
4.9	9.05328e-07
4.905	8.97171e-07
4.91	8.98304e-07
4.915	8.90369e-07
4.92	8.92902e-07
4.925	8.85798e-07
4.93	8.89185e-07
4.935	8.82771e-07
4.94	8.87114e-07
4.945	8.81498e-07
4.95	8.86945e-07
4.955	8.82411e-07
4.96	8.88853e-07
4.965	8.84951e-07
4.97	8.9199e-07
4.975	8.88941e-07
4.98	8.97321e-07
4.985	8.95297e-07
4.99	9.0444e-07
4.995	9.02938e-07
5	9.1256e-07
5.005	9.12167e-07
5.01	9.23024e-07
5.015	9.23608e-07
5.02	9.34791e-07
5.025	9.36028e-07
5.03	9.47817e-07
5.035	9.50669e-07
5.04	9.63367e-07
5.045	9.67094e-07
5.05	9.80199e-07
5.055	9.84736e-07
5.06	9.98819e-07
5.065	8.36033e-07
5.07	8.40465e-07
5.075	8.46745e-07
5.08	8.71059e-07
5.085	8.80075e-07
5.09	8.96427e-07
5.095	9.08932e-07
5.1	9.23513e-07
5.105	9.38995e-07
5.11	9.51899e-07
5.115	9.70664e-07
5.12	9.82234e-07
5.125	9.65834e-07
5.13	9.92281e-07
5.135	9.96284e-07
5.14	9.18708e-07
5.145	9.86458e-07
5.15	9.37498e-07
5.155	8.31444e-07
5.16	9.24942e-07
5.165	8.38197e-07
5.17	8.03289e-07
5.175	9.71667e-07
5.18	8.13853e-07
5.185	9.684e-07
5.19	7.94699e-07
5.195	9.37687e-07
5.2	9.85776e-07
5.205	9.85116e-07
5.21	9.74758e-07
5.215	9.6941e-07
5.22	9.63935e-07
5.225	9.60541e-07
5.23	9.48183e-07
5.235	9.51881e-07
5.24	9.25633e-07
5.245	9.42194e-07
5.25	9.0235e-07
5.255	9.47691e-07
5.26	9.26087e-07
5.265	9.19289e-07
5.27	8.86414e-07
5.275	9.46928e-07
5.28	9.11488e-07
5.285	9.3742e-07
5.29	9.08166e-07
5.295	9.4519e-07
5.3	9.26776e-07
5.305	9.34967e-07
5.31	9.18083e-07
5.315	9.3e-07
5.32	9.13621e-07
5.325	9.30959e-07
5.33	9.1123e-07
5.335	9.34427e-07
5.34	9.08139e-07
5.345	9.39231e-07
5.35	9.01151e-07
5.355	9.44403e-07
5.36	9.16219e-07
5.365	9.82228e-07
5.37	9.47047e-07
5.375	9.81824e-07
5.38	9.27056e-07
5.385	9.83133e-07
5.39	9.71988e-07
5.395	7.91546e-07
5.4	9.99043e-07
5.405	8.47274e-07
5.41	9.65948e-07
5.415	8.68488e-07
5.42	9.42607e-07
5.425	8.88758e-07
5.43	9.31689e-07
5.435	9.10152e-07
5.44	9.30666e-07
5.445	8.90514e-07
5.45	9.32912e-07
5.455	9.28622e-07
5.46	9.19909e-07
5.465	9.42057e-07
5.47	9.255e-07
5.475	9.53755e-07
5.48	9.25115e-07
5.485	9.82201e-07
5.49	9.21677e-07
5.495	9.85805e-07
5.5	9.18973e-07
5.505	8.21273e-07
5.51	8.99519e-07
5.515	8.50457e-07
5.52	9.00169e-07
5.525	8.46189e-07
5.53	9.00219e-07
5.535	8.82732e-07
5.54	9.19144e-07
5.545	9.14993e-07
5.55	9.01091e-07
5.555	9.07949e-07
5.56	9.25807e-07
5.565	9.35343e-07
5.57	9.19515e-07
5.575	9.52305e-07
5.58	9.23958e-07
5.585	9.91506e-07
5.59	9.28708e-07
5.595	9.21506e-07
5.6	8.4211e-07
5.605	9.8887e-07
5.61	9.82194e-07
5.615	9.87789e-07
5.62	9.57553e-07
5.625	9.36408e-07
5.63	8.94301e-07
5.635	9.68505e-07
5.64	8.99615e-07
5.645	9.33791e-07
5.65	8.68519e-07
5.655	9.37478e-07
5.66	8.5516e-07
5.665	9.33245e-07
5.67	8.41097e-07
5.675	9.10508e-07
5.68	8.27018e-07
5.685	9.1588e-07
5.69	9.88958e-07
5.695	9.17505e-07
5.7	8.20104e-07
5.705	8.84589e-07
5.71	9.72506e-07
5.715	9.30651e-07
5.72	9.82082e-07
5.725	8.7291e-07
5.73	9.58021e-07
5.735	8.8587e-07
5.74	9.49255e-07
5.745	8.68591e-07
5.75	9.56988e-07
5.755	8.88244e-07
5.76	9.41153e-07
5.765	8.57586e-07
5.77	9.34318e-07
5.775	8.6148e-07
5.78	9.13733e-07
5.785	8.47072e-07
5.79	9.24343e-07
5.795	8.50968e-07
5.8	9.02778e-07
5.805	8.36274e-07
5.81	9.16399e-07
5.815	8.4017e-07
5.82	8.94641e-07
5.825	8.25852e-07
5.83	9.11412e-07
5.835	9.97517e-07
5.84	8.83595e-07
5.845	9.69073e-07
5.85	9.90448e-07
5.855	9.27367e-07
5.86	9.87069e-07
5.865	8.87965e-07
5.87	9.23794e-07
5.875	9.65122e-07
5.88	8.79905e-07
5.885	9.61238e-07
5.89	9.02376e-07
5.895	9.55629e-07
5.9	8.81519e-07
5.905	9.49974e-07
5.91	8.90944e-07
5.915	9.39489e-07
5.92	8.98549e-07
5.925	9.29724e-07
5.93	9.01014e-07
5.935	9.20041e-07
5.94	9.03937e-07
5.945	9.10681e-07
5.95	9.20796e-07
5.955	9.10656e-07
5.96	9.11841e-07
5.965	9.10693e-07
5.97	9.26599e-07
5.975	8.91706e-07
5.98	9.25398e-07
5.985	8.83488e-07
5.99	9.45194e-07
5.995	8.9889e-07
6	9.34662e-07
6.005	9.00911e-07
6.01	9.60628e-07
6.015	8.75731e-07
6.02	9.73847e-07
6.025	8.79029e-07
6.03	9.58398e-07
6.035	8.71732e-07
6.04	9.73094e-07
6.045	8.658e-07
6.05	9.64963e-07
6.055	8.5906e-07
6.06	9.98719e-07
6.065	8.53635e-07
6.07	9.98638e-07
6.075	8.52475e-07
6.08	8.73567e-07
6.085	8.58554e-07
6.09	8.83116e-07
6.095	8.40677e-07
6.1	9.04548e-07
6.105	8.56441e-07
6.11	9.22107e-07
6.115	8.35357e-07
6.12	9.15616e-07
6.125	8.56451e-07
6.13	9.47394e-07
6.135	8.27484e-07
6.14	9.47805e-07
6.145	8.55209e-07
6.15	9.75641e-07
6.155	8.30941e-07
6.16	9.78123e-07
6.165	8.52951e-07
6.17	9.82022e-07
6.175	8.23506e-07
6.18	9.83964e-07
6.185	8.49075e-07
6.19	9.8096e-07
6.195	8.34245e-07
6.2	9.56038e-07
6.205	8.56212e-07
6.21	9.96072e-07
6.215	8.45947e-07
6.22	8.36069e-07
6.225	9.69305e-07
6.23	8.80307e-07
6.235	9.99511e-07
6.24	9.98695e-07
6.245	9.50213e-07
6.25	8.72224e-07
6.255	9.62839e-07
6.26	9.9278e-07
6.265	9.33235e-07
6.27	9.96006e-07
6.275	8.8516e-07
6.28	9.8779e-07
6.285	9.24836e-07
6.29	8.04256e-07
6.295	9.61961e-07
6.3	9.30989e-07
6.305	9.91595e-07
6.31	9.46432e-07
6.315	9.08294e-07
6.32	8.36359e-07
6.325	9.47771e-07
6.33	9.48178e-07
6.335	9.94093e-07
6.34	9.89715e-07
6.345	8.96698e-07
6.35	9.60015e-07
6.355	9.64606e-07
6.36	8.78162e-07
6.365	9.52824e-07
6.37	9.55279e-07
6.375	8.68305e-07
6.38	9.39686e-07
6.385	9.42582e-07
6.39	8.55861e-07
6.395	9.30446e-07
6.4	9.98784e-07
6.405	9.15884e-07
6.41	8.54394e-07
6.415	9.44602e-07
6.42	9.84167e-07
6.425	9.19343e-07
6.43	9.01392e-07
6.435	9.32987e-07
6.44	8.88502e-07
6.445	9.27718e-07
6.45	9.05451e-07
6.455	8.96927e-07
6.46	8.78442e-07
6.465	9.11909e-07
6.47	8.66126e-07
6.475	9.08148e-07
6.48	8.83626e-07
6.485	8.77068e-07
6.49	8.60111e-07
6.495	8.93408e-07
6.5	8.45312e-07
6.505	8.90745e-07
6.51	8.66201e-07
6.515	8.59119e-07
6.52	8.45638e-07
6.525	8.79815e-07
6.53	8.25878e-07
6.535	8.76687e-07
6.54	9.86913e-07
6.545	9.33872e-07
6.55	9.50486e-07
6.555	9.38315e-07
6.56	9.99022e-07
6.565	9.76445e-07
6.57	9.75766e-07
6.575	9.8779e-07
6.58	8.9132e-07
6.585	9.56249e-07
6.59	9.46026e-07
6.595	8.9625e-07
6.6	9.429e-07
6.605	9.64535e-07
6.61	8.82025e-07
6.615	9.47299e-07
6.62	9.35743e-07
6.625	8.79122e-07
6.63	9.3636e-07
6.635	9.46333e-07
6.64	8.69658e-07
6.645	9.39916e-07
6.65	9.20882e-07
6.655	8.66015e-07
6.66	9.31809e-07
6.665	9.29152e-07
6.67	8.57559e-07
6.675	9.34341e-07
6.68	9.06707e-07
6.685	8.53544e-07
6.69	9.26385e-07
6.695	9.13795e-07
6.7	8.45293e-07
6.705	9.27403e-07
6.71	8.94354e-07
6.715	8.41391e-07
6.72	9.19656e-07
6.725	9.00329e-07
6.73	8.33151e-07
6.735	9.19506e-07
6.74	8.83231e-07
6.745	8.29575e-07
6.75	9.12881e-07
6.755	8.88378e-07
6.76	8.2175e-07
6.765	9.12272e-07
6.77	8.7303e-07
6.775	8.18542e-07
6.78	9.07009e-07
6.785	8.77569e-07
6.79	8.11045e-07
6.795	9.06201e-07
6.8	9.91924e-07
6.805	9.70132e-07
6.81	8.77828e-07
6.815	9.42778e-07
6.82	9.14438e-07
6.825	8.6854e-07
6.83	9.10609e-07
6.835	9.31278e-07
6.84	8.37129e-07
6.845	9.39881e-07
6.85	8.86464e-07
6.855	8.66591e-07
6.86	9.10097e-07
6.865	9.60928e-07
6.87	9.73557e-07
6.875	9.77543e-07
6.88	8.70148e-07
6.885	9.51283e-07
6.89	9.40879e-07
6.895	8.73406e-07
6.9	9.48582e-07
6.905	9.77926e-07
6.91	8.35975e-07
6.915	9.51524e-07
6.92	9.16187e-07
6.925	8.56319e-07
6.93	9.86997e-07
6.935	9.51641e-07
6.94	8.38046e-07
6.945	9.76184e-07
6.95	8.87157e-07
6.955	8.62969e-07
6.96	9.23982e-07
6.965	8.98675e-07
6.97	8.57816e-07
6.975	8.69035e-07
6.98	8.62034e-07
6.985	8.94167e-07
6.99	9.65666e-07
6.995	9.47748e-07
7	8.64146e-07
7.005	9.3002e-07
7.01	8.85634e-07
7.015	8.42057e-07
7.02	9.3775e-07
7.025	8.66162e-07
7.03	8.64378e-07
7.035	8.52893e-07
7.04	8.93266e-07
7.045	8.32185e-07
7.05	8.77408e-07
7.055	9.95829e-07
7.06	9.58224e-07
7.065	9.62495e-07
7.07	9.96047e-07
7.075	9.3134e-07
7.08	9.56674e-07
7.085	9.47371e-07
7.09	9.14212e-07
7.095	9.92569e-07
7.1	9.44019e-07
7.105	9.8589e-07
7.11	9.98324e-07
7.115	9.25147e-07
7.12	9.96481e-07
7.125	8.86401e-07
7.13	9.88618e-07
7.135	9.46507e-07
7.14	9.08332e-07
7.145	9.80201e-07
7.15	9.7787e-07
7.155	9.38471e-07
7.16	9.49358e-07
7.165	9.4432e-07
7.17	9.48389e-07
7.175	8.49523e-07
7.18	7.95231e-07
7.185	8.44667e-07
7.19	9.89503e-07
7.195	9.76848e-07
7.2	9.74235e-07
7.205	8.98349e-07
7.21	9.9015e-07
7.215	9.85428e-07
7.22	8.57466e-07
7.225	9.75125e-07
7.23	9.69704e-07
7.235	9.91665e-07
7.24	9.46747e-07
7.245	9.86577e-07
7.25	9.06801e-07
7.255	9.61698e-07
7.26	9.68684e-07
7.265	7.84143e-07
7.27	9.71032e-07
7.275	7.91678e-07
7.28	9.8389e-07
7.285	9.79961e-07
7.29	9.89894e-07
7.295	8.94408e-07
7.3	9.17885e-07
7.305	9.25175e-07
7.31	8.74466e-07
7.315	9.33764e-07
7.32	9.27595e-07
7.325	9.27127e-07
7.33	9.72463e-07
7.335	9.36701e-07
7.34	7.58158e-07
7.345	8.36055e-07
7.35	9.16897e-07
7.355	8.44078e-07
7.36	8.02204e-07
7.365	9.11452e-07
7.37	9.84501e-07
7.375	9.29078e-07
7.38	9.16385e-07
7.385	7.68744e-07
7.39	9.27185e-07
7.395	9.23037e-07
7.4	8.3632e-07
7.405	8.75842e-07
7.41	9.6347e-07
7.415	8.89584e-07
7.42	8.59743e-07
7.425	9.77576e-07
7.43	8.61742e-07
7.435	9.68183e-07
7.44	9.10107e-07
7.445	8.06711e-07
7.45	9.79107e-07
7.455	9.36812e-07
7.46	9.14878e-07
7.465	7.51505e-07
7.47	8.9377e-07
7.475	8.43845e-07
7.48	8.4828e-07
7.485	9.9189e-07
7.49	9.18247e-07
7.495	9.90999e-07
7.5	9.04243e-07
7.505	9.57113e-07
7.51	8.53296e-07
7.515	9.26558e-07
7.52	9.29905e-07
7.525	8.37012e-07
7.53	8.86936e-07
7.535	8.81322e-07
7.54	9.21225e-07
7.545	8.31461e-07
7.55	9.02633e-07
7.555	7.28655e-07
7.56	9.91952e-07
7.565	9.36298e-07
7.57	8.7617e-07
7.575	9.40741e-07
7.58	8.92519e-07
7.585	8.79813e-07
7.59	7.23274e-07
7.595	9.12441e-07
7.6	9.45901e-07
7.605	9.06113e-07
7.61	8.43226e-07
7.615	9.65517e-07
7.62	8.60665e-07
7.625	7.36095e-07
7.63	9.86904e-07
7.635	9.81338e-07
7.64	8.57058e-07
7.645	9.0689e-07
7.65	8.68225e-07
7.655	9.7397e-07
7.66	9.64334e-07
7.665	8.83366e-07
7.67	7.24266e-07
7.675	9.92014e-07
7.68	9.82252e-07
7.685	7.91206e-07
7.69	9.93291e-07
7.695	8.86621e-07
7.7	9.58749e-07
7.705	9.0517e-07
7.71	9.86572e-07
7.715	9.57524e-07
7.72	9.95275e-07
7.725	8.03401e-07
7.73	7.60703e-07
7.735	8.2642e-07
7.74	9.10715e-07
7.745	9.65533e-07
7.75	9.63196e-07
7.755	8.33446e-07
7.76	9.73897e-07
7.765	9.17697e-07
7.77	9.63074e-07
7.775	9.25432e-07
7.78	8.81849e-07
7.785	9.94321e-07
7.79	8.78083e-07
7.795	9.58403e-07
7.8	8.78815e-07
7.805	9.6795e-07
7.81	9.20848e-07
7.815	8.79553e-07
7.82	8.75273e-07
7.825	9.51886e-07
7.83	9.31285e-07
7.835	9.98978e-07
7.84	9.51667e-07
7.845	7.59e-07
7.85	8.58164e-07
7.855	8.93622e-07
7.86	9.7554e-07
7.865	9.86169e-07
7.87	8.16056e-07
7.875	8.66629e-07
7.88	8.87163e-07
7.885	8.99995e-07
7.89	9.71924e-07
7.895	9.98425e-07
7.9	9.76365e-07
7.905	7.80488e-07
7.91	9.8597e-07
7.915	8.71077e-07
7.92	8.85483e-07
7.925	9.92222e-07
7.93	8.71948e-07
7.935	8.46551e-07
7.94	8.51324e-07
7.945	8.85858e-07
7.95	9.49758e-07
7.955	8.95002e-07
7.96	8.09248e-07
7.965	9.92667e-07
7.97	8.50183e-07
7.975	8.36103e-07
7.98	8.76963e-07
7.985	9.61742e-07
7.99	8.23563e-07
7.995	9.02304e-07
8	8.71863e-07
8.005	9.58553e-07
8.01	9.15211e-07
8.015	7.9526e-07
8.02	8.50431e-07
8.025	7.70878e-07
8.03	8.2146e-07
8.035	6.61704e-07
8.04	9.20774e-07
8.045	7.7985e-07
8.05	9.00403e-07
8.055	9.46407e-07
8.06	9.84131e-07
8.065	8.9275e-07
8.07	8.83948e-07
8.075	9.48041e-07
8.08	9.94998e-07
8.085	9.04404e-07
8.09	8.32576e-07
8.095	9.3125e-07
8.1	8.18285e-07
8.105	8.58505e-07
8.11	8.79241e-07
8.115	8.71752e-07
8.12	9.9976e-07
8.125	9.28244e-07
8.13	7.63949e-07
8.135	8.00594e-07
8.14	9.96791e-07
8.145	9.84421e-07
8.15	9.1542e-07
8.155	9.22284e-07
8.16	9.81623e-07
8.165	8.52046e-07
8.17	9.41431e-07
8.175	8.82323e-07
8.18	8.77306e-07
8.185	8.29258e-07
8.19	9.54903e-07
8.195	9.57169e-07
8.2	8.32446e-07
8.205	8.94375e-07
8.21	9.43985e-07
8.215	9.13472e-07
8.22	8.39156e-07
8.225	7.23598e-07
8.23	7.98073e-07
8.235	9.23098e-07
8.24	9.7292e-07
8.245	9.76094e-07
8.25	8.3886e-07
8.255	8.72379e-07
8.26	9.97082e-07
8.265	7.6045e-07
8.27	9.63237e-07
8.275	8.79412e-07
8.28	8.03842e-07
8.285	9.5793e-07
8.29	8.80619e-07
8.295	8.66931e-07
8.3	9.24235e-07
8.305	8.50084e-07
8.31	9.17069e-07
8.315	7.12891e-07
8.32	8.26295e-07
8.325	9.11308e-07
8.33	9.37714e-07
8.335	7.66808e-07
8.34	9.6138e-07
8.345	9.03871e-07
8.35	6.66736e-07
8.355	9.27904e-07
8.36	9.07603e-07
8.365	9.56947e-07
8.37	8.6575e-07
8.375	8.17575e-07
8.38	9.51825e-07
8.385	9.27756e-07
8.39	9.17528e-07
8.395	8.17902e-07
8.4	7.42948e-07
8.405	9.41964e-07
8.41	9.9816e-07
8.415	9.11419e-07
8.42	8.2743e-07
8.425	6.8153e-07
8.43	9.23646e-07
8.435	8.44135e-07
8.44	9.16818e-07
8.445	8.10097e-07
8.45	8.49523e-07
8.455	9.6529e-07
8.46	8.82192e-07
8.465	8.04605e-07
8.47	6.93127e-07
8.475	7.88621e-07
8.48	8.61792e-07
8.485	8.37934e-07
8.49	9.31297e-07
8.495	8.91568e-07
8.5	7.83414e-07
8.505	8.87475e-07
8.51	9.89194e-07
8.515	9.52942e-07
8.52	9.13089e-07
8.525	9.86358e-07
8.53	9.35148e-07
8.535	9.24026e-07
8.54	9.17329e-07
8.545	8.55341e-07
8.55	9.03082e-07
8.555	8.63e-07
8.56	8.38243e-07
8.565	9.44238e-07
8.57	8.44924e-07
8.575	9.41253e-07
8.58	9.6656e-07
8.585	8.41497e-07
8.59	9.58651e-07
8.595	9.00808e-07
8.6	8.89873e-07
8.605	7.95126e-07
8.61	9.40596e-07
8.615	9.26545e-07
8.62	7.3546e-07
8.625	9.94473e-07
8.63	9.72431e-07
8.635	8.83788e-07
8.64	9.46942e-07
8.645	6.21031e-07
8.65	9.24595e-07
8.655	9.69203e-07
8.66	9.80904e-07
8.665	9.52668e-07
8.67	9.86936e-07
8.675	9.63721e-07
8.68	9.44092e-07
8.685	9.96304e-07
8.69	9.28194e-07
8.695	9.28023e-07
8.7	8.36046e-07
8.705	8.21167e-07
8.71	9.19751e-07
8.715	9.73318e-07
8.72	7.84744e-07
8.725	7.8187e-07
8.73	9.62053e-07
8.735	8.44791e-07
8.74	9.31168e-07
8.745	9.05442e-07
8.75	9.01542e-07
8.755	7.74242e-07
8.76	9.58299e-07
8.765	9.92645e-07
8.77	9.95463e-07
8.775	8.56083e-07
8.78	9.20997e-07
8.785	9.06667e-07
8.79	8.72819e-07
8.795	8.16492e-07
8.8	9.6669e-07
8.805	9.36523e-07
8.81	6.31519e-07
8.815	7.48399e-07
8.82	9.28735e-07
8.825	9.38103e-07
8.83	7.94998e-07
8.835	9.77758e-07
8.84	9.39082e-07
8.845	9.17015e-07
8.85	8.13406e-07
8.855	9.22689e-07
8.86	8.62325e-07
8.865	8.30759e-07
8.87	9.5983e-07
8.875	9.48908e-07
8.88	7.47941e-07
8.885	6.65524e-07
8.89	8.58257e-07
8.895	9.40152e-07
8.9	7.6642e-07
8.905	9.84942e-07
8.91	6.77898e-07
8.915	9.51882e-07
8.92	9.68047e-07
8.925	8.37306e-07
8.93	8.3105e-07
8.935	8.93403e-07
8.94	8.93544e-07
8.945	9.23514e-07
8.95	9.98391e-07
8.955	6.5625e-07
8.96	9.69408e-07
8.965	8.43029e-07
8.97	8.12863e-07
8.975	8.97809e-07
8.98	8.61928e-07
8.985	9.22219e-07
8.99	8.98029e-07
8.995	9.26213e-07
9	9.96392e-07
9.005	8.56232e-07
9.01	8.63613e-07
9.015	9.80474e-07
9.02	6.39334e-07
9.025	7.74331e-07
9.03	8.35664e-07
9.035	9.74559e-07
9.04	9.67675e-07
9.045	6.90057e-07
9.05	9.3094e-07
9.055	8.61362e-07
9.06	9.59664e-07
9.065	9.7902e-07
9.07	6.47045e-07
9.075	7.02594e-07
9.08	9.33295e-07
9.085	9.33629e-07
9.09	9.09235e-07
9.095	8.49068e-07
9.1	8.55897e-07
9.105	9.48829e-07
9.11	7.33996e-07
9.115	7.53575e-07
9.12	9.59027e-07
9.125	8.9828e-07
9.13	7.71057e-07
9.135	7.99254e-07
9.14	8.12198e-07
9.145	7.74534e-07
9.15	7.53664e-07
9.155	9.71262e-07
9.16	9.55227e-07
9.165	8.59355e-07
9.17	8.78379e-07
9.175	9.87232e-07
9.18	9.78729e-07
9.185	8.52552e-07
9.19	8.1435e-07
9.195	8.2981e-07
9.2	8.26709e-07
9.205	9.19338e-07
9.21	7.52143e-07
9.215	7.936e-07
9.22	8.65528e-07
9.225	7.89526e-07
9.23	6.91004e-07
9.235	8.24042e-07
9.24	9.1024e-07
9.245	9.37544e-07
9.25	7.86528e-07
9.255	8.43895e-07
9.26	7.23412e-07
9.265	8.96501e-07
9.27	9.66467e-07
9.275	7.7919e-07
9.28	7.53979e-07
9.285	8.32434e-07
9.29	8.87281e-07
9.295	8.7537e-07
9.3	9.4092e-07
9.305	7.76783e-07
9.31	9.17003e-07
9.315	9.18608e-07
9.32	9.48146e-07
9.325	9.18314e-07
9.33	8.70443e-07
9.335	9.70558e-07
9.34	6.0736e-07
9.345	9.02044e-07
9.35	9.22696e-07
9.355	8.24413e-07
9.36	8.98334e-07
9.365	8.89587e-07
9.37	8.37229e-07
9.375	8.57136e-07
9.38	8.94784e-07
9.385	7.28569e-07
9.39	9.58945e-07
9.395	9.27201e-07
9.4	9.13358e-07
9.405	8.63874e-07
9.41	7.90754e-07
9.415	7.87574e-07
9.42	6.6197e-07
9.425	8.72152e-07
9.43	7.99375e-07
9.435	7.82069e-07
9.44	8.58876e-07
9.445	6.9022e-07
9.45	7.14395e-07
9.455	9.29576e-07
9.46	7.47964e-07
9.465	8.51767e-07
9.47	6.43586e-07
9.475	9.403e-07
9.48	8.46148e-07
9.485	9.74407e-07
9.49	9.15348e-07
9.495	6.61524e-07
9.5	7.21156e-07
9.505	9.2596e-07
9.51	8.60346e-07
9.515	8.34996e-07
9.52	7.97786e-07
9.525	9.44649e-07
9.53	8.68561e-07
9.535	7.39038e-07
9.54	9.12674e-07
9.545	8.76842e-07
9.55	6.25845e-07
9.555	9.72908e-07
9.56	9.43611e-07
9.565	9.92085e-07
9.57	9.85899e-07
9.575	9.62843e-07
9.58	8.88681e-07
9.585	8.91414e-07
9.59	9.2363e-07
9.595	9.17119e-07
9.6	7.66167e-07
9.605	9.22877e-07
9.61	7.87814e-07
9.615	6.63585e-07
9.62	7.18849e-07
9.625	9.99926e-07
9.63	8.62299e-07
9.635	9.41286e-07
9.64	6.47675e-07
9.645	9.90271e-07
9.65	9.00643e-07
9.655	6.60397e-07
9.66	7.47841e-07
9.665	9.21418e-07
9.67	9.39173e-07
9.675	9.65618e-07
9.68	8.7521e-07
9.685	8.92842e-07
9.69	9.63485e-07
9.695	7.82113e-07
9.7	9.44377e-07
9.705	8.93886e-07
9.71	7.32632e-07
9.715	9.3288e-07
9.72	9.94057e-07
9.725	8.77433e-07
9.73	9.20771e-07
9.735	9.74314e-07
9.74	9.54185e-07
9.745	8.46149e-07
9.75	9.23301e-07
9.755	9.74224e-07
9.76	9.18224e-07
9.765	8.63556e-07
9.77	8.47537e-07
9.775	8.8841e-07
9.78	7.76388e-07
9.785	8.1834e-07
9.79	9.50429e-07
9.795	9.0959e-07
9.8	7.27756e-07
9.805	8.13828e-07
9.81	9.08945e-07
9.815	6.81464e-07
9.82	9.3601e-07
9.825	8.67937e-07
9.83	8.04592e-07
9.835	8.70374e-07
9.84	9.35395e-07
9.845	9.83993e-07
9.85	8.1251e-07
9.855	7.5604e-07
9.86	8.22596e-07
9.865	7.01201e-07
9.87	9.99779e-07
9.875	9.57124e-07
9.88	8.49129e-07
9.885	8.34216e-07
9.89	7.53646e-07
9.895	8.98136e-07
9.9	7.2488e-07
9.905	9.91893e-07
9.91	9.91708e-07
9.915	7.38187e-07
9.92	7.65774e-07
9.925	8.97296e-07
9.93	9.47528e-07
9.935	9.95913e-07
9.94	5.60348e-07
9.945	7.52017e-07
9.95	7.63832e-07
9.955	8.49267e-07
9.96	9.41223e-07
9.965	9.90567e-07
9.97	9.91984e-07
9.975	6.55278e-07
9.98	8.34621e-07
9.985	9.93889e-07
9.99	6.18512e-07
9.995	7.80937e-07
10	9.18127e-07
