0.005	112
0.01	108
0.015	109
0.02	108
0.025	108
0.03	108
0.035	108
0.04	108
0.045	107
0.05	108
0.055	108
0.06	108
0.065	107
0.07	107
0.075	57
0.08	107
0.085	56
0.09	107
0.095	56
0.1	107
0.105	56
0.11	107
0.115	56
0.12	106
0.125	56
0.13	105
0.135	56
0.14	105
0.145	56
0.15	105
0.155	56
0.16	105
0.165	55
0.17	104
0.175	55
0.18	104
0.185	55
0.19	104
0.195	55
0.2	104
0.205	55
0.21	104
0.215	55
0.22	104
0.225	55
0.23	104
0.235	55
0.24	104
0.245	55
0.25	104
0.255	55
0.26	104
0.265	55
0.27	104
0.275	55
0.28	104
0.285	55
0.29	104
0.295	55
0.3	105
0.305	55
0.31	105
0.315	55
0.32	105
0.325	55
0.33	105
0.335	55
0.34	105
0.345	55
0.35	105
0.355	56
0.36	57
0.365	105
0.37	55
0.375	56
0.38	105
0.385	55
0.39	56
0.395	105
0.4	55
0.405	56
0.41	105
0.415	55
0.42	56
0.425	105
0.43	55
0.435	55
0.44	105
0.445	55
0.45	55
0.455	105
0.46	54
0.465	55
0.47	105
0.475	54
0.48	55
0.485	105
0.49	54
0.495	55
0.5	56
0.505	104
0.51	54
0.515	54
0.52	55
0.525	104
0.53	54
0.535	54
0.54	55
0.545	104
0.55	53
0.555	54
0.56	55
0.565	104
0.57	53
0.575	54
0.58	54
0.585	104
0.59	53
0.595	53
0.6	54
0.605	104
0.61	53
0.615	53
0.62	54
0.625	104
0.63	53
0.635	53
0.64	54
0.645	55
0.65	104
0.655	53
0.66	53
0.665	53
0.67	54
0.675	103
0.68	52
0.685	52
0.69	53
0.695	54
0.7	103
0.705	52
0.71	52
0.715	53
0.72	54
0.725	103
0.73	52
0.735	52
0.74	52
0.745	53
0.75	103
0.755	52
0.76	52
0.765	52
0.77	53
0.775	55
0.78	103
0.785	52
0.79	52
0.795	52
0.8	52
0.805	54
0.81	103
0.815	51
0.82	52
0.825	52
0.83	52
0.835	53
0.84	103
0.845	51
0.85	51
0.855	51
0.86	52
0.865	53
0.87	102
0.875	51
0.88	51
0.885	51
0.89	52
0.895	52
0.9	102
0.905	51
0.91	51
0.915	51
0.92	51
0.925	52
0.93	102
0.935	51
0.94	51
0.945	51
0.95	51
0.955	52
0.96	102
0.965	50
0.97	50
0.975	51
0.98	51
0.985	52
0.99	53
0.995	102
1	50
1.005	50
1.01	50
1.015	50
1.02	51
1.025	52
1.03	102
1.035	50
1.04	50
1.045	50
1.05	50
1.055	51
1.06	52
1.065	102
1.07	50
1.075	50
1.08	50
1.085	50
1.09	50
1.095	51
1.1	101
1.105	50
1.11	49
1.115	50
1.12	50
1.125	50
1.13	51
1.135	53
1.14	101
1.145	49
1.15	49
1.155	49
1.16	49
1.165	50
1.17	50
1.175	51
1.18	101
1.185	49
1.19	49
1.195	49
1.2	49
1.205	49
1.21	50
1.215	50
1.22	101
1.225	49
1.23	49
1.235	49
1.24	49
1.245	49
1.25	49
1.255	50
1.26	100
1.265	49
1.27	49
1.275	49
1.28	49
1.285	49
1.29	49
1.295	50
1.3	100
1.305	49
1.31	48
1.315	48
1.32	49
1.325	49
1.33	49
1.335	49
1.34	53
1.345	100
1.35	48
1.355	48
1.36	48
1.365	48
1.37	48
1.375	49
1.38	49
1.385	50
1.39	100
1.395	48
1.4	48
1.405	48
1.41	48
1.415	48
1.42	48
1.425	49
1.43	49
1.435	99
1.44	48
1.445	48
1.45	47
1.455	47
1.46	48
1.465	48
1.47	49
1.475	49
1.48	99
1.485	47
1.49	47
1.495	47
1.5	47
1.505	47
1.51	48
1.515	48
1.52	49
1.525	50
1.53	98
1.535	47
1.54	47
1.545	46
1.55	46
1.555	47
1.56	47
1.565	47
1.57	48
1.575	49
1.58	98
1.585	46
1.59	46
1.595	46
1.6	46
1.605	46
1.61	46
1.615	47
1.62	48
1.625	49
1.63	94
1.635	46
1.64	46
1.645	46
1.65	46
1.655	46
1.66	46
1.665	46
1.67	47
1.675	49
1.68	94
1.685	46
1.69	46
1.695	45
1.7	45
1.705	45
1.71	46
1.715	46
1.72	47
1.725	49
1.73	93
1.735	45
1.74	44
1.745	43
1.75	43
1.755	43
1.76	44
1.765	46
1.77	46
1.775	49
1.78	92
1.785	43
1.79	42
1.795	41
1.8	41
1.805	41
1.81	42
1.815	42
1.82	46
1.825	49
1.83	91
1.835	41
1.84	40
1.845	40
1.85	40
1.855	40
1.86	40
1.865	40
1.87	40
1.875	42
1.88	91
1.885	40
1.89	39
1.895	39
1.9	39
1.905	39
1.91	39
1.915	39
1.92	39
1.925	39
1.93	40
1.935	90
1.94	39
1.945	38
1.95	39
1.955	38
1.96	38
1.965	38
1.97	39
1.975	39
1.98	39
1.985	39
1.99	39
1.995	40
2	90
2.005	39
2.01	38
2.015	38
2.02	38
2.025	38
2.03	38
2.035	38
2.04	38
2.045	38
2.05	38
2.055	38
2.06	39
2.065	39
2.07	90
2.075	38
2.08	37
2.085	37
2.09	37
2.095	37
2.1	37
2.105	37
2.11	37
2.115	37
2.12	37
2.125	38
2.13	38
2.135	38
2.14	39
2.145	89
2.15	37
2.155	37
2.16	37
2.165	37
2.17	37
2.175	37
2.18	37
2.185	37
2.19	37
2.195	37
2.2	37
2.205	37
2.21	37
2.215	38
2.22	39
2.225	89
2.23	37
2.235	37
2.24	37
2.245	37
2.25	37
2.255	37
2.26	37
2.265	37
2.27	37
2.275	37
2.28	37
2.285	37
2.29	37
2.295	37
2.3	38
2.305	39
2.31	89
2.315	37
2.32	37
2.325	36
2.33	37
2.335	36
2.34	37
2.345	36
2.35	37
2.355	36
2.36	37
2.365	37
2.37	37
2.375	37
2.38	37
2.385	37
2.39	37
2.395	89
2.4	36
2.405	36
2.41	36
2.415	36
2.42	36
2.425	36
2.43	36
2.435	36
2.44	36
2.445	37
2.45	36
2.455	37
2.46	37
2.465	37
2.47	37
2.475	37
2.48	88
2.485	36
2.49	36
2.495	36
2.5	36
2.505	36
2.51	36
2.515	36
2.52	36
2.525	36
2.53	36
2.535	36
2.54	37
2.545	37
2.55	37
2.555	37
2.56	37
2.565	88
2.57	36
2.575	36
2.58	36
2.585	36
2.59	36
2.595	36
2.6	36
2.605	36
2.61	36
2.615	36
2.62	36
2.625	36
2.63	37
2.635	37
2.64	37
2.645	37
2.65	88
2.655	36
2.66	35
2.665	36
2.67	36
2.675	36
2.68	36
2.685	36
2.69	36
2.695	36
2.7	36
2.705	36
2.71	36
2.715	37
2.72	37
2.725	37
2.73	37
2.735	88
2.74	35
2.745	35
2.75	35
2.755	35
2.76	35
2.765	35
2.77	35
2.775	35
2.78	35
2.785	36
2.79	36
2.795	36
2.8	36
2.805	37
2.81	37
2.815	37
2.82	37
2.825	87
2.83	35
2.835	35
2.84	35
2.845	35
2.85	35
2.855	35
2.86	35
2.865	35
2.87	35
2.875	35
2.88	35
2.885	36
2.89	36
2.895	36
2.9	37
2.905	37
2.91	37
2.915	87
2.92	35
2.925	35
2.93	35
2.935	35
2.94	35
2.945	35
2.95	35
2.955	35
2.96	35
2.965	35
2.97	35
2.975	35
2.98	35
2.985	36
2.99	37
2.995	37
3	37
3.005	87
3.01	35
3.015	34
3.02	34
3.025	35
3.03	34
3.035	34
3.04	34
3.045	34
3.05	35
3.055	34
3.06	35
3.065	35
3.07	35
3.075	35
3.08	36
3.085	37
3.09	37
3.095	37
3.1	87
3.105	34
3.11	34
3.115	34
3.12	34
3.125	34
3.13	34
3.135	34
3.14	34
3.145	34
3.15	34
3.155	34
3.16	35
3.165	34
3.17	35
3.175	35
3.18	36
3.185	37
3.19	37
3.195	37
3.2	86
3.205	34
3.21	34
3.215	34
3.22	34
3.225	34
3.23	34
3.235	34
3.24	34
3.245	34
3.25	34
3.255	34
3.26	34
3.265	34
3.27	34
3.275	35
3.28	35
3.285	36
3.29	37
3.295	37
3.3	37
3.305	86
3.31	34
3.315	34
3.32	34
3.325	34
3.33	34
3.335	34
3.34	34
3.345	34
3.35	34
3.355	34
3.36	34
3.365	34
3.37	34
3.375	34
3.38	34
3.385	34
3.39	35
3.395	34
3.4	37
3.405	37
3.41	37
3.415	85
3.42	34
3.425	34
3.43	34
3.435	34
3.44	34
3.445	34
3.45	34
3.455	34
3.46	34
3.465	34
3.47	34
3.475	34
3.48	34
3.485	34
3.49	34
3.495	34
3.5	34
3.505	34
3.51	35
3.515	35
3.52	37
3.525	85
3.53	33
3.535	33
3.54	33
3.545	33
3.55	33
3.555	33
3.56	33
3.565	33
3.57	33
3.575	33
3.58	33
3.585	34
3.59	34
3.595	34
3.6	34
3.605	34
3.61	34
3.615	34
3.62	34
3.625	35
3.63	37
3.635	37
3.64	83
3.645	31
3.65	33
3.655	31
3.66	33
3.665	31
3.67	31
3.675	31
3.68	31
3.685	31
3.69	31
3.695	31
3.7	31
3.705	31
3.71	33
3.715	31
3.72	34
3.725	31
3.73	34
3.735	34
3.74	34
3.745	34
3.75	37
3.755	37
3.76	37
3.765	81
3.77	30
3.775	31
3.78	30
3.785	31
3.79	31
3.795	31
3.8	31
3.805	30
3.81	31
3.815	30
3.82	31
3.825	30
3.83	31
3.835	31
3.84	30
3.845	31
3.85	31
3.855	31
3.86	31
3.865	31
3.87	34
3.875	31
3.88	34
3.885	37
3.89	37
3.895	37
3.9	80
3.905	29
3.91	30
3.915	30
3.92	30
3.925	30
3.93	30
3.935	30
3.94	30
3.945	30
3.95	30
3.955	30
3.96	30
3.965	30
3.97	30
3.975	30
3.98	30
3.985	30
3.99	30
3.995	30
4	30
4.005	30
4.01	30
4.015	31
4.02	31
4.025	31
4.03	31
4.035	34
4.04	80
4.045	27
4.05	30
4.055	28
4.06	29
4.065	28
4.07	29
4.075	28
4.08	29
4.085	28
4.09	29
4.095	28
4.1	28
4.105	28
4.11	28
4.115	28
4.12	29
4.125	29
4.13	28
4.135	29
4.14	28
4.145	29
4.15	29
4.155	30
4.16	29
4.165	30
4.17	30
4.175	30
4.18	31
4.185	37
4.19	31
4.195	80
4.2	26
4.205	29
4.21	27
4.215	27
4.22	27
4.225	27
4.23	27
4.235	27
4.24	27
4.245	27
4.25	27
4.255	27
4.26	27
4.265	27
4.27	27
4.275	27
4.28	27
4.285	27
4.29	27
4.295	27
4.3	27
4.305	27
4.31	27
4.315	27
4.32	27
4.325	27
4.33	27
4.335	27
4.34	29
4.345	27
4.35	30
4.355	27
4.36	37
4.365	27
4.37	80
4.375	26
4.38	27
4.385	27
4.39	26
4.395	27
4.4	26
4.405	26
4.41	27
4.415	26
4.42	26
4.425	26
4.43	26
4.435	26
4.44	26
4.445	26
4.45	26
4.455	26
4.46	26
4.465	26
4.47	26
4.475	26
4.48	26
4.485	26
4.49	26
4.495	26
4.5	26
4.505	27
4.51	27
4.515	26
4.52	27
4.525	27
4.53	27
4.535	27
4.54	27
4.545	27
4.55	27
4.555	27
4.56	27
4.565	27
4.57	73
4.575	25
4.58	26
4.585	26
4.59	26
4.595	26
4.6	26
4.605	26
4.61	26
4.615	26
4.62	26
4.625	26
4.63	26
4.635	26
4.64	26
4.645	26
4.65	26
4.655	26
4.66	26
4.665	26
4.67	26
4.675	26
4.68	26
4.685	26
4.69	26
4.695	26
4.7	26
4.705	26
4.71	26
4.715	26
4.72	26
4.725	26
4.73	26
4.735	26
4.74	26
4.745	26
4.75	26
4.755	26
4.76	26
4.765	26
4.77	26
4.775	26
4.78	26
4.785	26
4.79	26
4.795	27
4.8	27
4.805	26
4.81	27
4.815	27
4.82	71
4.825	23
4.83	26
4.835	26
4.84	25
4.845	25
4.85	25
4.855	25
4.86	25
4.865	25
4.87	25
4.875	25
4.88	25
4.885	25
4.89	25
4.895	25
4.9	25
4.905	25
4.91	25
4.915	25
4.92	25
4.925	25
4.93	25
4.935	25
4.94	25
4.945	25
4.95	25
4.955	25
4.96	25
4.965	25
4.97	25
4.975	25
4.98	25
4.985	25
4.99	25
4.995	25
5	25
5.005	25
5.01	25
5.015	25
5.02	25
5.025	25
5.03	25
5.035	25
5.04	25
5.045	25
5.05	25
5.055	25
5.06	25
5.065	26
5.07	26
5.075	26
5.08	26
5.085	26
5.09	26
5.095	26
5.1	26
5.105	26
5.11	26
5.115	26
5.12	26
5.125	27
5.13	26
5.135	27
5.14	70
5.145	17
5.15	25
5.155	25
5.16	24
5.165	25
5.17	25
5.175	24
5.18	25
5.185	24
5.19	25
5.195	24
5.2	24
5.205	24
5.21	24
5.215	24
5.22	24
5.225	24
5.23	24
5.235	24
5.24	24
5.245	24
5.25	24
5.255	24
5.26	24
5.265	24
5.27	24
5.275	24
5.28	24
5.285	24
5.29	24
5.295	24
5.3	24
5.305	24
5.31	24
5.315	24
5.32	24
5.325	24
5.33	24
5.335	24
5.34	24
5.345	24
5.35	24
5.355	24
5.36	24
5.365	24
5.37	24
5.375	24
5.38	24
5.385	24
5.39	24
5.395	25
5.4	19
5.405	25
5.41	16
5.415	25
5.42	16
5.425	25
5.43	16
5.435	25
5.44	16
5.445	25
5.45	16
5.455	25
5.46	16
5.465	25
5.47	16
5.475	25
5.48	16
5.485	25
5.49	16
5.495	25
5.5	16
5.505	26
5.51	16
5.515	26
5.52	16
5.525	26
5.53	16
5.535	26
5.54	16
5.545	26
5.55	16
5.555	26
5.56	16
5.565	26
5.57	16
5.575	26
5.58	16
5.585	26
5.59	16
5.595	69
5.6	16
5.605	16
5.61	24
5.615	15
5.62	24
5.625	15
5.63	24
5.635	15
5.64	24
5.645	15
5.65	24
5.655	15
5.66	24
5.665	15
5.67	24
5.675	15
5.68	24
5.685	15
5.69	23
5.695	15
5.7	24
5.705	15
5.71	23
5.715	15
5.72	23
5.725	15
5.73	23
5.735	15
5.74	23
5.745	15
5.75	23
5.755	15
5.76	23
5.765	15
5.77	23
5.775	15
5.78	23
5.785	15
5.79	23
5.795	15
5.8	23
5.805	15
5.81	23
5.815	15
5.82	23
5.825	15
5.83	23
5.835	14
5.84	23
5.845	14
5.85	22
5.855	15
5.86	22
5.865	15
5.87	23
5.875	14
5.88	23
5.885	14
5.89	23
5.895	14
5.9	23
5.905	14
5.91	23
5.915	14
5.92	23
5.925	14
5.93	23
5.935	14
5.94	23
5.945	14
5.95	23
5.955	14
5.96	23
5.965	14
5.97	23
5.975	14
5.98	23
5.985	14
5.99	23
5.995	14
6	23
6.005	14
6.01	23
6.015	14
6.02	23
6.025	14
6.03	23
6.035	14
6.04	23
6.045	14
6.05	23
6.055	14
6.06	23
6.065	14
6.07	23
6.075	14
6.08	24
6.085	14
6.09	24
6.095	14
6.1	24
6.105	14
6.11	24
6.115	14
6.12	24
6.125	14
6.13	24
6.135	14
6.14	24
6.145	14
6.15	24
6.155	14
6.16	24
6.165	14
6.17	25
6.175	14
6.18	25
6.185	14
6.19	25
6.195	14
6.2	25
6.205	14
6.21	25
6.215	14
6.22	67
6.225	13
6.23	14
6.235	17
6.24	15
6.245	22
6.25	13
6.255	15
6.26	19
6.265	14
6.27	19
6.275	14
6.28	15
6.285	17
6.29	15
6.295	15
6.3	17
6.305	14
6.31	15
6.315	16
6.32	15
6.325	15
6.33	16
6.335	14
6.34	15
6.345	16
6.35	14
6.355	15
6.36	16
6.365	14
6.37	15
6.375	16
6.38	14
6.385	15
6.39	16
6.395	14
6.4	14
6.405	16
6.41	14
6.415	14
6.42	15
6.425	14
6.43	14
6.435	15
6.44	14
6.445	14
6.45	15
6.455	14
6.46	14
6.465	15
6.47	14
6.475	14
6.48	15
6.485	14
6.49	14
6.495	15
6.5	14
6.505	14
6.51	15
6.515	14
6.52	14
6.525	15
6.53	14
6.535	14
6.54	14
6.545	14
6.55	14
6.555	14
6.56	13
6.565	13
6.57	14
6.575	13
6.58	13
6.585	14
6.59	13
6.595	13
6.6	14
6.605	13
6.61	13
6.615	14
6.62	13
6.625	13
6.63	14
6.635	13
6.64	13
6.645	14
6.65	13
6.655	13
6.66	14
6.665	13
6.67	13
6.675	14
6.68	13
6.685	13
6.69	14
6.695	13
6.7	13
6.705	14
6.71	13
6.715	13
6.72	14
6.725	13
6.73	13
6.735	14
6.74	13
6.745	13
6.75	14
6.755	13
6.76	13
6.765	14
6.77	13
6.775	13
6.78	14
6.785	13
6.79	13
6.795	14
6.8	12
6.805	12
6.81	14
6.815	12
6.82	12
6.825	14
6.83	12
6.835	12
6.84	14
6.845	12
6.85	12
6.855	14
6.86	12
6.865	12
6.87	13
6.875	12
6.88	12
6.885	13
6.89	12
6.895	12
6.9	13
6.905	12
6.91	12
6.915	13
6.92	12
6.925	12
6.93	13
6.935	12
6.94	12
6.945	13
6.95	12
6.955	12
6.96	14
6.965	12
6.97	12
6.975	14
6.98	12
6.985	12
6.99	13
6.995	12
7	12
7.005	13
7.01	12
7.015	12
7.02	14
7.025	12
7.03	12
7.035	14
7.04	12
7.045	12
7.05	14
7.055	11
7.06	11
7.065	13
7.07	11
7.075	11
7.08	13
7.085	11
7.09	11
7.095	15
7.1	7
7.105	14
7.11	9
7.115	11
7.12	14
7.125	10
7.13	10
7.135	12
7.14	15
7.145	7
7.15	14
7.155	10
7.16	11
7.165	17
7.17	7
7.175	10
7.18	14
7.185	11
7.19	11
7.195	23
7.2	11
7.205	11
7.21	10
7.215	23
7.22	11
7.225	10
7.23	14
7.235	15
7.24	7
7.245	16
7.25	7
7.255	22
7.26	10
7.265	11
7.27	10
7.275	63
7.28	8
7.285	12
7.29	5
7.295	14
7.3	8
7.305	17
7.31	7
7.315	9
7.32	11
7.325	9
7.33	10
7.335	11
7.34	10
7.345	10
7.35	11
7.355	10
7.36	10
7.365	9
7.37	11
7.375	9
7.38	10
7.385	11
7.39	9
7.395	9
7.4	11
7.405	9
7.41	9
7.415	11
7.42	9
7.425	9
7.43	11
7.435	8
7.44	9
7.445	11
7.45	8
7.455	9
7.46	10
7.465	9
7.47	10
7.475	9
7.48	9
7.485	8
7.49	10
7.495	9
7.5	9
7.505	10
7.51	9
7.515	9
7.52	10
7.525	9
7.53	9
7.535	11
7.54	8
7.545	9
7.55	10
7.555	9
7.56	8
7.565	11
7.57	7
7.575	8
7.58	10
7.585	7
7.59	11
7.595	7
7.6	9
7.605	10
7.61	8
7.615	9
7.62	10
7.625	9
7.63	8
7.635	10
7.64	8
7.645	9
7.65	10
7.655	8
7.66	9
7.665	10
7.67	9
7.675	8
7.68	8
7.685	11
7.69	5
7.695	11
7.7	4
7.705	12
7.71	4
7.715	10
7.72	5
7.725	12
7.73	5
7.735	10
7.74	4
7.745	11
7.75	4
7.755	12
7.76	4
7.765	10
7.77	5
7.775	11
7.78	4
7.785	11
7.79	5
7.795	10
7.8	4
7.805	11
7.81	4
7.815	10
7.82	4
7.825	11
7.83	4
7.835	9
7.84	9
7.845	7
7.85	9
7.855	6
7.86	10
7.865	4
7.87	11
7.875	4
7.88	10
7.885	4
7.89	11
7.895	4
7.9	9
7.905	9
7.91	6
7.915	9
7.92	7
7.925	8
7.93	9
7.935	7
7.94	9
7.945	7
7.95	7
7.955	9
7.96	6
7.965	9
7.97	8
7.975	7
7.98	9
7.985	4
7.99	11
7.995	4
8	10
8.005	3
8.01	9
8.015	4
8.02	11
8.025	4
8.03	9
8.035	9
8.04	6
8.045	9
8.05	4
8.055	10
8.06	3
8.065	10
8.07	3
8.075	9
8.08	3
8.085	11
8.09	3
8.095	9
8.1	8
8.105	6
8.11	8
8.115	5
8.12	8
8.125	3
8.13	11
8.135	3
8.14	6
8.145	8
8.15	4
8.155	10
8.16	3
8.165	10
8.17	2
8.175	9
8.18	3
8.185	9
8.19	3
8.195	9
8.2	4
8.205	10
8.21	3
8.215	9
8.22	8
8.225	6
8.23	8
8.235	3
8.24	10
8.245	3
8.25	9
8.255	3
8.26	9
8.265	4
8.27	10
8.275	3
8.28	9
8.285	4
8.29	10
8.295	3
8.3	8
8.305	8
8.31	5
8.315	8
8.32	4
8.325	7
8.33	3
8.335	10
8.34	2
8.345	8
8.35	8
8.355	4
8.36	8
8.365	7
8.37	6
8.375	8
8.38	3
8.385	7
8.39	8
8.395	5
8.4	7
8.405	5
8.41	7
8.415	4
8.42	10
8.425	3
8.43	5
8.435	8
8.44	3
8.445	10
8.45	2
8.455	8
8.46	2
8.465	10
8.47	3
8.475	6
8.48	7
8.485	4
8.49	7
8.495	7
8.5	6
8.505	8
8.51	3
8.515	7
8.52	7
8.525	4
8.53	7
8.535	6
8.54	6
8.545	8
8.55	4
8.555	7
8.56	7
8.565	5
8.57	8
8.575	3
8.58	7
8.585	3
8.59	9
8.595	2
8.6	8
8.605	7
8.61	4
8.615	8
8.62	4
8.625	6
8.63	7
8.635	4
8.64	6
8.645	9
8.65	4
8.655	5
8.66	8
8.665	3
8.67	7
8.675	7
8.68	4
8.685	5
8.69	9
8.695	3
8.7	5
8.705	7
8.71	3
8.715	6
8.72	9
8.725	4
8.73	5
8.735	8
8.74	2
8.745	5
8.75	8
8.755	4
8.76	3
8.765	7
8.77	2
8.775	8
8.78	5
8.785	3
8.79	7
8.795	6
8.8	4
8.805	8
8.81	4
8.815	7
8.82	1
8.825	8
8.83	4
8.835	5
8.84	7
8.845	3
8.85	7
8.855	1
8.86	8
8.865	4
8.87	2
8.875	10
8.88	3
8.885	2
8.89	8
8.895	2
8.9	8
8.905	1
8.91	6
8.915	5
8.92	9
8.925	3
8.93	5
8.935	8
8.94	3
8.945	5
8.95	7
8.955	4
8.96	6
8.965	4
8.97	8
8.975	2
8.98	4
8.985	8
8.99	1
8.995	3
9	7
9.005	2
9.01	4
9.015	9
9.02	2
9.025	3
9.03	6
9.035	4
9.04	8
9.045	2
9.05	7
9.055	3
9.06	6
9.065	4
9.07	10
9.075	2
9.08	1
9.085	7
9.09	7
9.095	4
9.1	6
9.105	3
9.11	8
9.115	2
9.12	3
9.125	5
9.13	9
9.135	4
9.14	2
9.145	8
9.15	4
9.155	2
9.16	9
9.165	2
9.17	1
9.175	3
9.18	7
9.185	5
9.19	5
9.195	4
9.2	8
9.205	2
9.21	2
9.215	4
9.22	7
9.225	3
9.23	2
9.235	7
9.24	2
9.245	1
9.25	8
9.255	3
9.26	2
9.265	4
9.27	6
9.275	4
9.28	8
9.285	2
9.29	2
9.295	5
9.3	4
9.305	9
9.31	1
9.315	1
9.32	3
9.325	7
9.33	5
9.335	4
9.34	9
9.345	2
9.35	1
9.355	3
9.36	6
9.365	3
9.37	7
9.375	2
9.38	4
9.385	2
9.39	8
9.395	2
9.4	1
9.405	8
9.41	4
9.415	3
9.42	7
9.425	2
9.43	6
9.435	4
9.44	3
9.445	7
9.45	4
9.455	3
9.46	8
9.465	1
9.47	1
9.475	7
9.48	3
9.485	2
9.49	8
9.495	6
9.5	4
9.505	2
9.51	7
9.515	4
9.52	2
9.525	5
9.53	4
9.535	9
9.54	1
9.545	1
9.55	3
9.555	2
9.56	7
9.565	4
9.57	3
9.575	6
9.58	4
9.585	3
9.59	6
9.595	3
9.6	2
9.605	8
9.61	2
9.615	1
9.62	1
9.625	4
9.63	8
9.635	3
9.64	2
9.645	1
9.65	6
9.655	5
9.66	4
9.665	3
9.67	8
9.675	1
9.68	1
9.685	2
9.69	2
9.695	10
9.7	2
9.705	1
9.71	1
9.715	3
9.72	6
9.725	3
9.73	7
9.735	3
9.74	2
9.745	5
9.75	1
9.755	5
9.76	4
9.765	3
9.77	2
9.775	6
9.78	4
9.785	3
9.79	2
9.795	6
9.8	4
9.805	3
9.81	2
9.815	10
9.82	2
9.825	2
9.83	1
9.835	1
9.84	4
9.845	3
9.85	8
9.855	2
9.86	1
9.865	1
9.87	3
9.875	9
9.88	4
9.885	2
9.89	6
9.895	2
9.9	1
9.905	4
9.91	6
9.915	4
9.92	2
9.925	1
9.93	8
9.935	5
9.94	3
9.945	2
9.95	5
9.955	3
9.96	7
9.965	1
9.97	4
9.975	3
9.98	2
9.985	6
9.99	4
9.995	2
10	2
